study	panel	contrast	n_a	n_b	delta	SE	df	CI_low	CI_high	single_drop_min	single_drop_max	paired_drop_min	paired_drop_max	all_single_drop_same_sign	all_paired_drop_same_sign	inference
Nb2	AT1_associated	CHIR_vs_withdraw48	3	3	-2.433840257668904	0.2977039208355032	2.125131942580817	-3.6451264143165543	-1.2225541010212537	-2.648676355549183	-2.1536895721432376	-2.697547017581414	-2.1141881633722512	True	True	conditional_independence; influence ranges not CIs
Nb2	AT1_associated	Fzd5_vs_withdraw48	3	3	-0.2581595905534373	0.23741631630131887	2.200034873718099	-1.1956377616031544	0.6793185804962798	-0.48883691505267546	-0.124176451871012	-0.5377075770849062	-0.0846750431000256	True	True	conditional_independence; influence ranges not CIs
Nb2	AT1_associated	Fzd6_vs_withdraw48	3	3	-0.808455592204405	0.4460114123431132	2.0548420414334942	-2.6792326237397948	1.0623214393309848	-1.0616465872443035	-0.36706312507747807	-1.1105172492765343	-0.32756171630649167	True	True	conditional_independence; influence ranges not CIs
Nb2	AT1_associated	Wnt_vs_withdraw48	3	3	-0.0518878344718221	0.056124726201401916	2.662980089280611	-0.24399644358833136	0.14022077464468716	-0.10075849650405289	-0.012386425700835701	-0.11629938032777787	0.008155330213611478	True	False	conditional_independence; influence ranges not CIs
Nb2	AT1_associated	withdraw24_vs_withdraw48	3	3	-1.8633251735491791	0.8396527361837851	2.0153259431140276	-5.449858746859502	1.7232083997611438	-2.32197263795966	-1.0265673521840135	-2.3708432999918907	-0.9870659434130271	True	True	conditional_independence; influence ranges not CIs
Nb2	AT1_associated	Fzd5_vs_CHIR	3	3	2.1756806671154667	0.37364709372375265	3.7972408257691135	1.1160542468304897	3.235307087400444	1.8955299815898004	2.3905167649957457	1.6648526570905622	2.524499903678171	True	True	conditional_independence; influence ranges not CIs
Nb2	AT1_associated	Fzd6_vs_CHIR	3	3	1.625384665464499	0.5311984782945236	3.469824272416377	0.05727127580248115	3.1934980551265166	1.3452339799388326	2.066777132591426	1.0920429848989341	2.281613230471705	True	True	conditional_independence; influence ranges not CIs
Nb2	AT1_associated	Fzd6_vs_Fzd5	3	3	-0.5502960016509677	0.49991069813285033	3.0179464234576288	-2.1358962476028496	1.0353042443009142	-0.8034869966908662	-0.10890353452404078	-0.9374701353732915	0.12177378997519739	True	False	conditional_independence; influence ranges not CIs
Nb2	AT1_associated	Fzd5_vs_Wnt	3	3	-0.2062717560816152	0.23266824247962503	2.0342026174137455	-1.191404082522251	0.7788605703590206	-0.43694908058085336	-0.0722886173991899	-0.45749083649530053	-0.05674773357546492	True	True	conditional_independence; influence ranges not CIs
Nb2	AT1_associated	Fzd6_vs_Wnt	3	3	-0.7565677577325829	0.4435021800992282	2.0093559537841594	-2.6563143282243775	1.143178812759212	-1.0097587527724814	-0.31517529060565597	-1.0303005086869286	-0.299634406781931	True	True	conditional_independence; influence ranges not CIs
Nb2	AT2_identity	CHIR_vs_withdraw48	3	3	-0.2624612031534337	0.30175607989231096	2.0140206949863826	-1.5521896224751142	1.0272672161682468	-0.436840500945161	0.03744398384085912	-0.45210724348274844	0.05306102412475866	False	False	conditional_independence; influence ranges not CIs
Nb2	AT2_identity	Fzd5_vs_withdraw48	3	3	0.15817422745804066	0.08003269811792026	2.20843349822297	-0.1568345065850117	0.473182961501093	0.1169579977399593	0.23615217184594428	0.10169125520237188	0.2517692121298438	True	True	conditional_independence; influence ranges not CIs
Nb2	AT2_identity	Fzd6_vs_withdraw48	3	3	0.3024534783519126	0.0592604353029325	2.3944406380468743	0.08378455014118755	0.5211224065626376	0.24606277810375055	0.33386939467414933	0.23079603556616313	0.3494864349580489	True	True	conditional_independence; influence ranges not CIs
Nb2	AT2_identity	Wnt_vs_withdraw48	3	3	0.020929880422492886	0.023599594983123102	3.920759845355	-0.04511867473952569	0.08697843558451146	0.005663137884905467	0.03654692070639243	-0.0035266952475137003	0.051903893119408906	True	False	conditional_independence; influence ranges not CIs
Nb2	AT2_identity	withdraw24_vs_withdraw48	3	3	-0.3599871314329395	0.4504557172256188	2.006279763783175	-2.292339742300957	1.572365479435078	-0.588535016514534	0.09009720256821296	-0.6038017590521214	0.1057142428521125	False	False	conditional_independence; influence ranges not CIs
Nb2	AT2_identity	Fzd5_vs_CHIR	3	3	0.42063543061147435	0.3111685187730441	2.267136476345999	-0.777841311523646	1.6191121727465947	0.12073024361718154	0.5950147284032017	0.07951401389910018	0.6729926727911053	True	True	conditional_independence; influence ranges not CIs
Nb2	AT2_identity	Fzd6_vs_CHIR	3	3	0.5649146815053463	0.30648395308673043	2.1406143040439884	-0.6741501323239649	1.8039794953346575	0.2650094945110535	0.7392939792970736	0.20861879426289143	0.7707098956193104	True	True	conditional_independence; influence ranges not CIs
Nb2	AT2_identity	Fzd6_vs_Fzd5	3	3	0.14427925089387195	0.09633750316324675	3.6456589062156013	-0.13376807760451948	0.42232657939226337	0.06630130650596833	0.1854954806119533	0.009910606257806265	0.21691139693419004	True	True	conditional_independence; influence ranges not CIs
Nb2	AT2_identity	Fzd5_vs_Wnt	3	3	0.13724434703554778	0.07953650864101956	2.1567327193255945	-0.1822121863070969	0.45670088037819245	0.09602811731746641	0.2152222914234514	0.08067114490444993	0.22441212455587056	True	True	conditional_independence; influence ranges not CIs
Nb2	AT2_identity	Fzd6_vs_Wnt	3	3	0.2815235979294197	0.05858858789100376	2.29752342250881	0.05827538857493078	0.5047718072839087	0.22513289768125766	0.31293951425165645	0.20977592526824118	0.3221293473840756	True	True	conditional_independence; influence ranges not CIs
Nb2	ER_stress	CHIR_vs_withdraw48	3	3	1.5748773442203943	0.4384998729818473	2.5523074804610033	0.03013812197961996	3.1196165664611684	1.1663232233367395	1.8141359361582348	1.0219043360390314	1.9327989360059732	True	True	conditional_independence; influence ranges not CIs
Nb2	ER_stress	Fzd5_vs_withdraw48	3	3	1.1077183072155181	0.2912274007474987	3.350408549146173	0.23339797434479237	1.9820386400862438	0.9209691768256825	1.3412823042297939	0.7765502895279743	1.4599453040775323	True	True	conditional_independence; influence ranges not CIs
Nb2	ER_stress	Fzd6_vs_withdraw48	3	3	1.525766958522011	0.3135713351284823	3.1557202151707933	0.5551305805464382	2.496403336497584	1.2544926384058899	1.6888335727323573	1.1100737511081817	1.8074965725800958	True	True	conditional_independence; influence ranges not CIs
Nb2	ER_stress	Wnt_vs_withdraw48	3	3	0.15489878493353615	0.20115682663596832	3.883641436713225	-0.41026370866659434	0.7200612785336666	0.010479897635828017	0.2735617847812746	-0.11886144391664466	0.3390202124938373	True	False	conditional_independence; influence ranges not CIs
Nb2	ER_stress	withdraw24_vs_withdraw48	3	3	1.490340346195163	0.393618286515686	2.700663614540385	0.15534116211959836	2.8253395302707274	1.2092336977476394	1.8287200124941263	1.0648148104499313	1.9473830123418647	True	True	conditional_independence; influence ranges not CIs
Nb2	ER_stress	Fzd5_vs_CHIR	3	3	-0.46715903700487615	0.4791945532299277	3.2812794832874856	-1.9208169320265929	0.9864988580168406	-0.7064176289427166	-0.05860491612122143	-0.8931667593325523	0.17495908089305434	True	False	conditional_independence; influence ranges not CIs
Nb2	ER_stress	Fzd6_vs_CHIR	3	3	-0.04911038569838322	0.4930933006169773	3.4803116652161017	-1.5026741580430887	1.4044533866463222	-0.3203847058145044	0.3594437351852715	-0.5596432977523449	0.5225103493956178	False	False	conditional_independence; influence ranges not CIs
Nb2	ER_stress	Fzd6_vs_Fzd5	3	3	0.41804865130649294	0.3683371600237923	3.9607055279981407	-0.6086330763543653	1.4447303789673511	0.14677433119037175	0.6047977816963286	-0.08678966582390402	0.7678643959066749	True	False	conditional_independence; influence ranges not CIs
Nb2	ER_stress	Fzd5_vs_Wnt	3	3	0.952819522281982	0.27894327405834113	3.019162537715097	0.06827650237726568	1.8373625421866984	0.7660703918921463	1.1863835192962577	0.7006119641795836	1.3157248608487304	True	True	conditional_independence; influence ranges not CIs
Nb2	ER_stress	Fzd6_vs_Wnt	3	3	1.370868173588475	0.30219684546748926	2.8541689949208724	0.3807377448452749	2.3609986023316747	1.0995938534723537	1.5339347877988212	1.034135425759791	1.6632761293512939	True	True	conditional_independence; influence ranges not CIs
Nb2	Gaona_YT	CHIR_vs_withdraw48	3	3	0.6591822773538192	0.4776174227078618	2.389851497603564	-1.1057730302233553	2.4241375849309934	0.21336443966780472	0.9639186346583404	0.07843667973644486	1.0722944758463344	True	True	conditional_independence; influence ranges not CIs
Nb2	Gaona_YT	Fzd5_vs_withdraw48	3	3	0.2980332712126472	0.2245069852781943	3.861968152271229	-0.3341833981897274	0.9302499406150219	0.16310551128128736	0.46593203005919337	0.04265776146641631	0.5743078712471874	True	True	conditional_independence; influence ranges not CIs
Nb2	Gaona_YT	Fzd6_vs_withdraw48	3	3	0.6693038802043072	0.28160243167367977	3.239397815780538	-0.19055363866617392	1.5291613990747883	0.42758077102498904	0.8081789613443817	0.2926530110936292	0.9165548025323758	True	True	conditional_independence; influence ranges not CIs
Nb2	Gaona_YT	Wnt_vs_withdraw48	3	3	0.18170365880591532	0.2585847418431679	3.4749464223472564	-0.5811167816521532	0.9445240992639838	-0.00024021827656772743	0.37264537707379164	-0.13516797820792759	0.4810212182617857	False	False	conditional_independence; influence ranges not CIs
Nb2	Gaona_YT	withdraw24_vs_withdraw48	3	3	0.3287713149744915	0.3228345137081644	2.9209060285959754	-0.714551635193287	1.37209426514227	0.0851779504824326	0.58597620650394	-0.04974980944892726	0.694352047691934	True	False	conditional_independence; influence ranges not CIs
Nb2	Gaona_YT	Fzd5_vs_CHIR	3	3	-0.36114900614117196	0.48749087368188865	2.5653861120736052	-2.072390407073497	1.3500923947911532	-0.6658853634456932	0.0846688315448425	-0.7863331132605642	0.25256759039138865	False	False	conditional_independence; influence ranges not CIs
Nb2	Gaona_YT	Fzd6_vs_CHIR	3	3	0.01012160285048802	0.5162788926626356	3.0494120240472395	-1.6179490896546307	1.6381922953556067	-0.2946147544540332	0.4559394405365025	-0.5363378636333513	0.594814521676577	False	False	conditional_independence; influence ranges not CIs
Nb2	Gaona_YT	Fzd6_vs_Fzd5	3	3	0.37127060899166	0.2980417403209831	3.6172127432856387	-0.49193228326233873	1.2344735012456587	0.12954749981234182	0.5101456901317345	-0.03835125903420433	0.6305934399466055	True	False	conditional_independence; influence ranges not CIs
Nb2	Gaona_YT	Fzd5_vs_Wnt	3	3	0.1163296124067319	0.27639648724817145	3.8224920896627244	-0.6653307094274894	0.8979899342409532	-0.07461210586114442	0.29827348948921495	-0.19505985567601547	0.4661722483357611	False	False	conditional_independence; influence ranges not CIs
Nb2	Gaona_YT	Fzd6_vs_Wnt	3	3	0.4876002213983919	0.324486611817737	3.9449863604021242	-0.4182955356033352	1.3934959784001189	0.2458771122190737	0.6695440984808749	0.0549353939511974	0.8084191796209494	True	True	conditional_independence; influence ranges not CIs
Nb2	Gaona_YT_disjoint	CHIR_vs_withdraw48	3	3	0.6873577008014196	0.47612279560650017	2.416623952426838	-1.0573731037239842	2.4320885053268233	0.24803789772209495	1.0022501797219525	0.10908115772288829	1.113168806125934	True	True	conditional_independence; influence ranges not CIs
Nb2	Gaona_YT_disjoint	Fzd5_vs_withdraw48	3	3	0.31558385814332723	0.23145083007087983	3.8554647745704953	-0.3366398737890114	0.9678075900756659	0.17662711814412058	0.48966638561243814	0.05423696852071158	0.6005850120164196	True	True	conditional_independence; influence ranges not CIs
Nb2	Gaona_YT_disjoint	Fzd6_vs_withdraw48	3	3	0.6909907312325168	0.28050943850412574	3.323882409599608	-0.15446735278445078	1.5364488152494844	0.45302664083733646	0.8285456339096351	0.3140699008381298	0.9394642603136165	True	True	conditional_independence; influence ranges not CIs
Nb2	Gaona_YT_disjoint	Wnt_vs_withdraw48	3	3	0.19763479834824071	0.26454988146470626	3.488825061144217	-0.5813264528877582	0.9765960495842396	0.012697785366131864	0.39325212555440636	-0.1262589546330748	0.5041707519583878	True	False	conditional_independence; influence ranges not CIs
Nb2	Gaona_YT_disjoint	withdraw24_vs_withdraw48	3	3	0.3502224601088151	0.32949063571347476	2.9357214154868165	-0.7114726854050641	1.4119176056226943	0.09981380609015211	0.6103180849001293	-0.039142933909054545	0.7212367113041107	True	False	conditional_independence; influence ranges not CIs
Nb2	Gaona_YT_disjoint	Fzd5_vs_CHIR	3	3	-0.3717738426580923	0.48689321120611856	2.608741428414447	-2.0614249211790074	1.3178772358628226	-0.6866663215786253	0.06754596042123229	-0.8090564712020343	0.2416284878903432	False	False	conditional_independence; influence ranges not CIs
Nb2	Gaona_YT_disjoint	Fzd6_vs_CHIR	3	3	0.003633030431097195	0.5120361876547463	3.033320734310171	-1.6158147752874898	1.6230808361496842	-0.31125944848943576	0.4429528335104218	-0.5492235388846161	0.5805077361875401	False	False	conditional_independence; influence ranges not CIs
Nb2	Gaona_YT_disjoint	Fzd6_vs_Fzd5	3	3	0.3754068730891895	0.29842524643929963	3.7052975092202556	-0.47980256253824227	1.2306163087166213	0.13744278269400922	0.5129617757663079	-0.03663974477510168	0.6353519253897169	True	False	conditional_independence; influence ranges not CIs
Nb2	Gaona_YT_disjoint	Fzd5_vs_Wnt	3	3	0.11794905979508652	0.28347614080456046	3.839737759059824	-0.6822330930592417	0.9181312126494148	-0.07766826741107913	0.30288607277719537	-0.20005841703448812	0.4769686002463063	False	False	conditional_independence; influence ranges not CIs
Nb2	Gaona_YT_disjoint	Fzd6_vs_Wnt	3	3	0.49335593288427604	0.32476881124093115	3.9729761079524053	-0.41077085949006653	1.3974827252586186	0.25539184248909574	0.6782929458663849	0.059774515282930096	0.8158478485435032	True	True	conditional_independence; influence ranges not CIs
Nb2	Gaona_YT_disjoint_down	CHIR_vs_withdraw48	3	3	-0.7816023487044212	0.11286806051050073	2.5361289678992898	-1.1809840648544252	-0.38222063255441735	-0.8867358315985365	-0.7182259513593818	-0.9110713894069704	-0.679532728020666	True	True	conditional_independence; influence ranges not CIs
Nb2	Gaona_YT_disjoint_down	Fzd5_vs_withdraw48	3	3	-0.17375002445282917	0.0567212621317632	3.9905458433789107	-0.3313807475358791	-0.016119301369779265	-0.21272914345654836	-0.13505680111411333	-0.23706470126498225	-0.1043563691305005	True	True	conditional_independence; influence ranges not CIs
Nb2	Gaona_YT_disjoint_down	Fzd6_vs_withdraw48	3	3	-0.3177478008563446	0.10457836528984585	2.6339968869535553	-0.6783180608484809	0.042822459135791746	-0.3829602325267798	-0.22297072207946922	-0.4072957903352137	-0.1842774987407534	True	True	conditional_independence; influence ranges not CIs
Nb2	Gaona_YT_disjoint_down	Wnt_vs_withdraw48	3	3	-0.07736520719036388	0.06645777867956221	3.6554631890275147	-0.2689468976274789	0.11421648324675113	-0.13092817054495232	-0.03867198385164805	-0.1552637283533862	-0.008289079547232348	True	True	conditional_independence; influence ranges not CIs
Nb2	Gaona_YT_disjoint_down	withdraw24_vs_withdraw48	3	3	-0.7891159590612151	0.4203471543162472	2.0349445717144086	-2.568284907896119	0.9900529897736887	-1.0238018988587507	-0.3716681472829766	-1.0481374566671846	-0.33297492394426076	True	True	conditional_independence; influence ranges not CIs
Nb2	Gaona_YT_disjoint_down	Fzd5_vs_CHIR	3	3	0.6078523242515921	0.11355966437809854	2.588672689860482	0.21169336361194957	1.0040112848912346	0.5444759269065527	0.7129858071457074	0.5054968079028335	0.7436862391293202	True	True	conditional_independence; influence ranges not CIs
Nb2	Gaona_YT_disjoint_down	Fzd6_vs_CHIR	3	3	0.46385454784807667	0.14357970010604781	3.969649789978858	0.06400850454306312	0.8637005911530902	0.39864211617764145	0.568988030742192	0.33526571883260203	0.6637651095190673	True	True	conditional_independence; influence ranges not CIs
Nb2	Gaona_YT_disjoint_down	Fzd6_vs_Fzd5	3	3	-0.1439977764035154	0.10532441681282058	2.695017112378495	-0.5017019919179838	0.213706439110953	-0.20921020807395063	-0.04922069762664005	-0.23991064005756346	-0.010241578622920855	True	True	conditional_independence; influence ranges not CIs
Nb2	Gaona_YT_disjoint_down	Fzd5_vs_Wnt	3	3	-0.09638481726246528	0.067625695096509	3.742600692695483	-0.28934787645621407	0.09657824193128353	-0.13536393626618448	-0.04282185390787685	-0.16574684057060018	-0.01212142192426402	True	True	conditional_independence; influence ranges not CIs
Nb2	Gaona_YT_disjoint_down	Fzd6_vs_Wnt	3	3	-0.2403825936659807	0.11087185191094376	3.121766257570145	-0.5855667128556061	0.10480152552364469	-0.3055950253364159	-0.14560551488910534	-0.3359779296408316	-0.0920425515345169	True	True	conditional_independence; influence ranges not CIs
Nb2	Gaona_YT_disjoint_up	CHIR_vs_withdraw48	3	3	-0.09424464790300258	0.41236047643984514	2.2972805468207786	-1.6656515665581222	1.477162270752117	-0.4918073654332522	0.11551434812341599	-0.5920708820937421	0.20209741671896353	False	False	conditional_independence; influence ranges not CIs
Nb2	Gaona_YT_disjoint_up	Fzd5_vs_withdraw48	3	3	0.14183383369049807	0.17565352079352087	3.7931339437596012	-0.35652918993068483	0.640196857311681	0.04157031703000813	0.2769372421558902	-0.05011940060978848	0.36352031075143776	True	False	conditional_independence; influence ranges not CIs
Nb2	Gaona_YT_disjoint_up	Fzd6_vs_withdraw48	3	3	0.3732429303761715	0.17979888309221498	3.731084228875271	-0.1404737199914491	0.8869595807437921	0.23005591875786724	0.45982599897171905	0.1297924020973773	0.532168469978402	True	True	conditional_independence; influence ranges not CIs
Nb2	Gaona_YT_disjoint_up	Wnt_vs_withdraw48	3	3	0.12026959115787639	0.2032391261854826	3.3819886080476302	-0.48710091633163455	0.7276400986473873	-0.03428451751981676	0.26232395500945405	-0.1345480341803067	0.3489070236050016	False	False	conditional_independence; influence ranges not CIs
Nb2	Gaona_YT_disjoint_up	withdraw24_vs_withdraw48	3	3	-0.4388934989524014	0.6948172362347766	2.100367389969441	-3.2956390227840977	2.417852024879295	-0.8720640249517675	0.23864993761715247	-0.9723275416122574	0.3252330062127	False	False	conditional_independence; influence ranges not CIs
Nb2	Gaona_YT_disjoint_up	Fzd5_vs_CHIR	3	3	0.23607848159350064	0.42100662896259283	2.474246018246459	-1.2801418705153709	1.7522988337023722	0.02631948556708208	0.6336411991237503	-0.06537023207271453	0.7687446075891424	True	False	conditional_independence; influence ranges not CIs
Nb2	Gaona_YT_disjoint_up	Fzd6_vs_CHIR	3	3	0.4674875782791741	0.4227529546017324	2.5097975579252596	-1.0394959448015277	1.974471101359876	0.2577285822527555	0.8650502958094237	0.11454157063445125	0.9373927668161066	True	True	conditional_independence; influence ranges not CIs
Nb2	Gaona_YT_disjoint_up	Fzd6_vs_Fzd5	3	3	0.23140909668567344	0.19882921682176952	3.9944508792490945	-0.3209318891637206	0.7837500825350675	0.08822208506736917	0.32309881432547005	-0.04688132339802298	0.39544128533215295	True	False	conditional_independence; influence ranges not CIs
Nb2	Gaona_YT_disjoint_up	Fzd5_vs_Wnt	3	3	0.02156424253262168	0.22025340295529777	3.822556225504638	-0.601316831860352	0.6444453169255954	-0.12049012131895598	0.17611835121031483	-0.2121798389587526	0.311221759675707	False	False	conditional_independence; influence ranges not CIs
Nb2	Gaona_YT_disjoint_up	Fzd6_vs_Wnt	3	3	0.2529733392182951	0.22357334480531638	3.8749750248652766	-0.3757447576912518	0.8816914361278421	0.10978632759999085	0.40752744789598827	-0.03226803625158681	0.47986991890267117	True	False	conditional_independence; influence ranges not CIs
Nb2	Gaona_YT_down	CHIR_vs_withdraw48	3	3	-0.7426060723521006	0.11540811555370263	2.541292767916327	-1.1503935963532814	-0.3348185483509198	-0.8505816853022097	-0.6827300611994414	-0.8763920278837416	-0.6431617352693362	True	True	conditional_independence; influence ranges not CIs
Nb2	Gaona_YT_down	Fzd5_vs_withdraw48	3	3	-0.15329201467979114	0.054295400533515725	3.964198882381933	-0.30457865307962506	-0.002005376279957255	-0.18718961017574287	-0.11372368874968597	-0.2129999527572748	-0.08499976889777816	True	True	conditional_independence; influence ranges not CIs
Nb2	Gaona_YT_down	Fzd6_vs_withdraw48	3	3	-0.29401263929583	0.11188263319806067	2.5794247794549108	-0.6852797953858321	0.09725451679417202	-0.36201181242318015	-0.19138490329227054	-0.38782215500471207	-0.15181657736216536	True	True	conditional_independence; influence ranges not CIs
Nb2	Gaona_YT_down	Wnt_vs_withdraw48	3	3	-0.06656518512574916	0.06722943061989285	3.697991496355603	-0.2593924557952204	0.12626208554372206	-0.12023907883877172	-0.026996859195643985	-0.14604942142030364	0.004156098888294935	True	False	conditional_independence; influence ranges not CIs
Nb2	Gaona_YT_down	withdraw24_vs_withdraw48	3	3	-0.7521105073969432	0.4102917189228202	2.0387204988122196	-2.4857094206173045	0.9814884058234179	-0.9800168806490639	-0.3447498727019429	-1.0058272232305958	-0.30518154677183773	True	True	conditional_independence; influence ranges not CIs
Nb2	Gaona_YT_down	Fzd5_vs_CHIR	3	3	0.5893140576723095	0.11418791199397094	2.4500028476693476	0.17510990692061068	1.0035182084240084	0.5294380465196502	0.6972896706224185	0.4955404510236985	0.7260135904743263	True	True	conditional_independence; influence ranges not CIs
Nb2	Gaona_YT_down	Fzd6_vs_CHIR	3	3	0.44859343305627064	0.1503616052647076	3.9949815734101293	0.030915788134636968	0.8662710779779044	0.3805942599289205	0.5565690460063797	0.3207182487762612	0.6591967820099391	True	True	conditional_independence; influence ranges not CIs
Nb2	Gaona_YT_down	Fzd6_vs_Fzd5	3	3	-0.14072062461603885	0.110623549577917	2.482131652155806	-0.5382057937398907	0.25676454450781305	-0.208719797743389	-0.03809288861247939	-0.2374437175952968	-0.004195293116527665	True	True	conditional_independence; influence ranges not CIs
Nb2	Gaona_YT_down	Fzd5_vs_Wnt	3	3	-0.08672682955404198	0.06511253682172934	3.516643399294308	-0.2777423878370458	0.10428872872896183	-0.12062442504999371	-0.033052935841019426	-0.15177738313393263	-0.0043290159891116176	True	True	conditional_independence; influence ranges not CIs
Nb2	Gaona_YT_down	Fzd6_vs_Wnt	3	3	-0.22744745417008083	0.11751329943286397	2.9952813866640775	-0.6017607346134781	0.14686582627331646	-0.295446627297431	-0.12481971816652138	-0.3265995853813699	-0.07114582445349882	True	True	conditional_independence; influence ranges not CIs
Nb2	Gaona_YT_up	CHIR_vs_withdraw48	3	3	-0.0834237949982799	0.39960775254179826	2.2862570607205703	-1.612114324214745	1.4452667342181853	-0.4693656215316353	0.11333694935613137	-0.5647250555328913	0.1959024479625926	False	False	conditional_independence; influence ranges not CIs
Nb2	Gaona_YT_up	Fzd5_vs_withdraw48	3	3	0.14474125653285652	0.1717189829863821	3.7222325669486076	-0.346391633963988	0.635874147029701	0.049381822531600505	0.2787424198834523	-0.042342007431362294	0.3613079184899135	True	False	conditional_independence; influence ranges not CIs
Nb2	Gaona_YT_up	Fzd6_vs_withdraw48	3	3	0.3752912409084779	0.17339546437497919	3.69528277926338	-0.12219964618011941	0.8727821279970751	0.23619586773271894	0.4578567395149391	0.14083643373146293	0.5287326475276641	True	True	conditional_independence; influence ranges not CIs
Nb2	Gaona_YT_up	Wnt_vs_withdraw48	3	3	0.11513847368016705	0.19636258806918122	3.3409111743551447	-0.4752046096663134	0.7054815570266475	-0.03565244531837797	0.2524062982350208	-0.13101187931963398	0.33497179684148204	False	False	conditional_independence; influence ranges not CIs
Nb2	Gaona_YT_up	withdraw24_vs_withdraw48	3	3	-0.42333919242245077	0.6806965533488366	2.094647451292224	-3.228905449498532	2.3822270646536303	-0.8463868183573888	0.24122633380199732	-0.9417462523586448	0.32379183240845855	False	False	conditional_independence; influence ranges not CIs
Nb2	Gaona_YT_up	Fzd5_vs_CHIR	3	3	0.22816505153113642	0.4095626216033859	2.496150335631501	-1.237496670826473	1.6938267738887458	0.031404307176725155	0.6141068780644918	-0.060319522786237645	0.7481080414150876	True	False	conditional_independence; influence ranges not CIs
Nb2	Gaona_YT_up	Fzd6_vs_CHIR	3	3	0.4587150359067578	0.4102683499401039	2.510943046414923	-1.0032899188831261	1.9207199906966417	0.2619542915523465	0.8446568624401132	0.12285891837658758	0.9155327704528382	True	True	conditional_independence; influence ranges not CIs
Nb2	Gaona_YT_up	Fzd6_vs_Fzd5	3	3	0.23054998437562135	0.19524643963193247	3.9990788057394653	-0.31159028765100305	0.7726902564022458	0.09145461119986242	0.32227381433858415	-0.04254655215073333	0.3931497223513092	True	False	conditional_independence; influence ranges not CIs
Nb2	Gaona_YT_up	Fzd5_vs_Wnt	3	3	0.02960278285268947	0.2159014847479242	3.8540540933149257	-0.5788951290550175	0.6381006947603964	-0.10766504170216429	0.1803937018512345	-0.1993888716651271	0.31439486520183024	False	False	conditional_independence; influence ranges not CIs
Nb2	Gaona_YT_up	Fzd6_vs_Wnt	3	3	0.2601527672283108	0.21723726444672292	3.8745327063953083	-0.3507760304900711	0.8710815649466928	0.12105739405255189	0.41094368622685584	-0.016210430502301865	0.4818195942395809	True	False	conditional_independence; influence ranges not CIs
Nb2	TGF_response	CHIR_vs_withdraw48	3	3	-1.5350771423588263	0.7362956735477982	3.105647983882028	-3.8338431044744703	0.7636888197568177	-1.9877706068654768	-0.9103612493983917	-2.331723155442821	-0.6643954177282594	True	True	conditional_independence; influence ranges not CIs
Nb2	TGF_response	Fzd5_vs_withdraw48	3	3	0.12582811269814975	0.4288832890897079	3.528191315111222	-1.1304497208797295	1.382105946276029	-0.2181244358791945	0.37179394436828206	-0.36810569641694535	0.6107446353372947	False	False	conditional_independence; influence ranges not CIs
Nb2	TGF_response	Fzd6_vs_withdraw48	3	3	-1.0508166212343206	1.207526489519779	2.3737181186696126	-5.536121556701747	3.4344883142331066	-1.638194121167347	0.10347014769467489	-1.9821466697446912	0.3494359793648072	False	False	conditional_independence; influence ranges not CIs
Nb2	TGF_response	Wnt_vs_withdraw48	3	3	0.6130335919090326	0.3658409474236538	2.2611950888755015	-0.7990295923048234	2.0250967761228886	0.26908104333168836	0.8589994235791649	0.17920201334648844	0.9148498381416865	True	True	conditional_independence; influence ranges not CIs
Nb2	TGF_response	withdraw24_vs_withdraw48	3	3	-0.38162331705103014	0.5318727436384058	3.950446124488963	-1.8656729468854945	1.1024263127834342	-0.729188479834801	-0.042422074598006176	-1.0731410284121452	0.20354375707212613	True	False	conditional_independence; influence ranges not CIs
Nb2	TGF_response	Fzd5_vs_CHIR	3	3	1.660905255056976	0.6891058972290828	2.5494544317190355	-0.7685573865988076	4.09036789671276	1.0361893620965414	2.1135987195636265	0.8862081015587906	2.352549410532639	True	True	conditional_independence; influence ranges not CIs
Nb2	TGF_response	Fzd6_vs_CHIR	3	3	0.4842605211245057	1.3225151359540102	3.139052918605937	-3.621039727521882	4.589560769770893	-0.14045537183592893	1.6385472900535012	-0.7278328717689553	2.0912407545601517	False	False	conditional_independence; influence ranges not CIs
Nb2	TGF_response	Fzd6_vs_Fzd5	3	3	-1.1766447339324704	1.1793455140893419	2.174786862704832	-5.879502468028553	3.526213000163612	-1.7640222338654967	-0.022357965003474867	-2.002972924834509	0.12762329553427598	True	False	conditional_independence; influence ranges not CIs
Nb2	TGF_response	Fzd5_vs_Wnt	3	3	-0.48720547921088286	0.25802173846893195	2.553734250451978	-1.3958060749404697	0.4213951165187041	-0.6371867397486337	-0.2482547882418702	-0.6930371543111553	-0.15837575825667027	True	True	conditional_independence; influence ranges not CIs
Nb2	TGF_response	Fzd6_vs_Wnt	3	3	-1.6638502131433532	1.1579095667426211	2.024725093732759	-6.588083125916439	3.2603826996297323	-2.2512277130763794	-0.5095634442143577	-2.307078127638901	-0.4196844142291578	True	True	conditional_independence; influence ranges not CIs
Nb2	Wnt_clean	CHIR_vs_withdraw48	3	3	4.234746159502201	0.8690418195311037	2.336830710508413	0.9673948559624956	7.502097463041906	3.575915474690552	5.007554469902893	3.4263151020526412	5.248183881468968	True	True	conditional_independence; influence ranges not CIs
Nb2	Wnt_clean	Fzd5_vs_withdraw48	3	3	3.258046848874203	0.24338860334179468	2.0130042768034064	2.217286564291263	4.298807133457143	3.1084464762362924	3.4986762604402775	3.0957263778487616	3.5097926668693398	True	True	conditional_independence; influence ranges not CIs
Nb2	Wnt_clean	Fzd6_vs_withdraw48	3	3	3.25936135389337	0.2662349072852172	2.770779792711837	2.371015852026091	4.147706855760649	3.109760981255459	3.499990765459444	3.012772468040702	3.5911600153891228	True	True	conditional_independence; influence ranges not CIs
Nb2	Wnt_clean	Wnt_vs_withdraw48	3	3	0.5664363657099141	0.4417663483718574	3.460396940057811	-0.7393444529971662	1.8722171844169944	0.32182917115578213	0.9279241694649805	0.17222879851787143	1.1685535810310548	True	True	conditional_independence; influence ranges not CIs
Nb2	Wnt_clean	withdraw24_vs_withdraw48	3	3	0.7493246503874875	2.1364278313482616	2.0524148869323144	-8.221643585663491	9.720292886438466	-0.3455660254753532	2.8715300269549298	-0.4951663981132639	3.112159438521004	False	False	conditional_independence; influence ranges not CIs
Nb2	Wnt_clean	Fzd5_vs_CHIR	3	3	-0.976699310627998	0.8344936198004381	2.001102948633276	-4.56533977233613	2.611941151080134	-1.7495076210286902	-0.3178686258163488	-1.762227719416221	-0.3067522193872865	True	True	conditional_independence; influence ranges not CIs
Nb2	Wnt_clean	Fzd6_vs_CHIR	3	3	-0.9753848056088312	0.8414407971498274	2.0679791401856082	-4.484122219969511	2.5333526087518488	-1.7481931160095234	-0.31655412079718204	-1.8451816292242804	-0.22538487086750347	True	True	conditional_independence; influence ranges not CIs
Nb2	Wnt_clean	Fzd6_vs_Fzd5	3	3	0.0013145050191667451	0.10966742110068527	2.064863430052863	-0.45662279846116094	0.45925180849949443	-0.09567400819559024	0.09248375494884531	-0.10679041462465255	0.10520385333637627	False	False	conditional_independence; influence ranges not CIs
Nb2	Wnt_clean	Fzd5_vs_Wnt	3	3	2.691610483164289	0.3691929359393434	2.005641389331297	1.1073755544924555	4.275845411836122	2.3301226794092225	2.936217677718421	2.3174025810216916	2.9473340841474833	True	True	conditional_independence; influence ranges not CIs
Nb2	Wnt_clean	Fzd6_vs_Wnt	3	3	2.6929249881834556	0.3846380604776532	2.3451927585395618	1.250815199763128	4.135034776603783	2.331437184428389	2.9375321827375878	2.2344486712136327	3.0287014326672663	True	True	conditional_independence; influence ranges not CIs
Nb2	YAP_source	CHIR_vs_withdraw48	3	3	-1.2341536823142638	0.3712131251277538	2.0311319473211045	-2.8081228424713247	0.3398154778427971	-1.5369104829524556	-0.8989141249443469	-1.5536845474695262	-0.866295378993919	True	True	conditional_independence; influence ranges not CIs
Nb2	YAP_source	Fzd5_vs_withdraw48	3	3	0.6360231886297001	0.06396825394857099	3.25142995725506	0.4410700282834301	0.8309763489759701	0.6021469590204003	0.6905119499900643	0.5853728945033296	0.7231306959404922	True	True	conditional_independence; influence ranges not CIs
Nb2	YAP_source	Fzd6_vs_withdraw48	3	3	0.07854377157671966	0.486690107589922	2.0180531862484252	-1.9976650056196887	2.154752548773128	-0.19364456054948764	0.5629013101489342	-0.21041862506655828	0.5955200560993621	False	False	conditional_independence; influence ranges not CIs
Nb2	YAP_source	Wnt_vs_withdraw48	3	3	0.02122222811676	0.1263434333333368	2.284290295189597	-0.46243644593262495	0.5048809021661449	-0.07788892185959906	0.13247488118689787	-0.0946629863766697	0.16509362713732578	False	False	conditional_independence; influence ranges not CIs
Nb2	YAP_source	withdraw24_vs_withdraw48	3	3	-0.5325055862958976	0.817589736913098	2.006378698271534	-4.039614627545463	2.974603454953668	-1.0134576914843452	0.2798579857779515	-1.0302317560014158	0.3124767317283794	False	False	conditional_independence; influence ranges not CIs
Nb2	YAP_source	Fzd5_vs_CHIR	3	3	1.870176870943964	0.3738483392638084	2.088527010482445	0.32524060449454084	3.415113137393387	1.534937313574047	2.1729336715821557	1.5010610839647471	2.22742243294252	True	True	conditional_independence; influence ranges not CIs
Nb2	YAP_source	Fzd6_vs_CHIR	3	3	1.3126974538909835	0.6103588322314739	3.735812878273532	-0.43025536831367184	3.0556502760956388	0.9774578965210665	1.797054992463198	0.7052695643948592	2.0998117931013898	True	True	conditional_independence; influence ranges not CIs
Nb2	YAP_source	Fzd6_vs_Fzd5	3	3	-0.5574794170529804	0.4887030359319287	2.0513507982665695	-2.6105543440903016	1.4955955099843408	-0.8296677491791877	-0.0731218784807659	-0.8841565105395519	-0.03924564887146609	True	True	conditional_independence; influence ranges not CIs
Nb2	YAP_source	Fzd5_vs_Wnt	3	3	0.6148009605129401	0.13388823566560856	2.7806445247203393	0.16904746748120242	1.0605544535446778	0.5035483074428022	0.7139121104892991	0.4696720778335024	0.7684008718496633	True	True	conditional_independence; influence ranges not CIs
Nb2	YAP_source	Fzd6_vs_Wnt	3	3	0.057321543459959656	0.5007008917131169	2.251721254548284	-1.8819177416978647	1.996560828617784	-0.21486678866624764	0.5416790820321742	-0.3261194417363855	0.6407902320085332	False	False	conditional_independence; influence ranges not CIs
Nb2	cycling	CHIR_vs_withdraw48	3	3	0.8340580947377196	1.0186410419888174	2.0420314981017884	-3.463475065879975	5.131591255355414	0.2827610267083882	1.8460370743849426	0.19219902396888866	1.9353885191852136	True	True	conditional_independence; influence ranges not CIs
Nb2	cycling	Fzd5_vs_withdraw48	3	3	1.2668559271763211	0.14573318687970113	3.9989508610529074	0.8621938655152728	1.6715179888373695	1.1762939244368216	1.360232093874905	1.0936061369388907	1.449583538675176	True	True	conditional_independence; influence ranges not CIs
Nb2	cycling	Fzd6_vs_withdraw48	3	3	0.7873915556053195	0.5716028059920273	2.136463280364984	-1.5274449853779282	3.102228096588567	0.45355397572294276	1.3459330815027757	0.3629919729834432	1.4352845263030467	True	True	conditional_independence; influence ranges not CIs
Nb2	cycling	Wnt_vs_withdraw48	3	3	0.24495392713316555	0.13550913234901604	3.880711833286233	-0.13588490981352264	0.6257927640798537	0.154391924393666	0.33430537193343657	0.06766660401900104	0.38381389069516736	True	True	conditional_independence; influence ranges not CIs
Nb2	cycling	withdraw24_vs_withdraw48	3	3	0.37105203186399116	0.8826524599779878	2.0561716719989627	-3.3289853656470014	4.071089429374984	-0.11996370964521041	1.2453610387357408	-0.21052571238470996	1.3347124835360118	False	False	conditional_independence; influence ranges not CIs
Nb2	cycling	Fzd5_vs_CHIR	3	3	0.4327978324386015	1.0184721748174395	2.0406918865084545	-3.8666539449647503	4.732249609841953	-0.5791811472086215	0.9840949004679329	-0.6618689347065523	1.0774710671665169	False	False	conditional_independence; influence ranges not CIs
Nb2	cycling	Fzd6_vs_CHIR	3	3	-0.04666653913240015	1.1587826271295278	3.1242901300001256	-3.652808582015481	3.5594755037506807	-1.058645518779623	0.511874986765056	-1.3924830986619998	1.0631720547943875	False	False	conditional_independence; influence ranges not CIs
Nb2	cycling	Fzd6_vs_Fzd5	3	3	-0.47946437157100164	0.5713018171433213	2.132122719576061	-2.7972251830356916	1.8382964398936883	-0.8133019514533784	0.07907715432645457	-0.9066781181519623	0.1617649418243854	False	False	conditional_independence; influence ranges not CIs
Nb2	cycling	Fzd5_vs_Wnt	3	3	1.0219020000431556	0.13423383851803106	3.9006658976310526	0.6454360589578372	1.398367941128474	0.9392142125452247	1.1152781667417395	0.889705693783494	1.2020034871164045	True	True	conditional_independence; influence ranges not CIs
Nb2	cycling	Fzd6_vs_Wnt	3	3	0.5424376284721539	0.5687796844676594	2.0958071596975762	-1.800681549350073	2.885556806294381	0.2086000485897772	1.1009791543696101	0.15909152982804642	1.187704474744275	True	True	conditional_independence; influence ranges not CIs
Nb2	injury_cap_context	CHIR_vs_withdraw48	3	3	-1.3190621875072601	0.7551799585304776	2.1372320932672206	-4.37637012136109	1.73824574634657	-1.9253427874829363	-0.6446582328675969	-2.062344653608717	-0.5649048272972301	True	True	conditional_independence; influence ranges not CIs
Nb2	injury_cap_context	Fzd5_vs_withdraw48	3	3	0.8336835965957334	0.2330040494271279	3.664988983408163	0.16275842692720321	1.5046087662642638	0.6591990434812374	0.9815952163290387	0.5221971773554568	1.0613486218994055	True	True	conditional_independence; influence ranges not CIs
Nb2	injury_cap_context	Fzd6_vs_withdraw48	3	3	-0.40521808861734687	1.069747348347903	2.067292056118736	-4.86733448481057	4.056898307575876	-0.9674826101225369	0.6549903855036447	-1.1044844762483175	0.7347437910740116	False	False	conditional_independence; influence ranges not CIs
Nb2	injury_cap_context	Wnt_vs_withdraw48	3	3	0.27913870603779056	0.18769228155716022	3.9775221768453823	-0.24314209520469865	0.8014195072802798	0.14213683991200998	0.40462897351689087	0.05922521505164724	0.4843823790872577	True	True	conditional_independence; influence ranges not CIs
Nb2	injury_cap_context	withdraw24_vs_withdraw48	3	3	-1.4757009235218623	1.3009116222199946	2.0452624360037364	-6.956026184818356	4.004624337774631	-2.1348572900082265	-0.1821677629163183	-2.271859156134007	-0.1024143573459515	True	True	conditional_independence; influence ranges not CIs
Nb2	injury_cap_context	Fzd5_vs_CHIR	3	3	2.1527457841029936	0.7659706168025572	2.2554258820264583	-0.8099038911995291	5.115395459405516	1.4783418294633304	2.7590263840786697	1.3038572763488343	2.906938003811975	True	True	conditional_independence; influence ranges not CIs
Nb2	injury_cap_context	Fzd6_vs_CHIR	3	3	0.9138440988899132	1.2949052042728149	3.5803457726428793	-2.8538374485101414	4.681525646289968	0.23944014425025006	1.9740525730109049	-0.32282437725493995	2.580333172986581	True	False	conditional_independence; influence ranges not CIs
Nb2	injury_cap_context	Fzd6_vs_Fzd5	3	3	-1.2389016852130803	1.0773920388308824	2.1255270685984096	-5.6218316920819476	3.144028321655787	-1.8011662067182703	-0.1786932110920887	-1.9490778264515756	-0.0042086579775926225	True	True	conditional_independence; influence ranges not CIs
Nb2	injury_cap_context	Fzd5_vs_Wnt	3	3	0.5545448905579429	0.22725010141896157	3.52034561157533	-0.11179662738219709	1.2208864084980828	0.3800603374434468	0.7024565102912481	0.2545700699643465	0.7853681351516109	True	True	conditional_independence; influence ranges not CIs
Nb2	injury_cap_context	Fzd6_vs_Wnt	3	3	-0.6843567946551374	1.0685088258142086	2.0578864050904797	-5.160048600132576	3.7913350108223014	-1.2466213161603275	0.3758516794658542	-1.3721115836394278	0.4587633043262169	False	False	conditional_independence; influence ranges not CIs
Nb2	transition_associated	CHIR_vs_withdraw48	3	3	0.2275987910018662	0.2749229366689261	2.2835133982782074	-0.8251292728517146	1.280326854855447	-0.029983900876161762	0.4125649737431374	-0.09070495265323153	0.47461834704565486	False	False	conditional_independence; influence ranges not CIs
Nb2	transition_associated	Fzd5_vs_withdraw48	3	3	0.2888329841184101	0.08728446712607309	3.6295340471625366	0.03641843791903221	0.5412475303177879	0.2281119323413403	0.35088635742092755	0.17730426001267485	0.37914462901595325	True	True	conditional_independence; influence ranges not CIs
Nb2	transition_associated	Fzd6_vs_withdraw48	3	3	0.3090029874011604	0.08258200767847497	3.2660875788476087	0.05789742928974195	0.5601085455125788	0.24828193562409062	0.37105636070367787	0.21110014101582397	0.4072044625844553	True	True	conditional_independence; influence ranges not CIs
Nb2	transition_associated	Wnt_vs_withdraw48	3	3	0.23602310866056975	0.1269588094311526	3.5037712119858293	-0.13706008150072035	0.6091062988218598	0.1549420874402445	0.33477516703956045	0.09422103566317475	0.39682854034207793	True	True	conditional_independence; influence ranges not CIs
Nb2	transition_associated	withdraw24_vs_withdraw48	3	3	0.07287960384089853	0.508108309530964	2.079389431460167	-2.0352635491858964	2.1810227568676934	-0.27187774131516473	0.5626186381650475	-0.3325987930922345	0.624672011467565	False	False	conditional_independence; influence ranges not CIs
Nb2	transition_associated	Fzd5_vs_CHIR	3	3	0.06123419311654388	0.2704599961382567	2.1467643742389795	-1.0294511754822582	1.151919561715346	-0.12373198962472731	0.31881688499457184	-0.17453966195339277	0.34707515658959753	False	False	conditional_independence; influence ranges not CIs
Nb2	transition_associated	Fzd6_vs_CHIR	3	3	0.08140419639929419	0.26897921723031126	2.1016115825953996	-1.0239175402147713	1.1867259330133597	-0.103561986341977	0.33898688827732215	-0.14074378095024365	0.3751349901580996	False	False	conditional_independence; influence ranges not CIs
Nb2	transition_associated	Fzd6_vs_Fzd5	3	3	0.020170003282750315	0.06622519457613676	3.87157196701143	-0.16613124469661777	0.2064712512621184	-0.017011791325516334	0.07097767561141577	-0.04527006292054203	0.10712577749219321	False	False	conditional_independence; influence ranges not CIs
Nb2	transition_associated	Fzd5_vs_Wnt	3	3	0.05280987545784033	0.11698088603107429	2.8863971446521943	-0.3279035387528943	0.43352328966857495	-0.045942182921150376	0.13389089667816556	-0.09674985524981583	0.16214916827319126	False	False	conditional_independence; influence ranges not CIs
Nb2	transition_associated	Fzd6_vs_Wnt	3	3	0.07297987874059064	0.11351536234069977	2.6302781513431195	-0.3187740267359915	0.46473378421717276	-0.02577217963840006	0.15406089996091588	-0.06295397424666671	0.19020900184169331	False	False	conditional_independence; influence ranges not CIs
Gaona	AT1_associated	YT_vs_WT_SFFFM	3	3	1.1233625094559203	0.1559714042485597	3.3202983368934564	0.653011057660458	1.5937139612513826	0.9981403189922906	1.2245709119634212	0.9493783905139548	1.30562475409352	True	True	conditional_independence; influence ranges not CIs
Gaona	AT1_associated	YT_vs_WT_ADM	4	4	0.49321274165695783	0.16660113929696166	3.836905762507264	0.022795431823084467	0.9636300514908311	0.4025113614689584	0.5840119803474675	0.3635932168831868	0.6204146367777579	True	True	conditional_independence; influence ranges not CIs
Gaona	AT2_identity	YT_vs_WT_SFFFM	3	3	-0.4779818521278969	0.08573480700600855	2.728055618790174	-0.7668794338941343	-0.1890842703616596	-0.5514823170797438	-0.4170070945654949	-0.5696058018029504	-0.3828868017945961	True	True	conditional_independence; influence ranges not CIs
Gaona	AT2_identity	YT_vs_WT_ADM	4	4	-0.711946965420232	0.2768189064404394	3.3340271962285852	-1.5450221111732678	0.12112818033280381	-0.8685242300527936	-0.546982805100134	-0.9070322007033873	-0.5079698040171117	True	True	conditional_independence; influence ranges not CIs
Gaona	ECM	YT_vs_WT_SFFFM	3	3	-1.8321054989313883	0.4993333376622331	3.0857898320277526	-3.3965037606699795	-0.2677072371927969	-2.0580155378253804	-1.39333953595994	-2.279808916449937	-1.2145716028120455	True	True	conditional_independence; influence ranges not CIs
Gaona	ECM	YT_vs_WT_ADM	4	4	-0.9088362160881882	0.38198923862835493	4.390858427600826	-1.933193291566767	0.11552085939039047	-1.2412891083112556	-0.721503957811914	-1.3472830312312172	-0.5663999818663608	True	True	conditional_independence; influence ranges not CIs
Gaona	ER_stress	YT_vs_WT_SFFFM	3	3	0.42971004576266036	0.2724221625338566	2.0177930489825457	-0.7325785171993955	1.5919986087247162	0.28668056698599376	0.7014017113983071	0.2754995734184025	0.7193509850504753	True	True	conditional_independence; influence ranges not CIs
Gaona	ER_stress	YT_vs_WT_ADM	4	4	-0.2167972428945184	0.060711924139862546	4.925485773041563	-0.3735750274312958	-0.06001945835774103	-0.2607539686817537	-0.18490361475585626	-0.2840297773816598	-0.15736146485730096	True	True	conditional_independence; influence ranges not CIs
Gaona	Gaona_YT	YT_vs_WT_SFFFM	3	3	5.771137235800027	0.1521703786757325	2.2105136041607647	5.1726684095768105	6.3696060620232435	5.696752197349449	5.919444231651655	5.662940764651093	5.9399805125553415	True	True	conditional_independence; influence ranges not CIs
Gaona	Gaona_YT	YT_vs_WT_ADM	4	4	3.8503579495619666	0.14789982299991764	3.002822062104079	3.3799248519307272	4.320791047193206	3.7560382704416706	3.9396465770884683	3.7542951344162976	3.9426919132071783	True	True	conditional_independence; influence ranges not CIs
Gaona	Gaona_YT_disjoint	YT_vs_WT_SFFFM	3	3	5.6841700519469045	0.14643697705382003	2.1504889844778967	5.0945249667665715	6.2738151371272375	5.612018018031153	5.8279237021586106	5.584873450996405	5.847091595123274	True	True	conditional_independence; influence ranges not CIs
Gaona	Gaona_YT_disjoint	YT_vs_WT_ADM	4	4	3.7730063589193845	0.1457505129924846	3.042125475800259	3.312775726034946	4.233236991803823	3.6754962021131545	3.8619427925804075	3.668201413955597	3.873505302818483	True	True	conditional_independence; influence ranges not CIs
Gaona	Gaona_YT_disjoint_down	YT_vs_WT_SFFFM	3	3	-2.1683927622668286	0.03645007930011932	3.97934435333381	-2.2698019149673723	-2.066983609566285	-2.1932749795723723	-2.147598198943239	-2.2180912469671954	-2.134521404859238	True	True	conditional_independence; influence ranges not CIs
Gaona	Gaona_YT_disjoint_down	YT_vs_WT_ADM	4	4	-1.245327743847549	0.06447957322681468	3.0433321606939043	-1.4488874848034015	-1.0417680028916965	-1.285754743851598	-1.1957621038102335	-1.2910915223325992	-1.1928962066366902	True	True	conditional_independence; influence ranges not CIs
Gaona	Gaona_YT_disjoint_up	YT_vs_WT_SFFFM	3	3	3.515777289680075	0.1195532165641909	2.041185915431325	3.0112007066557216	4.020353872704428	3.4553647290751464	3.634714672496958	3.4490147253639867	3.646779000548998	True	True	conditional_independence; influence ranges not CIs
Gaona	Gaona_YT_disjoint_up	YT_vs_WT_ADM	4	4	2.527678615071836	0.08264278305403537	3.040682331691142	2.266651920435278	2.788705309708394	2.479734098302921	2.5761880487288096	2.475305207318907	2.5824137804858833	True	True	conditional_independence; influence ranges not CIs
Gaona	Gaona_YT_down	YT_vs_WT_SFFFM	3	3	-2.220151630462502	0.04135410732171178	3.9122792760325438	-2.335991502532947	-2.104311758392057	-2.247114840870391	-2.1925624529240926	-2.273811689206738	-2.1789384827513825	True	True	conditional_independence; influence ranges not CIs
Gaona	Gaona_YT_down	YT_vs_WT_ADM	4	4	-1.2601647245713408	0.0672081860876215	3.0645988502349266	-1.471523084319297	-1.0488063648233845	-1.3010040246671273	-1.2132464469588897	-1.306028531182879	-1.2070660542096996	True	True	conditional_independence; influence ranges not CIs
Gaona	Gaona_YT_up	YT_vs_WT_SFFFM	3	3	3.5509856053375244	0.12197401539948804	2.041650517304502	3.0363012678776773	4.0656699427973715	3.490224537059656	3.6723293907812637	3.48400228189971	3.684712213373871	True	True	conditional_independence; influence ranges not CIs
Gaona	Gaona_YT_up	YT_vs_WT_ADM	4	4	2.590193224990626	0.08171864897912999	3.0333760942160977	2.3317393446958334	2.8486471052854183	2.5427918234827813	2.638642552421341	2.5403162272485624	2.6446967502124368	True	True	conditional_independence; influence ranges not CIs
Gaona	TGF_response	YT_vs_WT_SFFFM	3	3	1.1753493088178097	0.36373442148782414	2.2048208778275917	-0.2582846652486077	2.6089832828842274	0.9965825481666704	1.5300877681687752	0.9385546382158765	1.6072694953733064	True	True	conditional_independence; influence ranges not CIs
Gaona	TGF_response	YT_vs_WT_ADM	4	4	0.7698061042127446	0.5539873670556167	3.1437475711088227	-0.9484894453493726	2.488101653774862	0.45444169411758084	1.1710336516054145	0.3858737226554263	1.2388246654006436	True	True	conditional_independence; influence ranges not CIs
Gaona	Wnt_clean	YT_vs_WT_SFFFM	3	3	-0.3086639802569502	0.22582049342747754	3.1917923096256877	-1.0035026250015573	0.386174664487657	-0.477020944893189	-0.13795313207681592	-0.5807129806041851	-0.04820933409331074	True	True	conditional_independence; influence ranges not CIs
Gaona	Wnt_clean	YT_vs_WT_ADM	4	4	-0.22919148589773375	0.20992711142778447	5.932687055866651	-0.7442807053878631	0.28589773359239556	-0.35384109448250556	-0.10156205991064726	-0.46983674651200313	0.011534446258380182	True	False	conditional_independence; influence ranges not CIs
Gaona	YAP_source	YT_vs_WT_SFFFM	3	3	1.0970561643393788	0.13729437912075443	2.0867062105729253	0.5292358328022461	1.6648764958765114	1.0234466795930928	1.232721709387528	1.0114915595040639	1.252587780595988	True	True	conditional_independence; influence ranges not CIs
Gaona	YAP_source	YT_vs_WT_ADM	4	4	-0.09332456591603311	0.14056373118555235	3.660092307862861	-0.49830990269730996	0.31166077086524374	-0.17334729012411643	-0.011235625948248895	-0.2014304911968665	0.01975539512753066	True	False	conditional_independence; influence ranges not CIs
Gaona	cycling	YT_vs_WT_SFFFM	3	3	-0.9584581003694268	0.23102442303881865	3.492168491750549	-1.6384000791225568	-0.2785161216162967	-1.0865886142689432	-0.7684250942804356	-1.2053236044051197	-0.6960431430434921	True	True	conditional_independence; influence ranges not CIs
Gaona	cycling	YT_vs_WT_ADM	4	4	1.8962837976772926	0.6364044388927945	3.2032822759652446	-0.058234291656395154	3.8508018870109804	1.5123024827765548	2.320746148986486	1.4383080498080152	2.426521709619781	True	True	conditional_independence; influence ranges not CIs
Gaona	injury_cap_context	YT_vs_WT_SFFFM	3	3	-0.9998711633030597	0.09771550875506568	2.32743166742975	-1.368415421267068	-0.6313269053390513	-1.089998336367037	-0.9319206725574558	-1.1160997410502276	-0.9130144501059174	True	True	conditional_independence; influence ranges not CIs
Gaona	injury_cap_context	YT_vs_WT_ADM	4	4	-0.5924210563580647	0.1095499744359891	3.2229958435264074	-0.9278011538546881	-0.2570409588614414	-0.6650663633593767	-0.5181835276467686	-0.6791891309118814	-0.5041201036102692	True	True	conditional_independence; influence ranges not CIs
Gaona	transition_associated	YT_vs_WT_SFFFM	3	3	0.9457454223974517	0.22648881614954808	2.7711464738683236	0.1900832585772243	1.7014075862176792	0.8360281080504359	1.1523206198110216	0.7679293235064071	1.240669912223657	True	True	conditional_independence; influence ranges not CIs
Gaona	transition_associated	YT_vs_WT_ADM	4	4	-0.05118712251619062	0.2220158701094086	3.5442361977931474	-0.700157654513734	0.5977834094813528	-0.1752131060281057	0.0775529530410477	-0.21422673276178106	0.11632715773519031	False	False	conditional_independence; influence ranges not CIs
