cell_name	clonal_group	group_size	age_months	join_key	mouse_id	tissue	original_source_in_clone	within_mouse_clone_size	within_mouse_in_clone	official_lookup	raw_library_bridge	source_index	join_rule	official_age	official_batch	official_cell	official_cell_ontology_class	official_cell_ontology_id	official_free_annotation	official_method	official_mouse.id	official_n_counts	official_n_genes	official_sex	official_subtissue	official_tissue	official_tissue_free_annotation	official_louvain	official_leiden
A1-B000827-3_38_F-1-1			3	A1.B000827.3_38_F.1.1-1-1	3_38_F	Thymus	False	1	False	A1.B000827.3_38_F.1.1-1-1	young_source_rule	A1.B000827.3_38_F.1.1-1-1-1	one_assay_suffix	3m	1	nan	DN4 thymocyte	CL:0002420	DN4 thymocyte	facs	3_38_F	86236.0	4192.0	female	Flowthrough	Thymus	nan	4	21
A1-B003291-3_39_F-1-1			3	A1.B003291.3_39_F.1.1-1-1	3_39_F	Thymus	False	1	False	A1.B003291.3_39_F.1.1-1-1	young_source_rule	A1.B003291.3_39_F.1.1-1-1-1	one_assay_suffix	3m	1	nan	thymocyte	CL:0002420	proliferating thymocyte; DN to DP transition, dividing (some are Cd8+/ Cd4+, some undergoing VDJ recombination)	facs	3_39_F	3376595.0	3348.0	female	Flowthrough	Thymus	nan	21	23
A1-MAA000607-3_9_M-1-1			3	A1.MAA000607.3_9_M.1.1-1-1	3_9_M	Thymus	False	1	False	A1.MAA000607.3_9_M.1.1-1-1	young_source_rule	A1.MAA000607.3_9_M.1.1-1-1-1	one_assay_suffix	3m	1	nan	thymocyte	CL:0002420	DN to DP transition (most are Cd8+/ Cd4+, some undergoing VDJ recombination)	facs	3_9_M	326430.0	1900.0	male	nan	Thymus	nan	21	23
A1-MAA000880-3_11_M-1-1			3	A1.MAA000880.3_11_M.1.1-1-1	3_11_M	Thymus	False	1	False	A1.MAA000880.3_11_M.1.1-1-1	young_source_rule	A1.MAA000880.3_11_M.1.1-1-1-1	one_assay_suffix	3m	1	nan	thymocyte	CL:0002420	proliferating thymocyte; DN to DP transition, dividing (some are Cd8+/ Cd4+, some undergoing VDJ recombination)	facs	3_11_M	1871199.0	4242.0	male	nan	Thymus	nan	21	23
A1-MAA001888-3_39_F-1-1			3	A1.MAA001888.3_39_F.1.1-1-1	3_39_F	Marrow	False	1	False	A1.MAA001888.3_39_F.1.1-1-1	young_source_rule	A1.MAA001888.3_39_F.1.1-1-1-1	one_assay_suffix	3m	1	nan	mature alpha-beta T cell	CL:0002420	BM CD8 + CD4 T cell	facs	3_39_F	226212.0	2486.0	female	T-cells	Marrow	nan	6	5
A10-B000827-3_38_F-1-1			3	A10.B000827.3_38_F.1.1-1-1	3_38_F	Thymus	False	1	False	A10.B000827.3_38_F.1.1-1-1	young_source_rule	A10.B000827.3_38_F.1.1-1-1-1	one_assay_suffix	3m	1	nan	DN4 thymocyte	CL:0002420	DN4 thymocyte	facs	3_38_F	823352.0	2349.0	female	Flowthrough	Thymus	nan	6	5
A10-B000971-3_39_F-1-1			3	A10.B000971.3_39_F.1.1-1-1	3_39_F	Spleen	False	1	False	A10.B000971.3_39_F.1.1-1-1	young_source_rule	A10.B000971.3_39_F.1.1-1-1-1	one_assay_suffix	3m	1	nan	CD4-positive, alpha-beta T cell	CL:0000084	Cd3e T cell	facs	3_39_F	1226536.0	1600.0	female	nan	Spleen	nan	4	21
A10-B001750-3_38_F-1-1			3	A10.B001750.3_38_F.1.1-1-1	3_38_F	Spleen	False	1	False	A10.B001750.3_38_F.1.1-1-1	young_source_rule	A10.B001750.3_38_F.1.1-1-1-1	one_assay_suffix	3m	1	nan	CD8-positive, alpha-beta T cell	CL:0000084	Cd3e T cell	facs	3_38_F	118549.0	1918.0	female	nan	Spleen	nan	6	5
A10-MAA000442-3_11_M-1-1			3	A10.MAA000442.3_11_M.1.1-1-1	3_11_M	BAT	False	1	False	A10.MAA000442.3_11_M.1.1-1-1	young_source_rule	A10.MAA000442.3_11_M.1.1-1-1-1	one_assay_suffix	3m	1	nan	T cell	nan	nan	facs	3_11_M	44422.0	1450.0	male	Fat	BAT	nan	4	5
A10-MAA000508-3_9_M-1-1			3	A10.MAA000508.3_9_M.1.1-1-1	3_9_M	Spleen	False	1	False	A10.MAA000508.3_9_M.1.1-1-1	young_source_rule	A10.MAA000508.3_9_M.1.1-1-1-1	one_assay_suffix	3m	1	nan	CD4-positive, alpha-beta T cell	CL:0000084	Cd3e T cell	facs	3_9_M	465509.0	1948.0	male	nan	Spleen	nan	6	5
A10-MAA000607-3_9_M-1-1			3	A10.MAA000607.3_9_M.1.1-1-1	3_9_M	Thymus	False	1	False	A10.MAA000607.3_9_M.1.1-1-1	young_source_rule	A10.MAA000607.3_9_M.1.1-1-1-1	one_assay_suffix	3m	1	nan	thymocyte	CL:0002420	DN to DP transition (most are Cd8+/ Cd4+, some undergoing VDJ recombination)	facs	3_9_M	201433.0	1643.0	male	nan	Thymus	nan	21	23
A10-MAA000877-3_11_M-1-1			3	A10.MAA000877.3_11_M.1.1-1-1	3_11_M	MAT	False	1	False	A10.MAA000877.3_11_M.1.1-1-1	young_source_rule	A10.MAA000877.3_11_M.1.1-1-1-1	one_assay_suffix	3m	1	nan	CD8-positive, alpha-beta T cell	CL:0000084	nan	facs	3_11_M	1178190.0	2192.0	male	Fat	MAT	nan	4	9
A10-MAA000880-3_11_M-1-1			3	A10.MAA000880.3_11_M.1.1-1-1	3_11_M	Thymus	False	1	False	A10.MAA000880.3_11_M.1.1-1-1	young_source_rule	A10.MAA000880.3_11_M.1.1-1-1-1	one_assay_suffix	3m	1	nan	DN4 thymocyte	CL:0002420	DN4 thymocyte	facs	3_11_M	767229.0	1429.0	male	nan	Thymus	nan	6	9
A11-B000827-3_38_F-1-1			3	A11.B000827.3_38_F.1.1-1-1	3_38_F	Thymus	False	1	False	A11.B000827.3_38_F.1.1-1-1	young_source_rule	A11.B000827.3_38_F.1.1-1-1-1	one_assay_suffix	3m	1	nan	DN4 thymocyte	CL:0002420	DN4 thymocyte	facs	3_38_F	765088.0	2180.0	female	Flowthrough	Thymus	nan	6	5
A11-B001960-3_56_F-1-1			3	A11.B001960.3_56_F.1.1-1-1	3_56_F	BAT	False	1	False	A11.B001960.3_56_F.1.1-1-1	young_source_rule	A11.B001960.3_56_F.1.1-1-1-1	one_assay_suffix	3m	1	nan	T cell	CL:0000084	nan	facs	3_56_F	1024713.0	1347.0	female	Fat	BAT	nan	6	5
A11-B003291-3_39_F-1-1			3	A11.B003291.3_39_F.1.1-1-1	3_39_F	Thymus	False	1	False	A11.B003291.3_39_F.1.1-1-1	young_source_rule	A11.B003291.3_39_F.1.1-1-1-1	one_assay_suffix	3m	1	nan	DN4 thymocyte	CL:0002420	DN4 thymocyte	facs	3_39_F	555113.0	1686.0	female	Flowthrough	Thymus	nan	21	23
A11-MAA000388-3_11_M-1-1			3	A11.MAA000388.3_11_M.1.1-1-1	3_11_M	GAT	False	1	False	A11.MAA000388.3_11_M.1.1-1-1	young_source_rule	A11.MAA000388.3_11_M.1.1-1-1-1	one_assay_suffix	3m	1	nan	T cell	CL:0000084	nan	facs	3_11_M	248912.0	2133.0	male	Fat	GAT	nan	4	21
A11-MAA000607-3_9_M-1-1			3	A11.MAA000607.3_9_M.1.1-1-1	3_9_M	Thymus	False	1	False	A11.MAA000607.3_9_M.1.1-1-1	young_source_rule	A11.MAA000607.3_9_M.1.1-1-1-1	one_assay_suffix	3m	1	nan	thymocyte	CL:0002420	DN to DP transition (most are Cd8+/ Cd4+, some undergoing VDJ recombination)	facs	3_9_M	120815.0	1350.0	male	nan	Thymus	nan	21	23
A11-MAA000880-3_11_M-1-1			3	A11.MAA000880.3_11_M.1.1-1-1	3_11_M	Thymus	False	1	False	A11.MAA000880.3_11_M.1.1-1-1	young_source_rule	A11.MAA000880.3_11_M.1.1-1-1-1	one_assay_suffix	3m	1	nan	thymocyte	CL:0002420	DN to DP transition (most are Cd8+/ Cd4+, some undergoing VDJ recombination)	facs	3_11_M	342593.0	799.0	male	nan	Thymus	nan	21	23
A11-MAA000914-3_9_M-1-1			3	A11.MAA000914.3_9_M.1.1-1-1	3_9_M	MAT	False	1	False	A11.MAA000914.3_9_M.1.1-1-1	young_source_rule	A11.MAA000914.3_9_M.1.1-1-1-1	one_assay_suffix	3m	1	nan	CD8-positive, alpha-beta T cell	CL:0000084	nan	facs	3_9_M	186577.0	2388.0	male	Fat	MAT	nan	6	9
A12-B000827-3_38_F-1-1	21.0	2.0	3	A12.B000827.3_38_F.1.1-1-1	3_38_F	Thymus	True	2	True	A12.B000827.3_38_F.1.1-1-1	young_source_rule	A12.B000827.3_38_F.1.1-1-1-1	one_assay_suffix	3m	1	nan	DN4 thymocyte	CL:0002420	DN4 thymocyte	facs	3_38_F	618917.0	2478.0	female	Flowthrough	Thymus	nan	6	5
A12-B000971-3_39_F-1-1			3	A12.B000971.3_39_F.1.1-1-1	3_39_F	Spleen	False	1	False	A12.B000971.3_39_F.1.1-1-1	young_source_rule	A12.B000971.3_39_F.1.1-1-1-1	one_assay_suffix	3m	1	nan	CD8-positive, alpha-beta T cell	CL:0000084	nan	facs	3_39_F	863887.0	2223.0	female	nan	Spleen	nan	4	9
A12-B001960-3_56_F-1-1			3	A12.B001960.3_56_F.1.1-1-1	3_56_F	BAT	False	1	False	A12.B001960.3_56_F.1.1-1-1	young_source_rule	A12.B001960.3_56_F.1.1-1-1-1	one_assay_suffix	3m	1	nan	NK cell	CL:0000084	nan	facs	3_56_F	716136.0	1924.0	female	Fat	BAT	nan	4	21
A12-B003291-3_39_F-1-1			3	A12.B003291.3_39_F.1.1-1-1	3_39_F	Thymus	False	1	False	A12.B003291.3_39_F.1.1-1-1	young_source_rule	A12.B003291.3_39_F.1.1-1-1-1	one_assay_suffix	3m	1	nan	thymocyte	CL:0002420	DN to DP transition (most are Cd8+/ Cd4+, some undergoing VDJ recombination)	facs	3_39_F	530186.0	1331.0	female	Flowthrough	Thymus	nan	21	23
A12-MAA000556-3_9_M-1-1			3	A12.MAA000556.3_9_M.1.1-1-1	3_9_M	BAT	False	1	False	A12.MAA000556.3_9_M.1.1-1-1	young_source_rule	A12.MAA000556.3_9_M.1.1-1-1-1	one_assay_suffix	3m	1	nan	T cell	CL:0000084	nan	facs	3_9_M	98744.0	1669.0	male	Fat	BAT	nan	6	5
A12-MAA000607-3_9_M-1-1			3	A12.MAA000607.3_9_M.1.1-1-1	3_9_M	Thymus	False	1	False	A12.MAA000607.3_9_M.1.1-1-1	young_source_rule	A12.MAA000607.3_9_M.1.1-1-1-1	one_assay_suffix	3m	1	nan	thymocyte	CL:0002420	DN to DP transition (most are Cd8+/ Cd4+, some undergoing VDJ recombination)	facs	3_9_M	171319.0	1439.0	male	nan	Thymus	nan	21	23
A12-MAA000880-3_11_M-1-1			3	A12.MAA000880.3_11_M.1.1-1-1	3_11_M	Thymus	False	1	False	A12.MAA000880.3_11_M.1.1-1-1	young_source_rule	A12.MAA000880.3_11_M.1.1-1-1-1	one_assay_suffix	3m	1	nan	DN4 thymocyte	CL:0002420	DN4 thymocyte	facs	3_11_M	611385.0	2295.0	male	nan	Thymus	nan	4	21
A13-B003291-3_39_F-1-1			3	A13.B003291.3_39_F.1.1-1-1	3_39_F	Thymus	False	1	False	A13.B003291.3_39_F.1.1-1-1	young_source_rule	A13.B003291.3_39_F.1.1-1-1-1	one_assay_suffix	3m	1	nan	thymocyte	CL:0002420	DN to DP transition (most are Cd8+/ Cd4+, some undergoing VDJ recombination)	facs	3_39_F	818048.0	1055.0	female	Flowthrough	Thymus	nan	21	23
A13-MAA000442-3_11_M-1-1			3	A13.MAA000442.3_11_M.1.1-1-1	3_11_M	BAT	False	1	False	A13.MAA000442.3_11_M.1.1-1-1	young_source_rule	A13.MAA000442.3_11_M.1.1-1-1-1	one_assay_suffix	3m	1	nan	T cell	CL:0000084	nan	facs	3_11_M	62320.0	1390.0	male	Fat	BAT	nan	4	5
A13-MAA000607-3_9_M-1-1			3	A13.MAA000607.3_9_M.1.1-1-1	3_9_M	Thymus	False	1	False	A13.MAA000607.3_9_M.1.1-1-1	young_source_rule	A13.MAA000607.3_9_M.1.1-1-1-1	one_assay_suffix	3m	1	nan	DN4 thymocyte	CL:0002420	DN4 thymocyte	facs	3_9_M	169868.0	1574.0	male	nan	Thymus	nan	6	5
A13-MAA000880-3_11_M-1-1			3	A13.MAA000880.3_11_M.1.1-1-1	3_11_M	Thymus	False	1	False	A13.MAA000880.3_11_M.1.1-1-1	young_source_rule	A13.MAA000880.3_11_M.1.1-1-1-1	one_assay_suffix	3m	1	nan	thymocyte	CL:0002420	DN to DP transition (most are Cd8+/ Cd4+, some undergoing VDJ recombination)	facs	3_11_M	563678.0	2048.0	male	nan	Thymus	nan	21	23
A13-MAA000914-3_9_M-1-1			3	A13.MAA000914.3_9_M.1.1-1-1	3_9_M	MAT	False	1	False	A13.MAA000914.3_9_M.1.1-1-1	young_source_rule	A13.MAA000914.3_9_M.1.1-1-1-1	one_assay_suffix	3m	1	nan	CD4-positive, alpha-beta T cell	nan	nan	facs	3_9_M	17502.0	1255.0	male	Fat	MAT	nan	4	21
A14-B001750-3_38_F-1-1			3	A14.B001750.3_38_F.1.1-1-1	3_38_F	Spleen	False	1	False	A14.B001750.3_38_F.1.1-1-1	young_source_rule	A14.B001750.3_38_F.1.1-1-1-1	one_assay_suffix	3m	1	nan	CD4-positive, alpha-beta T cell	CL:0000084	Cd3e T cell	facs	3_38_F	488545.0	2342.0	female	nan	Spleen	nan	6	5
A14-B003291-3_39_F-1-1			3	A14.B003291.3_39_F.1.1-1-1	3_39_F	Thymus	False	1	False	A14.B003291.3_39_F.1.1-1-1	young_source_rule	A14.B003291.3_39_F.1.1-1-1-1	one_assay_suffix	3m	1	nan	DN4 thymocyte	CL:0002420	DN4 thymocyte	facs	3_39_F	1598452.0	1630.0	female	Flowthrough	Thymus	nan	6	5
A14-MAA000607-3_9_M-1-1			3	A14.MAA000607.3_9_M.1.1-1-1	3_9_M	Thymus	False	1	False	A14.MAA000607.3_9_M.1.1-1-1	young_source_rule	A14.MAA000607.3_9_M.1.1-1-1-1	one_assay_suffix	3m	1	nan	thymocyte	CL:0002420	DN to DP transition (most are Cd8+/ Cd4+, some undergoing VDJ recombination)	facs	3_9_M	144873.0	1506.0	male	nan	Thymus	nan	21	23
A14-MAA000779-3_11_M-1-1			3	A14.MAA000779.3_11_M.1.1-1-1	3_11_M	Spleen	False	1	False	A14.MAA000779.3_11_M.1.1-1-1	young_source_rule	A14.MAA000779.3_11_M.1.1-1-1-1	one_assay_suffix	3m	1	nan	CD8-positive, alpha-beta T cell	CL:0000084	nan	facs	3_11_M	273562.0	1649.0	male	nan	Spleen	nan	4	9
A14-MAA000877-3_11_M-1-1			3	A14.MAA000877.3_11_M.1.1-1-1	3_11_M	MAT	False	1	False	A14.MAA000877.3_11_M.1.1-1-1	young_source_rule	A14.MAA000877.3_11_M.1.1-1-1-1	one_assay_suffix	3m	1	nan	CD4-positive, alpha-beta T cell	CL:0000084	nan	facs	3_11_M	536848.0	1259.0	male	Fat	MAT	nan	6	5
A14-MAA000880-3_11_M-1-1			3	A14.MAA000880.3_11_M.1.1-1-1	3_11_M	Thymus	False	1	False	A14.MAA000880.3_11_M.1.1-1-1	young_source_rule	A14.MAA000880.3_11_M.1.1-1-1-1	one_assay_suffix	3m	1	nan	DN4 thymocyte	CL:0002420	DN4 thymocyte	facs	3_11_M	615029.0	1870.0	male	nan	Thymus	nan	6	5
A15-B000827-3_38_F-1-1	34.0	2.0	3	A15.B000827.3_38_F.1.1-1-1	3_38_F	Thymus	True	2	True	A15.B000827.3_38_F.1.1-1-1	young_source_rule	A15.B000827.3_38_F.1.1-1-1-1	one_assay_suffix	3m	1	nan	DN4 thymocyte	CL:0002420	DN4 thymocyte	facs	3_38_F	1170709.0	2667.0	female	Flowthrough	Thymus	nan	6	5
A15-B001960-3_56_F-1-1			3	A15.B001960.3_56_F.1.1-1-1	3_56_F	BAT	False	1	False	A15.B001960.3_56_F.1.1-1-1	young_source_rule	A15.B001960.3_56_F.1.1-1-1-1	one_assay_suffix	3m	1	nan	myeloid cell	CL:0000084	nan	facs	3_56_F	1855758.0	2894.0	female	Fat	BAT	nan	15	21
A15-B003285-3_38_F-1-1			3	A15.B003285.3_38_F.1.1-1-1	3_38_F	Thymus	False	1	False	A15.B003285.3_38_F.1.1-1-1	young_source_rule	A15.B003285.3_38_F.1.1-1-1-1	one_assay_suffix	3m	1	nan	thymocyte	CL:0002420	DN to DP transition (most are Cd8+/ Cd4+, some undergoing VDJ recombination)	facs	3_38_F	373518.0	1577.0	female	Epithelium	Thymus	nan	6	5
A15-B003291-3_39_F-1-1			3	A15.B003291.3_39_F.1.1-1-1	3_39_F	Thymus	False	1	False	A15.B003291.3_39_F.1.1-1-1	young_source_rule	A15.B003291.3_39_F.1.1-1-1-1	one_assay_suffix	3m	1	nan	thymocyte	CL:0002420	DN to DP transition (most are Cd8+/ Cd4+, some undergoing VDJ recombination)	facs	3_39_F	885396.0	1570.0	female	Flowthrough	Thymus	nan	21	23
A15-MAA000607-3_9_M-1-1			3	A15.MAA000607.3_9_M.1.1-1-1	3_9_M	Thymus	False	1	False	A15.MAA000607.3_9_M.1.1-1-1	young_source_rule	A15.MAA000607.3_9_M.1.1-1-1-1	one_assay_suffix	3m	1	nan	thymocyte	CL:0002420	proliferating thymocyte; DN to DP transition, dividing (some are Cd8+/ Cd4+, some undergoing VDJ recombination)	facs	3_9_M	816050.0	3914.0	male	nan	Thymus	nan	21	23
A15-MAA000880-3_11_M-1-1			3	A15.MAA000880.3_11_M.1.1-1-1	3_11_M	Thymus	False	1	False	A15.MAA000880.3_11_M.1.1-1-1	young_source_rule	A15.MAA000880.3_11_M.1.1-1-1-1	one_assay_suffix	3m	1	nan	DN4 thymocyte	CL:0002420	DN4 thymocyte	facs	3_11_M	552492.0	1233.0	male	nan	Thymus	nan	6	5
A16-B000971-3_39_F-1-1			3	A16.B000971.3_39_F.1.1-1-1	3_39_F	Spleen	False	1	False	A16.B000971.3_39_F.1.1-1-1	young_source_rule	A16.B000971.3_39_F.1.1-1-1-1	one_assay_suffix	3m	1	nan	CD4-positive, alpha-beta T cell	CL:0000084	Cd3e T cell	facs	3_39_F	856579.0	1738.0	female	nan	Spleen	nan	4	5
A16-B001750-3_38_F-1-1			3	A16.B001750.3_38_F.1.1-1-1	3_38_F	Spleen	False	1	False	A16.B001750.3_38_F.1.1-1-1	young_source_rule	A16.B001750.3_38_F.1.1-1-1-1	one_assay_suffix	3m	1	nan	CD4-positive, alpha-beta T cell	CL:0000084	Cd3e T cell	facs	3_38_F	483145.0	1966.0	female	nan	Spleen	nan	6	5
A16-B002423-3_39_F-1-1	28.0	2.0	3	A16.B002423.3_39_F.1.1-1-1	3_39_F	Heart	True	1	False	A16.B002423.3_39_F.1.1-1-1	young_source_rule	A16.B002423.3_39_F.1.1-1-1-1	one_assay_suffix	3m	1	nan	T cell	CL:0000738	T cell	facs	3_39_F	638799.0	1519.0	female	RV	Heart	nan	4	21
A16-B003291-3_39_F-1-1			3	A16.B003291.3_39_F.1.1-1-1	3_39_F	Thymus	False	1	False	A16.B003291.3_39_F.1.1-1-1	young_source_rule	A16.B003291.3_39_F.1.1-1-1-1	one_assay_suffix	3m	1	nan	thymocyte	CL:0002420	proliferating thymocyte; DN to DP transition, dividing (some are Cd8+/ Cd4+, some undergoing VDJ recombination)	facs	3_39_F	1982658.0	2643.0	female	Flowthrough	Thymus	nan	21	23
A16-D045058-3_39_F-1-1	32.0	2.0	3	A16.D045058.3_39_F.1.1-1-1	3_39_F	GAT	True	1	False	A16.D045058.3_39_F.1.1-1-1	young_source_rule	A16.D045058.3_39_F.1.1-1-1-1	one_assay_suffix	3m	1	nan	myeloid cell	CL:0000763	nan	facs	3_39_F	1495488.0	4899.0	female	Fat	GAT	nan	45	12
A16-D045067-3_38_F-1-1			3	A16.D045067.3_38_F.1.1-1-1	3_38_F	GAT	False	1	False	A16.D045067.3_38_F.1.1-1-1	young_source_rule	A16.D045067.3_38_F.1.1-1-1-1	one_assay_suffix	3m	1	nan	myeloid cell	CL:0000763	nan	facs	3_38_F	1774287.0	2837.0	female	Fat	GAT	nan	3	17
A16-MAA000607-3_9_M-1-1			3	A16.MAA000607.3_9_M.1.1-1-1	3_9_M	Thymus	False	1	False	A16.MAA000607.3_9_M.1.1-1-1	young_source_rule	A16.MAA000607.3_9_M.1.1-1-1-1	one_assay_suffix	3m	1	nan	thymocyte	CL:0002420	DN to DP transition (most are Cd8+/ Cd4+, some undergoing VDJ recombination)	facs	3_9_M	175357.0	1482.0	male	nan	Thymus	nan	21	23
A16-MAA000779-3_11_M-1-1			3	A16.MAA000779.3_11_M.1.1-1-1	3_11_M	Spleen	False	1	False	A16.MAA000779.3_11_M.1.1-1-1	young_source_rule	A16.MAA000779.3_11_M.1.1-1-1-1	one_assay_suffix	3m	1	nan	CD4-positive, alpha-beta T cell	CL:0000084	Cd3e T cell	facs	3_11_M	272321.0	1439.0	male	nan	Spleen	nan	6	5
A16-MAA000880-3_11_M-1-1	13.0	2.0	3	A16.MAA000880.3_11_M.1.1-1-1	3_11_M	Thymus	True	1	False	A16.MAA000880.3_11_M.1.1-1-1	young_source_rule	A16.MAA000880.3_11_M.1.1-1-1-1	one_assay_suffix	3m	1	nan	thymocyte	CL:0002420	proliferating thymocyte; DN to DP transition, dividing (some are Cd8+/ Cd4+, some undergoing VDJ recombination)	facs	3_11_M	659338.0	3075.0	male	nan	Thymus	nan	21	23
A17-B000827-3_38_F-1-1			3	A17.B000827.3_38_F.1.1-1-1	3_38_F	Thymus	False	1	False	A17.B000827.3_38_F.1.1-1-1	young_source_rule	A17.B000827.3_38_F.1.1-1-1-1	one_assay_suffix	3m	1	nan	DN4 thymocyte	CL:0002420	DN4 thymocyte	facs	3_38_F	1542674.0	2435.0	female	Flowthrough	Thymus	nan	6	5
A17-B003291-3_39_F-1-1			3	A17.B003291.3_39_F.1.1-1-1	3_39_F	Thymus	False	1	False	A17.B003291.3_39_F.1.1-1-1	young_source_rule	A17.B003291.3_39_F.1.1-1-1-1	one_assay_suffix	3m	1	nan	thymocyte	CL:0002420	DN to DP transition (most are Cd8+/ Cd4+, some undergoing VDJ recombination)	facs	3_39_F	2344813.0	1733.0	female	Flowthrough	Thymus	nan	21	23
A17-MAA000508-3_9_M-1-1			3	A17.MAA000508.3_9_M.1.1-1-1	3_9_M	Spleen	False	1	False	A17.MAA000508.3_9_M.1.1-1-1	young_source_rule	A17.MAA000508.3_9_M.1.1-1-1-1	one_assay_suffix	3m	1	nan	CD8-positive, alpha-beta T cell	CL:0000084	Cd3e T cell	facs	3_9_M	161879.0	1622.0	male	nan	Spleen	nan	6	5
A17-MAA000607-3_9_M-1-1			3	A17.MAA000607.3_9_M.1.1-1-1	3_9_M	Thymus	False	1	False	A17.MAA000607.3_9_M.1.1-1-1	young_source_rule	A17.MAA000607.3_9_M.1.1-1-1-1	one_assay_suffix	3m	1	nan	DN4 thymocyte	CL:0002420	DN4 thymocyte	facs	3_9_M	155405.0	1749.0	male	nan	Thymus	nan	6	5
A17-MAA000779-3_11_M-1-1			3	A17.MAA000779.3_11_M.1.1-1-1	3_11_M	Spleen	False	1	False	A17.MAA000779.3_11_M.1.1-1-1	young_source_rule	A17.MAA000779.3_11_M.1.1-1-1-1	one_assay_suffix	3m	1	nan	CD4-positive, alpha-beta T cell	CL:0000084	Cd3e T cell	facs	3_11_M	213312.0	1367.0	male	nan	Spleen	nan	6	5
A17-MAA000880-3_11_M-1-1			3	A17.MAA000880.3_11_M.1.1-1-1	3_11_M	Thymus	False	1	False	A17.MAA000880.3_11_M.1.1-1-1	young_source_rule	A17.MAA000880.3_11_M.1.1-1-1-1	one_assay_suffix	3m	1	nan	DN4 thymocyte	CL:0002420	DN4 thymocyte	facs	3_11_M	490742.0	1063.0	male	nan	Thymus	nan	6	5
A18-B000827-3_38_F-1-1			3	A18.B000827.3_38_F.1.1-1-1	3_38_F	Thymus	False	1	False	A18.B000827.3_38_F.1.1-1-1	young_source_rule	A18.B000827.3_38_F.1.1-1-1-1	one_assay_suffix	3m	1	nan	DN4 thymocyte	CL:0002420	DN4 thymocyte	facs	3_38_F	1809716.0	3412.0	female	Flowthrough	Thymus	nan	6	5
A18-MAA000607-3_9_M-1-1			3	A18.MAA000607.3_9_M.1.1-1-1	3_9_M	Thymus	False	1	False	A18.MAA000607.3_9_M.1.1-1-1	young_source_rule	A18.MAA000607.3_9_M.1.1-1-1-1	one_assay_suffix	3m	1	nan	thymocyte	CL:0002420	DN to DP transition (most are Cd8+/ Cd4+, some undergoing VDJ recombination)	facs	3_9_M	270074.0	1713.0	male	nan	Thymus	nan	21	23
A18-MAA000880-3_11_M-1-1			3	A18.MAA000880.3_11_M.1.1-1-1	3_11_M	Thymus	False	1	False	A18.MAA000880.3_11_M.1.1-1-1	young_source_rule	A18.MAA000880.3_11_M.1.1-1-1-1	one_assay_suffix	3m	1	nan	DN4 thymocyte	CL:0002420	DN4 thymocyte	facs	3_11_M	587462.0	1322.0	male	nan	Thymus	nan	6	5
A19-B000827-3_38_F-1-1			3	A19.B000827.3_38_F.1.1-1-1	3_38_F	Thymus	False	1	False	A19.B000827.3_38_F.1.1-1-1	young_source_rule	A19.B000827.3_38_F.1.1-1-1-1	one_assay_suffix	3m	1	nan	DN4 thymocyte	CL:0002420	DN4 thymocyte	facs	3_38_F	734726.0	2157.0	female	Flowthrough	Thymus	nan	6	5
A19-B003291-3_39_F-1-1			3	A19.B003291.3_39_F.1.1-1-1	3_39_F	Thymus	False	1	False	A19.B003291.3_39_F.1.1-1-1	young_source_rule	A19.B003291.3_39_F.1.1-1-1-1	one_assay_suffix	3m	1	nan	thymocyte	CL:0002420	DN to DP transition (most are Cd8+/ Cd4+, some undergoing VDJ recombination)	facs	3_39_F	1528556.0	1381.0	female	Flowthrough	Thymus	nan	21	23
A19-MAA000607-3_9_M-1-1			3	A19.MAA000607.3_9_M.1.1-1-1	3_9_M	Thymus	False	1	False	A19.MAA000607.3_9_M.1.1-1-1	young_source_rule	A19.MAA000607.3_9_M.1.1-1-1-1	one_assay_suffix	3m	1	nan	thymocyte	CL:0002420	DN to DP transition (most are Cd8+/ Cd4+, some undergoing VDJ recombination)	facs	3_9_M	210162.0	1694.0	male	nan	Thymus	nan	21	23
A19-MAA000880-3_11_M-1-1			3	A19.MAA000880.3_11_M.1.1-1-1	3_11_M	Thymus	False	1	False	A19.MAA000880.3_11_M.1.1-1-1	young_source_rule	A19.MAA000880.3_11_M.1.1-1-1-1	one_assay_suffix	3m	1	nan	DN4 thymocyte	CL:0002420	DN4 thymocyte	facs	3_11_M	295531.0	794.0	male	nan	Thymus	nan	6	23
A2-B003284-3_39_F-1-1			3	A2.B003284.3_39_F.1.1-1-1	3_39_F	Thymus	False	1	False	A2.B003284.3_39_F.1.1-1-1	young_source_rule	A2.B003284.3_39_F.1.1-1-1-1	one_assay_suffix	3m	1	nan	thymocyte	CL:0002420	DN to DP transition (most are Cd8+/ Cd4+, some undergoing VDJ recombination)	facs	3_39_F	1211283.0	1330.0	female	Epithelium	Thymus	nan	21	23
A20-B000827-3_38_F-1-1			3	A20.B000827.3_38_F.1.1-1-1	3_38_F	Thymus	False	1	False	A20.B000827.3_38_F.1.1-1-1	young_source_rule	A20.B000827.3_38_F.1.1-1-1-1	one_assay_suffix	3m	1	nan	DN4 thymocyte	CL:0002420	DN4 thymocyte	facs	3_38_F	614941.0	1828.0	female	Flowthrough	Thymus	nan	6	5
A20-B001750-3_38_F-1-1			3	A20.B001750.3_38_F.1.1-1-1	3_38_F	Spleen	False	1	False	A20.B001750.3_38_F.1.1-1-1	young_source_rule	A20.B001750.3_38_F.1.1-1-1-1	one_assay_suffix	3m	1	nan	CD8-positive, alpha-beta T cell	CL:0000084	nan	facs	3_38_F	509095.0	2042.0	female	nan	Spleen	nan	4	9
A20-B003291-3_39_F-1-1			3	A20.B003291.3_39_F.1.1-1-1	3_39_F	Thymus	False	1	False	A20.B003291.3_39_F.1.1-1-1	young_source_rule	A20.B003291.3_39_F.1.1-1-1-1	one_assay_suffix	3m	1	nan	thymocyte	CL:0002420	DN to DP transition (most are Cd8+/ Cd4+, some undergoing VDJ recombination)	facs	3_39_F	1642856.0	1554.0	female	Flowthrough	Thymus	nan	21	23
A20-MAA000607-3_9_M-1-1			3	A20.MAA000607.3_9_M.1.1-1-1	3_9_M	Thymus	False	1	False	A20.MAA000607.3_9_M.1.1-1-1	young_source_rule	A20.MAA000607.3_9_M.1.1-1-1-1	one_assay_suffix	3m	1	nan	thymocyte	CL:0002420	DN to DP transition (most are Cd8+/ Cd4+, some undergoing VDJ recombination)	facs	3_9_M	167460.0	1426.0	male	nan	Thymus	nan	21	23
A20-MAA000880-3_11_M-1-1			3	A20.MAA000880.3_11_M.1.1-1-1	3_11_M	Thymus	False	1	False	A20.MAA000880.3_11_M.1.1-1-1	young_source_rule	A20.MAA000880.3_11_M.1.1-1-1-1	one_assay_suffix	3m	1	nan	DN4 thymocyte	CL:0002420	DN4 thymocyte	facs	3_11_M	684121.0	1155.0	male	nan	Thymus	nan	6	5
A21-MAA000530-3_8_M-1-1			3	A21.MAA000530.3_8_M.1.1-1-1	3_8_M	Lung	False	1	False	A21.MAA000530.3_8_M.1.1-1-1	young_source_rule	A21.MAA000530.3_8_M.1.1-1-1-1	one_assay_suffix	3m	1	nan	CD4-positive, alpha-beta T cell	CL:0000084	CD4+ T	facs	3_8_M	556778.0	1786.0	male	nan	Lung	nan	4	5
A21-MAA000607-3_9_M-1-1			3	A21.MAA000607.3_9_M.1.1-1-1	3_9_M	Thymus	False	1	False	A21.MAA000607.3_9_M.1.1-1-1	young_source_rule	A21.MAA000607.3_9_M.1.1-1-1-1	one_assay_suffix	3m	1	nan	thymocyte	CL:0002420	DN to DP transition (most are Cd8+/ Cd4+, some undergoing VDJ recombination)	facs	3_9_M	149506.0	1444.0	male	nan	Thymus	nan	21	23
A21-MAA001895-3_38_F-1-1			3	A21.MAA001895.3_38_F.1.1-1-1	3_38_F	Brain_Non-Myeloid	False	1	False	A21.MAA001895.3_38_F.1.1-1-1	young_source_rule	A21.MAA001895.3_38_F.1.1-1-1-1	one_assay_suffix	3m	1	nan	CD8-positive, alpha-beta T cell	CL:0000128	nan	facs	3_38_F	53822.0	1818.0	female	Cortex	Brain_Non-Myeloid	nan	6	5
A22-B001750-3_38_F-1-1			3	A22.B001750.3_38_F.1.1-1-1	3_38_F	Spleen	False	1	False	A22.B001750.3_38_F.1.1-1-1	young_source_rule	A22.B001750.3_38_F.1.1-1-1-1	one_assay_suffix	3m	1	nan	CD4-positive, alpha-beta T cell	CL:0000084	Cd3e T cell	facs	3_38_F	398504.0	1881.0	female	nan	Spleen	nan	6	5
A22-MAA000508-3_9_M-1-1			3	A22.MAA000508.3_9_M.1.1-1-1	3_9_M	Spleen	False	1	False	A22.MAA000508.3_9_M.1.1-1-1	young_source_rule	A22.MAA000508.3_9_M.1.1-1-1-1	one_assay_suffix	3m	1	nan	CD4-positive, alpha-beta T cell	CL:0000084	Cd3e T cell	facs	3_9_M	393876.0	2510.0	male	nan	Spleen	nan	4	21
A22-MAA000607-3_9_M-1-1			3	A22.MAA000607.3_9_M.1.1-1-1	3_9_M	Thymus	False	1	False	A22.MAA000607.3_9_M.1.1-1-1	young_source_rule	A22.MAA000607.3_9_M.1.1-1-1-1	one_assay_suffix	3m	1	nan	DN4 thymocyte	CL:0002420	DN4 thymocyte	facs	3_9_M	327613.0	1913.0	male	nan	Thymus	nan	6	5
A22-MAA000609-3_8_M-1-1			3	A22.MAA000609.3_8_M.1.1-1-1	3_8_M	Thymus	False	1	False	A22.MAA000609.3_8_M.1.1-1-1	young_source_rule	A22.MAA000609.3_8_M.1.1-1-1-1	one_assay_suffix	3m	1	nan	thymocyte	CL:0002420	DN to DP transition (most are Cd8+/ Cd4+, some undergoing VDJ recombination)	facs	3_8_M	151218.0	1278.0	male	nan	Thymus	nan	21	23
A22-MAA000779-3_11_M-1-1			3	A22.MAA000779.3_11_M.1.1-1-1	3_11_M	Spleen	False	1	False	A22.MAA000779.3_11_M.1.1-1-1	young_source_rule	A22.MAA000779.3_11_M.1.1-1-1-1	one_assay_suffix	3m	1	nan	CD4-positive, alpha-beta T cell	CL:0000084	Cd3e T cell	facs	3_11_M	245966.0	1362.0	male	nan	Spleen	nan	6	5
A22-MAA000880-3_11_M-1-1			3	A22.MAA000880.3_11_M.1.1-1-1	3_11_M	Thymus	False	1	False	A22.MAA000880.3_11_M.1.1-1-1	young_source_rule	A22.MAA000880.3_11_M.1.1-1-1-1	one_assay_suffix	3m	1	nan	DN4 thymocyte	CL:0002420	DN4 thymocyte	facs	3_11_M	667636.0	1169.0	male	nan	Thymus	nan	6	5
A3-B003291-3_39_F-1-1			3	A3.B003291.3_39_F.1.1-1-1	3_39_F	Thymus	False	1	False	A3.B003291.3_39_F.1.1-1-1	young_source_rule	A3.B003291.3_39_F.1.1-1-1-1	one_assay_suffix	3m	1	nan	thymocyte	CL:0002420	DN to DP transition (most are Cd8+/ Cd4+, some undergoing VDJ recombination)	facs	3_39_F	531002.0	1532.0	female	Flowthrough	Thymus	nan	21	23
A3-MAA000607-3_9_M-1-1			3	A3.MAA000607.3_9_M.1.1-1-1	3_9_M	Thymus	False	1	False	A3.MAA000607.3_9_M.1.1-1-1	young_source_rule	A3.MAA000607.3_9_M.1.1-1-1-1	one_assay_suffix	3m	1	nan	thymocyte	CL:0002420	DN to DP transition (most are Cd8+/ Cd4+, some undergoing VDJ recombination)	facs	3_9_M	185024.0	1391.0	male	nan	Thymus	nan	21	23
A3-MAA000609-3_8_M-1-1			3	A3.MAA000609.3_8_M.1.1-1-1	3_8_M	Thymus	False	1	False	A3.MAA000609.3_8_M.1.1-1-1	young_source_rule	A3.MAA000609.3_8_M.1.1-1-1-1	one_assay_suffix	3m	1	nan	thymocyte	CL:0002420	proliferating thymocyte; DN to DP transition, dividing (some are Cd8+/ Cd4+, some undergoing VDJ recombination)	facs	3_8_M	2126267.0	3232.0	male	nan	Thymus	nan	21	23
A3-MAA001889-3_38_F-1-1	31.0	3.0	3	A3.MAA001889.3_38_F.1.1-1-1	3_38_F	Lung	True	3	True	A3.MAA001889.3_38_F.1.1-1-1	young_source_rule	A3.MAA001889.3_38_F.1.1-1-1-1	one_assay_suffix	3m	1	nan	fibroblast of lung	nan	Alveolar Fibroblast	facs	3_38_F	35557.0	1043.0	female	EPCAM	Lung	nan	6	5
A4-B003291-3_39_F-1-1			3	A4.B003291.3_39_F.1.1-1-1	3_39_F	Thymus	False	1	False	A4.B003291.3_39_F.1.1-1-1	young_source_rule	A4.B003291.3_39_F.1.1-1-1-1	one_assay_suffix	3m	1	nan	thymocyte	CL:0002420	DN to DP transition (most are Cd8+/ Cd4+, some undergoing VDJ recombination)	facs	3_39_F	476114.0	2190.0	female	Flowthrough	Thymus	nan	21	23
A4-MAA000607-3_9_M-1-1			3	A4.MAA000607.3_9_M.1.1-1-1	3_9_M	Thymus	False	1	False	A4.MAA000607.3_9_M.1.1-1-1	young_source_rule	A4.MAA000607.3_9_M.1.1-1-1-1	one_assay_suffix	3m	1	nan	thymocyte	CL:0002420	DN to DP transition (most are Cd8+/ Cd4+, some undergoing VDJ recombination)	facs	3_9_M	205673.0	1519.0	male	nan	Thymus	nan	21	23
A4-MAA000844-3_10_M-1-1			3	A4.MAA000844.3_10_M.1.1-1-1	3_10_M	Marrow	False	1	False	A4.MAA000844.3_10_M.1.1-1-1	young_source_rule	A4.MAA000844.3_10_M.1.1-1-1-1	one_assay_suffix	3m	1	nan	mature alpha-beta T cell	CL:0002420	BM CD8 + CD4 T cell	facs	3_10_M	559963.0	2222.0	male	T-cells	Marrow	nan	4	9
A4-MAA000914-3_9_M-1-1			3	A4.MAA000914.3_9_M.1.1-1-1	3_9_M	MAT	False	1	False	A4.MAA000914.3_9_M.1.1-1-1	young_source_rule	A4.MAA000914.3_9_M.1.1-1-1-1	one_assay_suffix	3m	1	nan	CD4-positive, alpha-beta T cell	nan	nan	facs	3_9_M	37006.0	1261.0	male	Fat	MAT	nan	4	21
A4-MAA001889-3_38_F-1-1	31.0	3.0	3	A4.MAA001889.3_38_F.1.1-1-1	3_38_F	Lung	True	3	True	A4.MAA001889.3_38_F.1.1-1-1	young_source_rule		unmatched																
A5-B003291-3_39_F-1-1			3	A5.B003291.3_39_F.1.1-1-1	3_39_F	Thymus	False	1	False	A5.B003291.3_39_F.1.1-1-1	young_source_rule	A5.B003291.3_39_F.1.1-1-1-1	one_assay_suffix	3m	1	nan	thymocyte	CL:0002420	DN to DP transition (most are Cd8+/ Cd4+, some undergoing VDJ recombination)	facs	3_39_F	1318421.0	1495.0	female	Flowthrough	Thymus	nan	21	23
A5-MAA000508-3_9_M-1-1			3	A5.MAA000508.3_9_M.1.1-1-1	3_9_M	Spleen	False	1	False	A5.MAA000508.3_9_M.1.1-1-1	young_source_rule	A5.MAA000508.3_9_M.1.1-1-1-1	one_assay_suffix	3m	1	nan	CD8-positive, alpha-beta T cell	CL:0000084	Cd3e T cell	facs	3_9_M	425542.0	2528.0	male	nan	Spleen	nan	6	5
A5-MAA001889-3_38_F-1-1	31.0	3.0	3	A5.MAA001889.3_38_F.1.1-1-1	3_38_F	Lung	True	3	True	A5.MAA001889.3_38_F.1.1-1-1	young_source_rule		unmatched																
A6-B003285-3_38_F-1-1			3	A6.B003285.3_38_F.1.1-1-1	3_38_F	Thymus	False	1	False	A6.B003285.3_38_F.1.1-1-1	young_source_rule	A6.B003285.3_38_F.1.1-1-1-1	one_assay_suffix	3m	1	nan	thymocyte	CL:0002420	DN to DP transition (most are Cd8+/ Cd4+, some undergoing VDJ recombination)	facs	3_38_F	621339.0	1407.0	female	Epithelium	Thymus	nan	21	23
A6-B003291-3_39_F-1-1			3	A6.B003291.3_39_F.1.1-1-1	3_39_F	Thymus	False	1	False	A6.B003291.3_39_F.1.1-1-1	young_source_rule	A6.B003291.3_39_F.1.1-1-1-1	one_assay_suffix	3m	1	nan	thymocyte	CL:0002420	DN to DP transition (most are Cd8+/ Cd4+, some undergoing VDJ recombination)	facs	3_39_F	1398474.0	1780.0	female	Flowthrough	Thymus	nan	21	23
A6-MAA000508-3_9_M-1-1			3	A6.MAA000508.3_9_M.1.1-1-1	3_9_M	Spleen	False	1	False	A6.MAA000508.3_9_M.1.1-1-1	young_source_rule	A6.MAA000508.3_9_M.1.1-1-1-1	one_assay_suffix	3m	1	nan	B cell	CL:0000236	CD79a B cell	facs	3_9_M	299150.0	2265.0	male	nan	Spleen	nan	0	0
A6-MAA000607-3_9_M-1-1			3	A6.MAA000607.3_9_M.1.1-1-1	3_9_M	Thymus	False	1	False	A6.MAA000607.3_9_M.1.1-1-1	young_source_rule	A6.MAA000607.3_9_M.1.1-1-1-1	one_assay_suffix	3m	1	nan	thymocyte	CL:0002420	DN to DP transition (most are Cd8+/ Cd4+, some undergoing VDJ recombination)	facs	3_9_M	166693.0	1448.0	male	nan	Thymus	nan	6	23
A6-MAA000609-3_8_M-1-1			3	A6.MAA000609.3_8_M.1.1-1-1	3_8_M	Thymus	False	1	False	A6.MAA000609.3_8_M.1.1-1-1	young_source_rule	A6.MAA000609.3_8_M.1.1-1-1-1	one_assay_suffix	3m	1	nan	thymocyte	CL:0002420	DN to DP transition (most are Cd8+/ Cd4+, some undergoing VDJ recombination)	facs	3_8_M	1662037.0	2575.0	male	nan	Thymus	nan	21	23
A7-B000827-3_38_F-1-1			3	A7.B000827.3_38_F.1.1-1-1	3_38_F	Thymus	False	1	False	A7.B000827.3_38_F.1.1-1-1	young_source_rule	A7.B000827.3_38_F.1.1-1-1-1	one_assay_suffix	3m	1	nan	DN4 thymocyte	CL:0002420	DN4 thymocyte	facs	3_38_F	488999.0	1793.0	female	Flowthrough	Thymus	nan	6	5
A7-B000971-3_39_F-1-1			3	A7.B000971.3_39_F.1.1-1-1	3_39_F	Spleen	False	1	False	A7.B000971.3_39_F.1.1-1-1	young_source_rule	A7.B000971.3_39_F.1.1-1-1-1	one_assay_suffix	3m	1	nan	CD8-positive, alpha-beta T cell	CL:0000084	Cd3e T cell	facs	3_39_F	742562.0	1788.0	female	nan	Spleen	nan	6	5
A7-B003291-3_39_F-1-1			3	A7.B003291.3_39_F.1.1-1-1	3_39_F	Thymus	False	1	False	A7.B003291.3_39_F.1.1-1-1	young_source_rule	A7.B003291.3_39_F.1.1-1-1-1	one_assay_suffix	3m	1	nan	thymocyte	CL:0002420	DN to DP transition (most are Cd8+/ Cd4+, some undergoing VDJ recombination)	facs	3_39_F	534865.0	1340.0	female	Flowthrough	Thymus	nan	21	23
A7-MAA000508-3_9_M-1-1			3	A7.MAA000508.3_9_M.1.1-1-1	3_9_M	Spleen	False	1	False	A7.MAA000508.3_9_M.1.1-1-1	young_source_rule	A7.MAA000508.3_9_M.1.1-1-1-1	one_assay_suffix	3m	1	nan	CD8-positive, alpha-beta T cell	CL:0000084	Cd3e T cell	facs	3_9_M	417676.0	2309.0	male	nan	Spleen	nan	4	5
A7-MAA000556-3_9_M-1-1			3	A7.MAA000556.3_9_M.1.1-1-1	3_9_M	BAT	False	1	False	A7.MAA000556.3_9_M.1.1-1-1	young_source_rule	A7.MAA000556.3_9_M.1.1-1-1-1	one_assay_suffix	3m	1	nan	T cell	CL:0000084	nan	facs	3_9_M	182534.0	2071.0	male	Fat	BAT	nan	4	9
A7-MAA000607-3_9_M-1-1			3	A7.MAA000607.3_9_M.1.1-1-1	3_9_M	Thymus	False	1	False	A7.MAA000607.3_9_M.1.1-1-1	young_source_rule	A7.MAA000607.3_9_M.1.1-1-1-1	one_assay_suffix	3m	1	nan	thymocyte	CL:0002420	DN to DP transition (most are Cd8+/ Cd4+, some undergoing VDJ recombination)	facs	3_9_M	178367.0	1537.0	male	nan	Thymus	nan	21	23
A7-MAA000609-3_8_M-1-1			3	A7.MAA000609.3_8_M.1.1-1-1	3_8_M	Thymus	False	1	False	A7.MAA000609.3_8_M.1.1-1-1	young_source_rule	A7.MAA000609.3_8_M.1.1-1-1-1	one_assay_suffix	3m	1	nan	DN4 thymocyte	CL:0002420	DN4 thymocyte	facs	3_8_M	615266.0	2029.0	male	nan	Thymus	nan	4	21
A7-MAA000880-3_11_M-1-1			3	A7.MAA000880.3_11_M.1.1-1-1	3_11_M	Thymus	False	1	False	A7.MAA000880.3_11_M.1.1-1-1	young_source_rule	A7.MAA000880.3_11_M.1.1-1-1-1	one_assay_suffix	3m	1	nan	DN4 thymocyte	CL:0002420	DN4 thymocyte	facs	3_11_M	946851.0	1468.0	male	nan	Thymus	nan	6	5
A8-B000827-3_38_F-1-1			3	A8.B000827.3_38_F.1.1-1-1	3_38_F	Thymus	False	1	False	A8.B000827.3_38_F.1.1-1-1	young_source_rule	A8.B000827.3_38_F.1.1-1-1-1	one_assay_suffix	3m	1	nan	DN4 thymocyte	CL:0002420	DN4 thymocyte	facs	3_38_F	987752.0	2522.0	female	Flowthrough	Thymus	nan	6	5
A8-B000971-3_39_F-1-1			3	A8.B000971.3_39_F.1.1-1-1	3_39_F	Spleen	False	1	False	A8.B000971.3_39_F.1.1-1-1	young_source_rule	A8.B000971.3_39_F.1.1-1-1-1	one_assay_suffix	3m	1	nan	CD4-positive, alpha-beta T cell	CL:0000084	Cd3e T cell	facs	3_39_F	652198.0	1595.0	female	nan	Spleen	nan	6	5
A8-MAA000607-3_9_M-1-1			3	A8.MAA000607.3_9_M.1.1-1-1	3_9_M	Thymus	False	1	False	A8.MAA000607.3_9_M.1.1-1-1	young_source_rule	A8.MAA000607.3_9_M.1.1-1-1-1	one_assay_suffix	3m	1	nan	thymocyte	CL:0002420	DN to DP transition (most are Cd8+/ Cd4+, some undergoing VDJ recombination)	facs	3_9_M	121492.0	1243.0	male	nan	Thymus	nan	21	23
A8-MAA000609-3_8_M-1-1			3	A8.MAA000609.3_8_M.1.1-1-1	3_8_M	Thymus	False	1	False	A8.MAA000609.3_8_M.1.1-1-1	young_source_rule	A8.MAA000609.3_8_M.1.1-1-1-1	one_assay_suffix	3m	1	nan	thymocyte	CL:0002420	DN to DP transition (most are Cd8+/ Cd4+, some undergoing VDJ recombination)	facs	3_8_M	231169.0	1371.0	male	nan	Thymus	nan	21	23
A8-MAA000844-3_10_M-1-1			3	A8.MAA000844.3_10_M.1.1-1-1	3_10_M	Marrow	False	1	False	A8.MAA000844.3_10_M.1.1-1-1	young_source_rule	A8.MAA000844.3_10_M.1.1-1-1-1	one_assay_suffix	3m	1	nan	mature alpha-beta T cell	CL:0002420	BM CD8 + CD4 T cell	facs	3_10_M	365087.0	2056.0	male	T-cells	Marrow	nan	4	9
A9-B000971-3_39_F-1-1			3	A9.B000971.3_39_F.1.1-1-1	3_39_F	Spleen	False	1	False	A9.B000971.3_39_F.1.1-1-1	young_source_rule	A9.B000971.3_39_F.1.1-1-1-1	one_assay_suffix	3m	1	nan	CD8-positive, alpha-beta T cell	CL:0000084	Cd3e T cell	facs	3_39_F	545107.0	1260.0	female	nan	Spleen	nan	6	5
A9-B001750-3_38_F-1-1			3	A9.B001750.3_38_F.1.1-1-1	3_38_F	Spleen	False	1	False	A9.B001750.3_38_F.1.1-1-1	young_source_rule	A9.B001750.3_38_F.1.1-1-1-1	one_assay_suffix	3m	1	nan	CD8-positive, alpha-beta T cell	CL:0000084	nan	facs	3_38_F	167477.0	2918.0	female	nan	Spleen	nan	4	9
A9-B002314-3_56_F-1-1			3	A9.B002314.3_56_F.1.1-1-1	3_56_F	MAT	False	1	False	A9.B002314.3_56_F.1.1-1-1	young_source_rule	A9.B002314.3_56_F.1.1-1-1-1	one_assay_suffix	3m	1	nan	CD8-positive, alpha-beta T cell	CL:0000084	nan	facs	3_56_F	912588.0	1736.0	female	Fat	MAT	nan	6	5
A9-B003291-3_39_F-1-1			3	A9.B003291.3_39_F.1.1-1-1	3_39_F	Thymus	False	1	False	A9.B003291.3_39_F.1.1-1-1	young_source_rule	A9.B003291.3_39_F.1.1-1-1-1	one_assay_suffix	3m	1	nan	thymocyte	CL:0002420	DN to DP transition (most are Cd8+/ Cd4+, some undergoing VDJ recombination)	facs	3_39_F	964472.0	1393.0	female	Flowthrough	Thymus	nan	21	23
A9-MAA000442-3_11_M-1-1			3	A9.MAA000442.3_11_M.1.1-1-1	3_11_M	BAT	False	1	False	A9.MAA000442.3_11_M.1.1-1-1	young_source_rule	A9.MAA000442.3_11_M.1.1-1-1-1	one_assay_suffix	3m	1	nan	myeloid cell	CL:0000763	nan	facs	3_11_M	236569.0	6847.0	male	Fat	BAT	nan	17	36
A9-MAA000607-3_9_M-1-1			3	A9.MAA000607.3_9_M.1.1-1-1	3_9_M	Thymus	False	1	False	A9.MAA000607.3_9_M.1.1-1-1	young_source_rule	A9.MAA000607.3_9_M.1.1-1-1-1	one_assay_suffix	3m	1	nan	DN4 thymocyte	CL:0002420	DN4 thymocyte	facs	3_9_M	786038.0	4116.0	male	nan	Thymus	nan	6	5
A9-MAA000609-3_8_M-1-1			3	A9.MAA000609.3_8_M.1.1-1-1	3_8_M	Thymus	False	1	False	A9.MAA000609.3_8_M.1.1-1-1	young_source_rule	A9.MAA000609.3_8_M.1.1-1-1-1	one_assay_suffix	3m	1	nan	thymocyte	CL:0002420	DN to DP transition (most are Cd8+/ Cd4+, some undergoing VDJ recombination)	facs	3_8_M	521469.0	2500.0	male	nan	Thymus	nan	21	23
A9-MAA000880-3_11_M-1-1			3	A9.MAA000880.3_11_M.1.1-1-1	3_11_M	Thymus	False	1	False	A9.MAA000880.3_11_M.1.1-1-1	young_source_rule	A9.MAA000880.3_11_M.1.1-1-1-1	one_assay_suffix	3m	1	nan	DN4 thymocyte	CL:0002420	DN4 thymocyte	facs	3_11_M	589995.0	1091.0	male	nan	Thymus	nan	6	5
A9-MAA000934-3_9_M-1-1			3	A9.MAA000934.3_9_M.1.1-1-1	3_9_M	SCAT	False	1	False	A9.MAA000934.3_9_M.1.1-1-1	young_source_rule	A9.MAA000934.3_9_M.1.1-1-1-1	one_assay_suffix	3m	1	nan	CD8-positive, alpha-beta T cell	CL:0000084	nan	facs	3_9_M	261555.0	1726.0	male	Fat	SCAT	nan	4	9
B1-B000827-3_38_F-1-1			3	B1.B000827.3_38_F.1.1-1-1	3_38_F	Thymus	False	1	False	B1.B000827.3_38_F.1.1-1-1	young_source_rule	B1.B000827.3_38_F.1.1-1-1-1	one_assay_suffix	3m	1	nan	DN4 thymocyte	CL:0002420	DN4 thymocyte	facs	3_38_F	1717123.0	1918.0	female	Flowthrough	Thymus	nan	6	5
B1-B001750-3_38_F-1-1			3	B1.B001750.3_38_F.1.1-1-1	3_38_F	Spleen	False	1	False	B1.B001750.3_38_F.1.1-1-1	young_source_rule	B1.B001750.3_38_F.1.1-1-1-1	one_assay_suffix	3m	1	nan	CD8-positive, alpha-beta T cell	CL:0000084	nan	facs	3_38_F	1560436.0	2405.0	female	nan	Spleen	nan	4	21
B1-B003291-3_39_F-1-1			3	B1.B003291.3_39_F.1.1-1-1	3_39_F	Thymus	False	1	False	B1.B003291.3_39_F.1.1-1-1	young_source_rule	B1.B003291.3_39_F.1.1-1-1-1	one_assay_suffix	3m	1	nan	thymocyte	CL:0002420	DN to DP transition (most are Cd8+/ Cd4+, some undergoing VDJ recombination)	facs	3_39_F	854423.0	1464.0	female	Flowthrough	Thymus	nan	21	23
B1-MAA000607-3_9_M-1-1			3	B1.MAA000607.3_9_M.1.1-1-1	3_9_M	Thymus	False	1	False	B1.MAA000607.3_9_M.1.1-1-1	young_source_rule	B1.MAA000607.3_9_M.1.1-1-1-1	one_assay_suffix	3m	1	nan	thymocyte	CL:0002420	DN to DP transition (most are Cd8+/ Cd4+, some undergoing VDJ recombination)	facs	3_9_M	424654.0	2854.0	male	nan	Thymus	nan	21	23
B1-MAA001888-3_39_F-1-1			3	B1.MAA001888.3_39_F.1.1-1-1	3_39_F	Marrow	False	1	False	B1.MAA001888.3_39_F.1.1-1-1	young_source_rule	B1.MAA001888.3_39_F.1.1-1-1-1	one_assay_suffix	3m	1	nan	mature alpha-beta T cell	CL:0000815	BM CD8 + CD4 T cell	facs	3_39_F	240500.0	2738.0	female	T-cells	Marrow	nan	6	5
B10-B000971-3_39_F-1-1			3	B10.B000971.3_39_F.1.1-1-1	3_39_F	Spleen	False	1	False	B10.B000971.3_39_F.1.1-1-1	young_source_rule	B10.B000971.3_39_F.1.1-1-1-1	one_assay_suffix	3m	1	nan	CD8-positive, alpha-beta T cell	CL:0000084	Cd3e T cell	facs	3_39_F	776017.0	1341.0	female	nan	Spleen	nan	6	5
B10-B002955-3_56_F-1-1			3	B10.B002955.3_56_F.1.1-1-1	3_56_F	GAT	False	1	False	B10.B002955.3_56_F.1.1-1-1	young_source_rule	B10.B002955.3_56_F.1.1-1-1-1	one_assay_suffix	3m	1	nan	CD4-positive, alpha-beta T cell	CL:0000084	nan	facs	3_56_F	403281.0	1474.0	female	Fat	GAT	nan	4	21
B10-B003291-3_39_F-1-1			3	B10.B003291.3_39_F.1.1-1-1	3_39_F	Thymus	False	1	False	B10.B003291.3_39_F.1.1-1-1	young_source_rule	B10.B003291.3_39_F.1.1-1-1-1	one_assay_suffix	3m	1	nan	thymocyte	CL:0002420	DN to DP transition (most are Cd8+/ Cd4+, some undergoing VDJ recombination)	facs	3_39_F	1177228.0	1515.0	female	Flowthrough	Thymus	nan	21	23
B10-MAA000442-3_11_M-1-1			3	B10.MAA000442.3_11_M.1.1-1-1	3_11_M	BAT	False	1	False	B10.MAA000442.3_11_M.1.1-1-1	young_source_rule	B10.MAA000442.3_11_M.1.1-1-1-1	one_assay_suffix	3m	1	nan	T cell	CL:0000084	nan	facs	3_11_M	52524.0	1540.0	male	Fat	BAT	nan	6	5
B10-MAA000607-3_9_M-1-1			3	B10.MAA000607.3_9_M.1.1-1-1	3_9_M	Thymus	False	1	False	B10.MAA000607.3_9_M.1.1-1-1	young_source_rule	B10.MAA000607.3_9_M.1.1-1-1-1	one_assay_suffix	3m	1	nan	DN4 thymocyte	CL:0002420	DN4 thymocyte	facs	3_9_M	287154.0	2353.0	male	nan	Thymus	nan	6	5
B10-MAA000609-3_8_M-1-1			3	B10.MAA000609.3_8_M.1.1-1-1	3_8_M	Thymus	False	1	False	B10.MAA000609.3_8_M.1.1-1-1	young_source_rule	B10.MAA000609.3_8_M.1.1-1-1-1	one_assay_suffix	3m	1	nan	thymocyte	CL:0002420	DN to DP transition (most are Cd8+/ Cd4+, some undergoing VDJ recombination)	facs	3_8_M	187706.0	1660.0	male	nan	Thymus	nan	21	23
B10-MAA000779-3_11_M-1-1			3	B10.MAA000779.3_11_M.1.1-1-1	3_11_M	Spleen	False	1	False	B10.MAA000779.3_11_M.1.1-1-1	young_source_rule	B10.MAA000779.3_11_M.1.1-1-1-1	one_assay_suffix	3m	1	nan	CD8-positive, alpha-beta T cell	CL:0000084	Cd3e T cell	facs	3_11_M	244479.0	1702.0	male	nan	Spleen	nan	6	5
B10-MAA000877-3_11_M-1-1			3	B10.MAA000877.3_11_M.1.1-1-1	3_11_M	MAT	False	1	False	B10.MAA000877.3_11_M.1.1-1-1	young_source_rule	B10.MAA000877.3_11_M.1.1-1-1-1	one_assay_suffix	3m	1	nan	CD4-positive, alpha-beta T cell	CL:0000084	nan	facs	3_11_M	900356.0	1869.0	male	Fat	MAT	nan	6	5
B10-MAA000880-3_11_M-1-1			3	B10.MAA000880.3_11_M.1.1-1-1	3_11_M	Thymus	False	1	False	B10.MAA000880.3_11_M.1.1-1-1	young_source_rule	B10.MAA000880.3_11_M.1.1-1-1-1	one_assay_suffix	3m	1	nan	DN4 thymocyte	CL:0002420	DN4 thymocyte	facs	3_11_M	814287.0	1862.0	male	nan	Thymus	nan	6	5
B11-B002955-3_56_F-1-1			3	B11.B002955.3_56_F.1.1-1-1	3_56_F	GAT	False	1	False	B11.B002955.3_56_F.1.1-1-1	young_source_rule	B11.B002955.3_56_F.1.1-1-1-1	one_assay_suffix	3m	1	nan	CD4-positive, alpha-beta T cell	CL:0000084	nan	facs	3_56_F	257234.0	1974.0	female	Fat	GAT	nan	6	5
B11-B003291-3_39_F-1-1			3	B11.B003291.3_39_F.1.1-1-1	3_39_F	Thymus	False	1	False	B11.B003291.3_39_F.1.1-1-1	young_source_rule	B11.B003291.3_39_F.1.1-1-1-1	one_assay_suffix	3m	1	nan	thymocyte	CL:0002420	DN to DP transition (most are Cd8+/ Cd4+, some undergoing VDJ recombination)	facs	3_39_F	790469.0	1720.0	female	Flowthrough	Thymus	nan	21	23
B11-D043526-3_39_F-1-1			3	B11.D043526.3_39_F.1.1-1-1	3_39_F	SCAT	False	1	False	B11.D043526.3_39_F.1.1-1-1	young_source_rule	B11.D043526.3_39_F.1.1-1-1-1	one_assay_suffix	3m	1	nan	NK cell	CL:0000084	nan	facs	3_39_F	425315.0	2153.0	female	Fat	SCAT	nan	4	21
B11-MAA000556-3_9_M-1-1			3	B11.MAA000556.3_9_M.1.1-1-1	3_9_M	BAT	False	1	False	B11.MAA000556.3_9_M.1.1-1-1	young_source_rule	B11.MAA000556.3_9_M.1.1-1-1-1	one_assay_suffix	3m	1	nan	T cell	CL:0000084	nan	facs	3_9_M	153703.0	1869.0	male	Fat	BAT	nan	6	5
B11-MAA000607-3_9_M-1-1			3	B11.MAA000607.3_9_M.1.1-1-1	3_9_M	Thymus	False	1	False	B11.MAA000607.3_9_M.1.1-1-1	young_source_rule	B11.MAA000607.3_9_M.1.1-1-1-1	one_assay_suffix	3m	1	nan	thymocyte	CL:0002420	DN to DP transition (most are Cd8+/ Cd4+, some undergoing VDJ recombination)	facs	3_9_M	136092.0	1461.0	male	nan	Thymus	nan	21	23
B11-MAA000844-3_10_M-1-1			3	B11.MAA000844.3_10_M.1.1-1-1	3_10_M	Marrow	False	1	False	B11.MAA000844.3_10_M.1.1-1-1	young_source_rule	B11.MAA000844.3_10_M.1.1-1-1-1	one_assay_suffix	3m	1	nan	mature alpha-beta T cell	CL:0002420	BM CD8 + CD4 T cell	facs	3_10_M	243030.0	1377.0	male	T-cells	Marrow	nan	4	9
B11-MAA000880-3_11_M-1-1			3	B11.MAA000880.3_11_M.1.1-1-1	3_11_M	Thymus	False	1	False	B11.MAA000880.3_11_M.1.1-1-1	young_source_rule	B11.MAA000880.3_11_M.1.1-1-1-1	one_assay_suffix	3m	1	nan	thymocyte	CL:0002420	proliferating thymocyte; DN to DP transition, dividing (some are Cd8+/ Cd4+, some undergoing VDJ recombination)	facs	3_11_M	1338741.0	3451.0	male	nan	Thymus	nan	21	23
B11-MAA000903-3_11_M-1-1			3	B11.MAA000903.3_11_M.1.1-1-1	3_11_M	Heart	False	1	False	B11.MAA000903.3_11_M.1.1-1-1	young_source_rule	B11.MAA000903.3_11_M.1.1-1-1-1	one_assay_suffix	3m	1	nan	T cell	CL:0000738	T cell	facs	3_11_M	509951.0	1517.0	male	RA	Heart	nan	4	9
B11-MAA000914-3_9_M-1-1			3	B11.MAA000914.3_9_M.1.1-1-1	3_9_M	MAT	False	1	False	B11.MAA000914.3_9_M.1.1-1-1	young_source_rule	B11.MAA000914.3_9_M.1.1-1-1-1	one_assay_suffix	3m	1	nan	macrophage	CL:0000084	nan	facs	3_9_M	674531.0	4313.0	male	Fat	MAT	nan	6	5
B12-B000827-3_38_F-1-1			3	B12.B000827.3_38_F.1.1-1-1	3_38_F	Thymus	False	1	False	B12.B000827.3_38_F.1.1-1-1	young_source_rule	B12.B000827.3_38_F.1.1-1-1-1	one_assay_suffix	3m	1	nan	DN4 thymocyte	CL:0002420	DN4 thymocyte	facs	3_38_F	564006.0	2297.0	female	Flowthrough	Thymus	nan	6	5
B12-B003291-3_39_F-1-1			3	B12.B003291.3_39_F.1.1-1-1	3_39_F	Thymus	False	1	False	B12.B003291.3_39_F.1.1-1-1	young_source_rule	B12.B003291.3_39_F.1.1-1-1-1	one_assay_suffix	3m	1	nan	thymocyte	CL:0002420	DN to DP transition (most are Cd8+/ Cd4+, some undergoing VDJ recombination)	facs	3_39_F	624976.0	1638.0	female	Flowthrough	Thymus	nan	6	5
B12-MAA000607-3_9_M-1-1			3	B12.MAA000607.3_9_M.1.1-1-1	3_9_M	Thymus	False	1	False	B12.MAA000607.3_9_M.1.1-1-1	young_source_rule	B12.MAA000607.3_9_M.1.1-1-1-1	one_assay_suffix	3m	1	nan	thymocyte	CL:0002420	DN to DP transition (most are Cd8+/ Cd4+, some undergoing VDJ recombination)	facs	3_9_M	126452.0	1246.0	male	nan	Thymus	nan	21	23
B12-MAA000880-3_11_M-1-1			3	B12.MAA000880.3_11_M.1.1-1-1	3_11_M	Thymus	False	1	False	B12.MAA000880.3_11_M.1.1-1-1	young_source_rule	B12.MAA000880.3_11_M.1.1-1-1-1	one_assay_suffix	3m	1	nan	DN4 thymocyte	CL:0002420	DN4 thymocyte	facs	3_11_M	286785.0	869.0	male	nan	Thymus	nan	6	5
B12-MAA000934-3_9_M-1-1			3	B12.MAA000934.3_9_M.1.1-1-1	3_9_M	SCAT	False	1	False	B12.MAA000934.3_9_M.1.1-1-1	young_source_rule	B12.MAA000934.3_9_M.1.1-1-1-1	one_assay_suffix	3m	1	nan	CD8-positive, alpha-beta T cell	CL:0000084	nan	facs	3_9_M	204370.0	1827.0	male	Fat	SCAT	nan	4	9
B13-B001750-3_38_F-1-1			3	B13.B001750.3_38_F.1.1-1-1	3_38_F	Spleen	False	1	False	B13.B001750.3_38_F.1.1-1-1	young_source_rule	B13.B001750.3_38_F.1.1-1-1-1	one_assay_suffix	3m	1	nan	CD8-positive, alpha-beta T cell	CL:0000084	Cd3e T cell	facs	3_38_F	371869.0	2085.0	female	nan	Spleen	nan	6	5
B13-B003291-3_39_F-1-1			3	B13.B003291.3_39_F.1.1-1-1	3_39_F	Thymus	False	1	False	B13.B003291.3_39_F.1.1-1-1	young_source_rule	B13.B003291.3_39_F.1.1-1-1-1	one_assay_suffix	3m	1	nan	thymocyte	CL:0002420	DN to DP transition (most are Cd8+/ Cd4+, some undergoing VDJ recombination)	facs	3_39_F	2241640.0	1663.0	female	Flowthrough	Thymus	nan	21	23
B13-D043526-3_39_F-1-1			3	B13.D043526.3_39_F.1.1-1-1	3_39_F	SCAT	False	1	False	B13.D043526.3_39_F.1.1-1-1	young_source_rule	B13.D043526.3_39_F.1.1-1-1-1	one_assay_suffix	3m	1	nan	T cell	CL:0000084	nan	facs	3_39_F	328754.0	1460.0	female	Fat	SCAT	nan	4	5
B13-MAA000442-3_11_M-1-1			3	B13.MAA000442.3_11_M.1.1-1-1	3_11_M	BAT	False	1	False	B13.MAA000442.3_11_M.1.1-1-1	young_source_rule	B13.MAA000442.3_11_M.1.1-1-1-1	one_assay_suffix	3m	1	nan	T cell	CL:0000084	nan	facs	3_11_M	72640.0	1599.0	male	Fat	BAT	nan	6	5
B13-MAA000508-3_9_M-1-1			3	B13.MAA000508.3_9_M.1.1-1-1	3_9_M	Spleen	False	1	False	B13.MAA000508.3_9_M.1.1-1-1	young_source_rule	B13.MAA000508.3_9_M.1.1-1-1-1	one_assay_suffix	3m	1	nan	CD4-positive, alpha-beta T cell	CL:0000084	Cd3e T cell	facs	3_9_M	229757.0	1953.0	male	nan	Spleen	nan	6	5
B13-MAA000607-3_9_M-1-1			3	B13.MAA000607.3_9_M.1.1-1-1	3_9_M	Thymus	False	1	False	B13.MAA000607.3_9_M.1.1-1-1	young_source_rule	B13.MAA000607.3_9_M.1.1-1-1-1	one_assay_suffix	3m	1	nan	thymocyte	CL:0002420	DN to DP transition (most are Cd8+/ Cd4+, some undergoing VDJ recombination)	facs	3_9_M	218559.0	1621.0	male	nan	Thymus	nan	21	23
B13-MAA000880-3_11_M-1-1			3	B13.MAA000880.3_11_M.1.1-1-1	3_11_M	Thymus	False	1	False	B13.MAA000880.3_11_M.1.1-1-1	young_source_rule	B13.MAA000880.3_11_M.1.1-1-1-1	one_assay_suffix	3m	1	nan	DN4 thymocyte	CL:0002420	DN4 thymocyte	facs	3_11_M	768043.0	1356.0	male	nan	Thymus	nan	6	5
B13-MAA000914-3_9_M-1-1			3	B13.MAA000914.3_9_M.1.1-1-1	3_9_M	MAT	False	1	False	B13.MAA000914.3_9_M.1.1-1-1	young_source_rule	B13.MAA000914.3_9_M.1.1-1-1-1	one_assay_suffix	3m	1	nan	CD8-positive, alpha-beta T cell	CL:0000084	nan	facs	3_9_M	250709.0	1639.0	male	Fat	MAT	nan	6	5
B14-B003291-3_39_F-1-1			3	B14.B003291.3_39_F.1.1-1-1	3_39_F	Thymus	False	1	False	B14.B003291.3_39_F.1.1-1-1	young_source_rule	B14.B003291.3_39_F.1.1-1-1-1	one_assay_suffix	3m	1	nan	thymocyte	CL:0002420	DN to DP transition (most are Cd8+/ Cd4+, some undergoing VDJ recombination)	facs	3_39_F	1065105.0	1308.0	female	Flowthrough	Thymus	nan	21	23
B14-MAA000607-3_9_M-1-1			3	B14.MAA000607.3_9_M.1.1-1-1	3_9_M	Thymus	False	1	False	B14.MAA000607.3_9_M.1.1-1-1	young_source_rule	B14.MAA000607.3_9_M.1.1-1-1-1	one_assay_suffix	3m	1	nan	thymocyte	CL:0002420	DN to DP transition (most are Cd8+/ Cd4+, some undergoing VDJ recombination)	facs	3_9_M	345518.0	2441.0	male	nan	Thymus	nan	21	23
B14-MAA000844-3_10_M-1-1			3	B14.MAA000844.3_10_M.1.1-1-1	3_10_M	Marrow	False	1	False	B14.MAA000844.3_10_M.1.1-1-1	young_source_rule	B14.MAA000844.3_10_M.1.1-1-1-1	one_assay_suffix	3m	1	nan	NK cell	CL:0000094	Klrb1a/b/c(-) NK cell	facs	3_10_M	861676.0	2737.0	male	T-cells	Marrow	nan	43	8
B14-MAA000880-3_11_M-1-1			3	B14.MAA000880.3_11_M.1.1-1-1	3_11_M	Thymus	False	1	False	B14.MAA000880.3_11_M.1.1-1-1	young_source_rule	B14.MAA000880.3_11_M.1.1-1-1-1	one_assay_suffix	3m	1	nan	DN4 thymocyte	CL:0002420	DN4 thymocyte	facs	3_11_M	706774.0	1363.0	male	nan	Thymus	nan	6	5
B15-B001960-3_56_F-1-1			3	B15.B001960.3_56_F.1.1-1-1	3_56_F	BAT	False	1	False	B15.B001960.3_56_F.1.1-1-1	young_source_rule	B15.B001960.3_56_F.1.1-1-1-1	one_assay_suffix	3m	1	nan	T cell	CL:0000084	nan	facs	3_56_F	1861131.0	1708.0	female	Fat	BAT	nan	6	5
B15-B003291-3_39_F-1-1			3	B15.B003291.3_39_F.1.1-1-1	3_39_F	Thymus	False	1	False	B15.B003291.3_39_F.1.1-1-1	young_source_rule	B15.B003291.3_39_F.1.1-1-1-1	one_assay_suffix	3m	1	nan	thymocyte	CL:0002420	DN to DP transition (most are Cd8+/ Cd4+, some undergoing VDJ recombination)	facs	3_39_F	1096225.0	1570.0	female	Flowthrough	Thymus	nan	21	23
B15-MAA000388-3_11_M-1-1			3	B15.MAA000388.3_11_M.1.1-1-1	3_11_M	GAT	False	1	False	B15.MAA000388.3_11_M.1.1-1-1	young_source_rule	B15.MAA000388.3_11_M.1.1-1-1-1	one_assay_suffix	3m	1	nan	CD8-positive, alpha-beta T cell	CL:0000084	nan	facs	3_11_M	163942.0	1582.0	male	Fat	GAT	nan	4	9
B15-MAA000607-3_9_M-1-1			3	B15.MAA000607.3_9_M.1.1-1-1	3_9_M	Thymus	False	1	False	B15.MAA000607.3_9_M.1.1-1-1	young_source_rule	B15.MAA000607.3_9_M.1.1-1-1-1	one_assay_suffix	3m	1	nan	thymocyte	CL:0002420	DN to DP transition (most are Cd8+/ Cd4+, some undergoing VDJ recombination)	facs	3_9_M	220811.0	1799.0	male	nan	Thymus	nan	21	23
B15-MAA000880-3_11_M-1-1			3	B15.MAA000880.3_11_M.1.1-1-1	3_11_M	Thymus	False	1	False	B15.MAA000880.3_11_M.1.1-1-1	young_source_rule	B15.MAA000880.3_11_M.1.1-1-1-1	one_assay_suffix	3m	1	nan	thymocyte	CL:0002420	proliferating thymocyte; DN to DP transition, dividing (some are Cd8+/ Cd4+, some undergoing VDJ recombination)	facs	3_11_M	990361.0	1982.0	male	nan	Thymus	nan	21	23
B16-B001216-3_38_F-1-1			3	B16.B001216.3_38_F.1.1-1-1	3_38_F	BAT	False	1	False	B16.B001216.3_38_F.1.1-1-1	young_source_rule	B16.B001216.3_38_F.1.1-1-1-1	one_assay_suffix	3m	1	nan	T cell	CL:0000084	nan	facs	3_38_F	724121.0	1519.0	female	Fat	BAT	nan	6	5
B16-B003291-3_39_F-1-1			3	B16.B003291.3_39_F.1.1-1-1	3_39_F	Thymus	False	1	False	B16.B003291.3_39_F.1.1-1-1	young_source_rule	B16.B003291.3_39_F.1.1-1-1-1	one_assay_suffix	3m	1	nan	thymocyte	CL:0002420	DN to DP transition (most are Cd8+/ Cd4+, some undergoing VDJ recombination)	facs	3_39_F	1124819.0	1441.0	female	Flowthrough	Thymus	nan	21	23
B16-D045067-3_38_F-1-1			3	B16.D045067.3_38_F.1.1-1-1	3_38_F	GAT	False	1	False	B16.D045067.3_38_F.1.1-1-1	young_source_rule	B16.D045067.3_38_F.1.1-1-1-1	one_assay_suffix	3m	1	nan	CD8-positive, alpha-beta T cell	CL:0000084	nan	facs	3_38_F	1459696.0	1908.0	female	Fat	GAT	nan	4	9
B16-MAA000607-3_9_M-1-1			3	B16.MAA000607.3_9_M.1.1-1-1	3_9_M	Thymus	False	1	False	B16.MAA000607.3_9_M.1.1-1-1	young_source_rule	B16.MAA000607.3_9_M.1.1-1-1-1	one_assay_suffix	3m	1	nan	thymocyte	CL:0002420	DN to DP transition (most are Cd8+/ Cd4+, some undergoing VDJ recombination)	facs	3_9_M	163536.0	1439.0	male	nan	Thymus	nan	21	23
B16-MAA000844-3_10_M-1-1			3	B16.MAA000844.3_10_M.1.1-1-1	3_10_M	Marrow	False	1	False	B16.MAA000844.3_10_M.1.1-1-1	young_source_rule	B16.MAA000844.3_10_M.1.1-1-1-1	one_assay_suffix	3m	1	nan	mature alpha-beta T cell	CL:0002420	BM CD8 + CD4 T cell	facs	3_10_M	834302.0	2520.0	male	T-cells	Marrow	nan	4	9
B16-MAA000880-3_11_M-1-1			3	B16.MAA000880.3_11_M.1.1-1-1	3_11_M	Thymus	False	1	False	B16.MAA000880.3_11_M.1.1-1-1	young_source_rule	B16.MAA000880.3_11_M.1.1-1-1-1	one_assay_suffix	3m	1	nan	thymocyte	CL:0002420	DN to DP transition (most are Cd8+/ Cd4+, some undergoing VDJ recombination)	facs	3_11_M	450790.0	977.0	male	nan	Thymus	nan	21	23
B17-B000971-3_39_F-1-1			3	B17.B000971.3_39_F.1.1-1-1	3_39_F	Spleen	False	1	False	B17.B000971.3_39_F.1.1-1-1	young_source_rule	B17.B000971.3_39_F.1.1-1-1-1	one_assay_suffix	3m	1	nan	CD4-positive, alpha-beta T cell	CL:0000084	Cd3e T cell	facs	3_39_F	1132936.0	1396.0	female	nan	Spleen	nan	6	5
B17-B003291-3_39_F-1-1			3	B17.B003291.3_39_F.1.1-1-1	3_39_F	Thymus	False	1	False	B17.B003291.3_39_F.1.1-1-1	young_source_rule	B17.B003291.3_39_F.1.1-1-1-1	one_assay_suffix	3m	1	nan	thymocyte	CL:0002420	DN to DP transition (most are Cd8+/ Cd4+, some undergoing VDJ recombination)	facs	3_39_F	2517058.0	1376.0	female	Flowthrough	Thymus	nan	21	23
B17-MAA000607-3_9_M-1-1			3	B17.MAA000607.3_9_M.1.1-1-1	3_9_M	Thymus	False	1	False	B17.MAA000607.3_9_M.1.1-1-1	young_source_rule	B17.MAA000607.3_9_M.1.1-1-1-1	one_assay_suffix	3m	1	nan	thymocyte	CL:0002420	DN to DP transition (most are Cd8+/ Cd4+, some undergoing VDJ recombination)	facs	3_9_M	156936.0	1437.0	male	nan	Thymus	nan	21	23
B17-MAA000880-3_11_M-1-1			3	B17.MAA000880.3_11_M.1.1-1-1	3_11_M	Thymus	False	1	False	B17.MAA000880.3_11_M.1.1-1-1	young_source_rule	B17.MAA000880.3_11_M.1.1-1-1-1	one_assay_suffix	3m	1	nan	thymocyte	CL:0002420	DN to DP transition (most are Cd8+/ Cd4+, some undergoing VDJ recombination)	facs	3_11_M	571548.0	1054.0	male	nan	Thymus	nan	21	23
B18-B000827-3_38_F-1-1	13.0	2.0	3	B18.B000827.3_38_F.1.1-1-1	3_38_F	Thymus	True	1	False	B18.B000827.3_38_F.1.1-1-1	young_source_rule	B18.B000827.3_38_F.1.1-1-1-1	one_assay_suffix	3m	1	nan	DN4 thymocyte	CL:0002420	DN4 thymocyte	facs	3_38_F	753398.0	1568.0	female	Flowthrough	Thymus	nan	6	5
B18-B001750-3_38_F-1-1			3	B18.B001750.3_38_F.1.1-1-1	3_38_F	Spleen	False	1	False	B18.B001750.3_38_F.1.1-1-1	young_source_rule	B18.B001750.3_38_F.1.1-1-1-1	one_assay_suffix	3m	1	nan	CD4-positive, alpha-beta T cell	CL:0000084	Cd3e T cell	facs	3_38_F	236744.0	1505.0	female	nan	Spleen	nan	6	5
B18-B003291-3_39_F-1-1			3	B18.B003291.3_39_F.1.1-1-1	3_39_F	Thymus	False	1	False	B18.B003291.3_39_F.1.1-1-1	young_source_rule	B18.B003291.3_39_F.1.1-1-1-1	one_assay_suffix	3m	1	nan	thymocyte	CL:0002420	DN to DP transition (most are Cd8+/ Cd4+, some undergoing VDJ recombination)	facs	3_39_F	2123010.0	1066.0	female	Flowthrough	Thymus	nan	21	23
B18-MAA000607-3_9_M-1-1			3	B18.MAA000607.3_9_M.1.1-1-1	3_9_M	Thymus	False	1	False	B18.MAA000607.3_9_M.1.1-1-1	young_source_rule	B18.MAA000607.3_9_M.1.1-1-1-1	one_assay_suffix	3m	1	nan	thymocyte	CL:0002420	DN to DP transition (most are Cd8+/ Cd4+, some undergoing VDJ recombination)	facs	3_9_M	189537.0	1543.0	male	nan	Thymus	nan	6	23
B18-MAA000880-3_11_M-1-1			3	B18.MAA000880.3_11_M.1.1-1-1	3_11_M	Thymus	False	1	False	B18.MAA000880.3_11_M.1.1-1-1	young_source_rule	B18.MAA000880.3_11_M.1.1-1-1-1	one_assay_suffix	3m	1	nan	DN4 thymocyte	CL:0002420	DN4 thymocyte	facs	3_11_M	697971.0	1405.0	male	nan	Thymus	nan	6	5
B18-MAA001847-3_39_F-1-1			3	B18.MAA001847.3_39_F.1.1-1-1	3_39_F	Lung	False	1	False	B18.MAA001847.3_39_F.1.1-1-1	young_source_rule	B18.MAA001847.3_39_F.1.1-1-1-1	one_assay_suffix	3m	1	nan	CD8-positive, alpha-beta T cell	CL:0000084	CD8+ T	facs	3_39_F	56017.0	1580.0	female	EPCAM	Lung	nan	4	9
B19-B000827-3_38_F-1-1			3	B19.B000827.3_38_F.1.1-1-1	3_38_F	Thymus	False	1	False	B19.B000827.3_38_F.1.1-1-1	young_source_rule	B19.B000827.3_38_F.1.1-1-1-1	one_assay_suffix	3m	1	nan	DN4 thymocyte	CL:0002420	DN4 thymocyte	facs	3_38_F	676437.0	1701.0	female	Flowthrough	Thymus	nan	6	5
B19-B003291-3_39_F-1-1			3	B19.B003291.3_39_F.1.1-1-1	3_39_F	Thymus	False	1	False	B19.B003291.3_39_F.1.1-1-1	young_source_rule	B19.B003291.3_39_F.1.1-1-1-1	one_assay_suffix	3m	1	nan	DN4 thymocyte	CL:0002420	DN4 thymocyte	facs	3_39_F	3158231.0	1768.0	female	Flowthrough	Thymus	nan	6	5
B19-MAA000607-3_9_M-1-1			3	B19.MAA000607.3_9_M.1.1-1-1	3_9_M	Thymus	False	1	False	B19.MAA000607.3_9_M.1.1-1-1	young_source_rule	B19.MAA000607.3_9_M.1.1-1-1-1	one_assay_suffix	3m	1	nan	thymocyte	CL:0002420	proliferating thymocyte; DN to DP transition, dividing (some are Cd8+/ Cd4+, some undergoing VDJ recombination)	facs	3_9_M	1063754.0	4178.0	male	nan	Thymus	nan	21	23
B19-MAA000880-3_11_M-1-1			3	B19.MAA000880.3_11_M.1.1-1-1	3_11_M	Thymus	False	1	False	B19.MAA000880.3_11_M.1.1-1-1	young_source_rule	B19.MAA000880.3_11_M.1.1-1-1-1	one_assay_suffix	3m	1	nan	DN4 thymocyte	CL:0002420	DN4 thymocyte	facs	3_11_M	805781.0	1605.0	male	nan	Thymus	nan	6	5
B2-B003291-3_39_F-1-1			3	B2.B003291.3_39_F.1.1-1-1	3_39_F	Thymus	False	1	False	B2.B003291.3_39_F.1.1-1-1	young_source_rule	B2.B003291.3_39_F.1.1-1-1-1	one_assay_suffix	3m	1	nan	thymocyte	CL:0002420	DN to DP transition (most are Cd8+/ Cd4+, some undergoing VDJ recombination)	facs	3_39_F	1428491.0	1724.0	female	Flowthrough	Thymus	nan	21	23
B2-MAA000607-3_9_M-1-1			3	B2.MAA000607.3_9_M.1.1-1-1	3_9_M	Thymus	False	1	False	B2.MAA000607.3_9_M.1.1-1-1	young_source_rule	B2.MAA000607.3_9_M.1.1-1-1-1	one_assay_suffix	3m	1	nan	thymocyte	CL:0002420	DN to DP transition (most are Cd8+/ Cd4+, some undergoing VDJ recombination)	facs	3_9_M	412457.0	2698.0	male	nan	Thymus	nan	21	23
B2-MAA000779-3_11_M-1-1			3	B2.MAA000779.3_11_M.1.1-1-1	3_11_M	Spleen	False	1	False	B2.MAA000779.3_11_M.1.1-1-1	young_source_rule	B2.MAA000779.3_11_M.1.1-1-1-1	one_assay_suffix	3m	1	nan	CD4-positive, alpha-beta T cell	CL:0000084	Cd3e T cell	facs	3_11_M	257109.0	1350.0	male	nan	Spleen	nan	6	5
B2-MAA001847-3_39_F-1-1			3	B2.MAA001847.3_39_F.1.1-1-1	3_39_F	Lung	False	1	False	B2.MAA001847.3_39_F.1.1-1-1	young_source_rule	B2.MAA001847.3_39_F.1.1-1-1-1	one_assay_suffix	3m	1	nan	CD4-positive, alpha-beta T cell	CL:0000084	CD4+ T	facs	3_39_F	72234.0	2258.0	female	EPCAM	Lung	nan	6	5
B2-MAA001888-3_39_F-1-1			3	B2.MAA001888.3_39_F.1.1-1-1	3_39_F	Marrow	False	1	False	B2.MAA001888.3_39_F.1.1-1-1	young_source_rule	B2.MAA001888.3_39_F.1.1-1-1-1	one_assay_suffix	3m	1	nan	basophil	CL:0000767	basophil	facs	3_39_F	380368.0	4569.0	female	T-cells	Marrow	nan	4	17
B20-B000827-3_38_F-1-1			3	B20.B000827.3_38_F.1.1-1-1	3_38_F	Thymus	False	1	False	B20.B000827.3_38_F.1.1-1-1	young_source_rule	B20.B000827.3_38_F.1.1-1-1-1	one_assay_suffix	3m	1	nan	DN4 thymocyte	CL:0002420	DN4 thymocyte	facs	3_38_F	599498.0	1998.0	female	Flowthrough	Thymus	nan	6	5
B20-MAA000607-3_9_M-1-1			3	B20.MAA000607.3_9_M.1.1-1-1	3_9_M	Thymus	False	1	False	B20.MAA000607.3_9_M.1.1-1-1	young_source_rule	B20.MAA000607.3_9_M.1.1-1-1-1	one_assay_suffix	3m	1	nan	thymocyte	CL:0002420	DN to DP transition (most are Cd8+/ Cd4+, some undergoing VDJ recombination)	facs	3_9_M	216804.0	1570.0	male	nan	Thymus	nan	21	23
B20-MAA000609-3_8_M-1-1			3	B20.MAA000609.3_8_M.1.1-1-1	3_8_M	Thymus	False	1	False	B20.MAA000609.3_8_M.1.1-1-1	young_source_rule	B20.MAA000609.3_8_M.1.1-1-1-1	one_assay_suffix	3m	1	nan	thymocyte	CL:0002420	proliferating thymocyte; DN to DP transition, dividing (some are Cd8+/ Cd4+, some undergoing VDJ recombination)	facs	3_8_M	566449.0	4255.0	male	nan	Thymus	nan	21	23
B20-MAA000880-3_11_M-1-1			3	B20.MAA000880.3_11_M.1.1-1-1	3_11_M	Thymus	False	1	False	B20.MAA000880.3_11_M.1.1-1-1	young_source_rule	B20.MAA000880.3_11_M.1.1-1-1-1	one_assay_suffix	3m	1	nan	thymocyte	CL:0002420	DN to DP transition (most are Cd8+/ Cd4+, some undergoing VDJ recombination)	facs	3_11_M	570421.0	1638.0	male	nan	Thymus	nan	21	23
B21-B000827-3_38_F-1-1			3	B21.B000827.3_38_F.1.1-1-1	3_38_F	Thymus	False	1	False	B21.B000827.3_38_F.1.1-1-1	young_source_rule	B21.B000827.3_38_F.1.1-1-1-1	one_assay_suffix	3m	1	nan	DN4 thymocyte	CL:0002420	DN4 thymocyte	facs	3_38_F	1719143.0	2781.0	female	Flowthrough	Thymus	nan	6	5
B21-B001750-3_38_F-1-1			3	B21.B001750.3_38_F.1.1-1-1	3_38_F	Spleen	False	1	False	B21.B001750.3_38_F.1.1-1-1	young_source_rule	B21.B001750.3_38_F.1.1-1-1-1	one_assay_suffix	3m	1	nan	CD4-positive, alpha-beta T cell	CL:0000084	Cd3e T cell	facs	3_38_F	162466.0	1230.0	female	nan	Spleen	nan	6	5
B21-B003291-3_39_F-1-1			3	B21.B003291.3_39_F.1.1-1-1	3_39_F	Thymus	False	1	False	B21.B003291.3_39_F.1.1-1-1	young_source_rule	B21.B003291.3_39_F.1.1-1-1-1	one_assay_suffix	3m	1	nan	thymocyte	CL:0002420	DN to DP transition (most are Cd8+/ Cd4+, some undergoing VDJ recombination)	facs	3_39_F	2552746.0	1081.0	female	Flowthrough	Thymus	nan	21	23
B21-MAA000508-3_9_M-1-1			3	B21.MAA000508.3_9_M.1.1-1-1	3_9_M	Spleen	False	1	False	B21.MAA000508.3_9_M.1.1-1-1	young_source_rule	B21.MAA000508.3_9_M.1.1-1-1-1	one_assay_suffix	3m	1	nan	CD4-positive, alpha-beta T cell	CL:0000084	Cd3e T cell	facs	3_9_M	256178.0	2239.0	male	nan	Spleen	nan	6	5
B21-MAA000526-3_9_M-1-1			3	B21.MAA000526.3_9_M.1.1-1-1	3_9_M	Lung	False	1	False	B21.MAA000526.3_9_M.1.1-1-1	young_source_rule	B21.MAA000526.3_9_M.1.1-1-1-1	one_assay_suffix	3m	1	nan	CD4-positive, alpha-beta T cell	CL:0000084	CD4+ T	facs	3_9_M	652990.0	2120.0	male	nan	Lung	nan	6	5
B21-MAA000530-3_8_M-1-1			3	B21.MAA000530.3_8_M.1.1-1-1	3_8_M	Lung	False	1	False	B21.MAA000530.3_8_M.1.1-1-1	young_source_rule	B21.MAA000530.3_8_M.1.1-1-1-1	one_assay_suffix	3m	1	nan	CD4-positive, alpha-beta T cell	CL:0000084	CD4+ T	facs	3_8_M	244455.0	1643.0	male	nan	Lung	nan	6	5
B21-MAA000607-3_9_M-1-1			3	B21.MAA000607.3_9_M.1.1-1-1	3_9_M	Thymus	False	1	False	B21.MAA000607.3_9_M.1.1-1-1	young_source_rule	B21.MAA000607.3_9_M.1.1-1-1-1	one_assay_suffix	3m	1	nan	thymocyte	CL:0002420	DN to DP transition (most are Cd8+/ Cd4+, some undergoing VDJ recombination)	facs	3_9_M	447164.0	2359.0	male	nan	Thymus	nan	21	23
B21-MAA000609-3_8_M-1-1			3	B21.MAA000609.3_8_M.1.1-1-1	3_8_M	Thymus	False	1	False	B21.MAA000609.3_8_M.1.1-1-1	young_source_rule	B21.MAA000609.3_8_M.1.1-1-1-1	one_assay_suffix	3m	1	nan	thymocyte	CL:0002420	DN to DP transition (most are Cd8+/ Cd4+, some undergoing VDJ recombination)	facs	3_8_M	138912.0	1531.0	male	nan	Thymus	nan	21	23
B21-MAA000844-3_10_M-1-1			3	B21.MAA000844.3_10_M.1.1-1-1	3_10_M	Marrow	False	1	False	B21.MAA000844.3_10_M.1.1-1-1	young_source_rule	B21.MAA000844.3_10_M.1.1-1-1-1	one_assay_suffix	3m	1	nan	basophil	CL:0000767	basophil	facs	3_10_M	1394431.0	4430.0	male	T-cells	Marrow	nan	4	35
B21-MAA000880-3_11_M-1-1			3	B21.MAA000880.3_11_M.1.1-1-1	3_11_M	Thymus	False	1	False	B21.MAA000880.3_11_M.1.1-1-1	young_source_rule	B21.MAA000880.3_11_M.1.1-1-1-1	one_assay_suffix	3m	1	nan	DN4 thymocyte	CL:0002420	DN4 thymocyte	facs	3_11_M	1052198.0	1438.0	male	nan	Thymus	nan	6	5
B21-MAA000907-3_11_M-1-1	1.0	2.0	3	B21.MAA000907.3_11_M.1.1-1-1	3_11_M	Liver	True	2	True	B21.MAA000907.3_11_M.1.1-1-1	young_source_rule	B21.MAA000907.3_11_M.1.1-1-1-1	one_assay_suffix	3m	1	nan	mature NK T cell	CL:0000623	nan	facs	3_11_M	256355.0	1709.0	male	Non-hepatocytes	Liver	nan	4	9
B21-MAA001865-3_38_F-1-1			3	B21.MAA001865.3_38_F.1.1-1-1	3_38_F	Trachea	False	1	False	B21.MAA001865.3_38_F.1.1-1-1	young_source_rule	B21.MAA001865.3_38_F.1.1-1-1-1	one_assay_suffix	3m	1	nan	T cell	CL:0000081	nan	facs	3_38_F	350896.0	2613.0	female	nan	Trachea	nan	21	23
B22-B000827-3_38_F-1-1			3	B22.B000827.3_38_F.1.1-1-1	3_38_F	Thymus	False	1	False	B22.B000827.3_38_F.1.1-1-1	young_source_rule	B22.B000827.3_38_F.1.1-1-1-1	one_assay_suffix	3m	1	nan	DN4 thymocyte	CL:0002420	DN4 thymocyte	facs	3_38_F	871722.0	1755.0	female	Flowthrough	Thymus	nan	6	5
B22-MAA000530-3_8_M-1-1			3	B22.MAA000530.3_8_M.1.1-1-1	3_8_M	Lung	False	1	False	B22.MAA000530.3_8_M.1.1-1-1	young_source_rule	B22.MAA000530.3_8_M.1.1-1-1-1	one_assay_suffix	3m	1	nan	CD4-positive, alpha-beta T cell	CL:0000084	CD4+ T	facs	3_8_M	609898.0	2201.0	male	nan	Lung	nan	6	5
B22-MAA000607-3_9_M-1-1			3	B22.MAA000607.3_9_M.1.1-1-1	3_9_M	Thymus	False	1	False	B22.MAA000607.3_9_M.1.1-1-1	young_source_rule	B22.MAA000607.3_9_M.1.1-1-1-1	one_assay_suffix	3m	1	nan	DN4 thymocyte	CL:0002420	DN4 thymocyte	facs	3_9_M	461140.0	2614.0	male	nan	Thymus	nan	6	5
B22-MAA000609-3_8_M-1-1			3	B22.MAA000609.3_8_M.1.1-1-1	3_8_M	Thymus	False	1	False	B22.MAA000609.3_8_M.1.1-1-1	young_source_rule	B22.MAA000609.3_8_M.1.1-1-1-1	one_assay_suffix	3m	1	nan	thymocyte	CL:0002420	DN to DP transition (most are Cd8+/ Cd4+, some undergoing VDJ recombination)	facs	3_8_M	265336.0	1598.0	male	nan	Thymus	nan	21	23
B22-MAA000779-3_11_M-1-1			3	B22.MAA000779.3_11_M.1.1-1-1	3_11_M	Spleen	False	1	False	B22.MAA000779.3_11_M.1.1-1-1	young_source_rule	B22.MAA000779.3_11_M.1.1-1-1-1	one_assay_suffix	3m	1	nan	CD8-positive, alpha-beta T cell	CL:0000084	Cd3e T cell	facs	3_11_M	270083.0	1361.0	male	nan	Spleen	nan	6	5
B22-MAA000880-3_11_M-1-1			3	B22.MAA000880.3_11_M.1.1-1-1	3_11_M	Thymus	False	1	False	B22.MAA000880.3_11_M.1.1-1-1	young_source_rule	B22.MAA000880.3_11_M.1.1-1-1-1	one_assay_suffix	3m	1	nan	DN4 thymocyte	CL:0002420	DN4 thymocyte	facs	3_11_M	332009.0	1036.0	male	nan	Thymus	nan	6	5
B22-MAA001895-3_38_F-1-1			3	B22.MAA001895.3_38_F.1.1-1-1	3_38_F	Brain_Non-Myeloid	False	1	False	B22.MAA001895.3_38_F.1.1-1-1	young_source_rule	B22.MAA001895.3_38_F.1.1-1-1-1	one_assay_suffix	3m	1	nan	CD8-positive, alpha-beta T cell	CL:0000128	nan	facs	3_38_F	50963.0	1449.0	female	Cortex	Brain_Non-Myeloid	nan	6	5
B3-MAA000607-3_9_M-1-1			3	B3.MAA000607.3_9_M.1.1-1-1	3_9_M	Thymus	False	1	False	B3.MAA000607.3_9_M.1.1-1-1	young_source_rule	B3.MAA000607.3_9_M.1.1-1-1-1	one_assay_suffix	3m	1	nan	thymocyte	CL:0002420	proliferating thymocyte; DN to DP transition, dividing (some are Cd8+/ Cd4+, some undergoing VDJ recombination)	facs	3_9_M	544510.0	3545.0	male	nan	Thymus	nan	21	23
B3-MAA001888-3_39_F-1-1			3	B3.MAA001888.3_39_F.1.1-1-1	3_39_F	Marrow	False	1	False	B3.MAA001888.3_39_F.1.1-1-1	young_source_rule	B3.MAA001888.3_39_F.1.1-1-1-1	one_assay_suffix	3m	1	nan	mature alpha-beta T cell	CL:0000236	BM CD8 + CD4 T cell	facs	3_39_F	477192.0	4224.0	female	T-cells	Marrow	nan	4	48
B4-B001750-3_38_F-1-1			3	B4.B001750.3_38_F.1.1-1-1	3_38_F	Spleen	False	1	False	B4.B001750.3_38_F.1.1-1-1	young_source_rule	B4.B001750.3_38_F.1.1-1-1-1	one_assay_suffix	3m	1	nan	CD4-positive, alpha-beta T cell	CL:0000084	Cd3e T cell	facs	3_38_F	478584.0	1769.0	female	nan	Spleen	nan	6	5
B4-MAA000607-3_9_M-1-1			3	B4.MAA000607.3_9_M.1.1-1-1	3_9_M	Thymus	False	1	False	B4.MAA000607.3_9_M.1.1-1-1	young_source_rule	B4.MAA000607.3_9_M.1.1-1-1-1	one_assay_suffix	3m	1	nan	DN4 thymocyte	CL:0002420	DN4 thymocyte	facs	3_9_M	247082.0	1826.0	male	nan	Thymus	nan	6	5
B4-MAA000779-3_11_M-1-1			3	B4.MAA000779.3_11_M.1.1-1-1	3_11_M	Spleen	False	1	False	B4.MAA000779.3_11_M.1.1-1-1	young_source_rule	B4.MAA000779.3_11_M.1.1-1-1-1	one_assay_suffix	3m	1	nan	CD8-positive, alpha-beta T cell	CL:0000084	Cd3e T cell	facs	3_11_M	271951.0	1458.0	male	nan	Spleen	nan	6	5
B4-MAA001865-3_38_F-1-1			3	B4.MAA001865.3_38_F.1.1-1-1	3_38_F	Trachea	False	1	False	B4.MAA001865.3_38_F.1.1-1-1	young_source_rule	B4.MAA001865.3_38_F.1.1-1-1-1	one_assay_suffix	3m	1	nan	T cell	CL:0000081	nan	facs	3_38_F	402915.0	3535.0	female	nan	Trachea	nan	21	23
B4-MAA001867-3_39_F-1-1			3	B4.MAA001867.3_39_F.1.1-1-1	3_39_F	Trachea	False	1	False	B4.MAA001867.3_39_F.1.1-1-1	young_source_rule	B4.MAA001867.3_39_F.1.1-1-1-1	one_assay_suffix	3m	1	nan	T cell	CL:0000081	nan	facs	3_39_F	385979.0	2299.0	female	nan	Trachea	nan	4	21
B5-B003291-3_39_F-1-1			3	B5.B003291.3_39_F.1.1-1-1	3_39_F	Thymus	False	1	False	B5.B003291.3_39_F.1.1-1-1	young_source_rule	B5.B003291.3_39_F.1.1-1-1-1	one_assay_suffix	3m	1	nan	thymocyte	CL:0002420	DN to DP transition (most are Cd8+/ Cd4+, some undergoing VDJ recombination)	facs	3_39_F	1332698.0	1384.0	female	Flowthrough	Thymus	nan	21	23
B5-MAA000607-3_9_M-1-1			3	B5.MAA000607.3_9_M.1.1-1-1	3_9_M	Thymus	False	1	False	B5.MAA000607.3_9_M.1.1-1-1	young_source_rule	B5.MAA000607.3_9_M.1.1-1-1-1	one_assay_suffix	3m	1	nan	thymocyte	CL:0002420	proliferating thymocyte; DN to DP transition, dividing (some are Cd8+/ Cd4+, some undergoing VDJ recombination)	facs	3_9_M	769920.0	3870.0	male	nan	Thymus	nan	21	23
B5-MAA000609-3_8_M-1-1			3	B5.MAA000609.3_8_M.1.1-1-1	3_8_M	Thymus	False	1	False	B5.MAA000609.3_8_M.1.1-1-1	young_source_rule	B5.MAA000609.3_8_M.1.1-1-1-1	one_assay_suffix	3m	1	nan	thymocyte	CL:0002420	proliferating thymocyte; DN to DP transition, dividing (some are Cd8+/ Cd4+, some undergoing VDJ recombination)	facs	3_8_M	2020415.0	3417.0	male	nan	Thymus	nan	21	23
B5-MAA000880-3_11_M-1-1			3	B5.MAA000880.3_11_M.1.1-1-1	3_11_M	Thymus	False	1	False	B5.MAA000880.3_11_M.1.1-1-1	young_source_rule	B5.MAA000880.3_11_M.1.1-1-1-1	one_assay_suffix	3m	1	nan	thymocyte	CL:0002420	proliferating thymocyte; DN to DP transition, dividing (some are Cd8+/ Cd4+, some undergoing VDJ recombination)	facs	3_11_M	1928166.0	3739.0	male	nan	Thymus	nan	21	23
B6-B003291-3_39_F-1-1			3	B6.B003291.3_39_F.1.1-1-1	3_39_F	Thymus	False	1	False	B6.B003291.3_39_F.1.1-1-1	young_source_rule	B6.B003291.3_39_F.1.1-1-1-1	one_assay_suffix	3m	1	nan	thymocyte	CL:0002420	DN to DP transition (most are Cd8+/ Cd4+, some undergoing VDJ recombination)	facs	3_39_F	1460660.0	1428.0	female	Flowthrough	Thymus	nan	21	23
B6-MAA000508-3_9_M-1-1			3	B6.MAA000508.3_9_M.1.1-1-1	3_9_M	Spleen	False	1	False	B6.MAA000508.3_9_M.1.1-1-1	young_source_rule	B6.MAA000508.3_9_M.1.1-1-1-1	one_assay_suffix	3m	1	nan	CD4-positive, alpha-beta T cell	CL:0000084	Cd3e T cell	facs	3_9_M	269072.0	1956.0	male	nan	Spleen	nan	6	5
B6-MAA000607-3_9_M-1-1			3	B6.MAA000607.3_9_M.1.1-1-1	3_9_M	Thymus	False	1	False	B6.MAA000607.3_9_M.1.1-1-1	young_source_rule	B6.MAA000607.3_9_M.1.1-1-1-1	one_assay_suffix	3m	1	nan	thymocyte	CL:0002420	DN to DP transition (most are Cd8+/ Cd4+, some undergoing VDJ recombination)	facs	3_9_M	132938.0	1612.0	male	nan	Thymus	nan	21	23
B7-B000827-3_38_F-1-1			3	B7.B000827.3_38_F.1.1-1-1	3_38_F	Thymus	False	1	False	B7.B000827.3_38_F.1.1-1-1	young_source_rule	B7.B000827.3_38_F.1.1-1-1-1	one_assay_suffix	3m	1	nan	DN4 thymocyte	CL:0002420	DN4 thymocyte	facs	3_38_F	813812.0	2370.0	female	Flowthrough	Thymus	nan	6	5
B7-B003291-3_39_F-1-1			3	B7.B003291.3_39_F.1.1-1-1	3_39_F	Thymus	False	1	False	B7.B003291.3_39_F.1.1-1-1	young_source_rule	B7.B003291.3_39_F.1.1-1-1-1	one_assay_suffix	3m	1	nan	thymocyte	CL:0002420	DN to DP transition (most are Cd8+/ Cd4+, some undergoing VDJ recombination)	facs	3_39_F	549051.0	1537.0	female	Flowthrough	Thymus	nan	21	23
B7-MAA000508-3_9_M-1-1			3	B7.MAA000508.3_9_M.1.1-1-1	3_9_M	Spleen	False	1	False	B7.MAA000508.3_9_M.1.1-1-1	young_source_rule	B7.MAA000508.3_9_M.1.1-1-1-1	one_assay_suffix	3m	1	nan	CD4-positive, alpha-beta T cell	CL:0000084	Cd3e T cell	facs	3_9_M	269598.0	1830.0	male	nan	Spleen	nan	4	21
B7-MAA000556-3_9_M-1-1			3	B7.MAA000556.3_9_M.1.1-1-1	3_9_M	BAT	False	1	False	B7.MAA000556.3_9_M.1.1-1-1	young_source_rule	B7.MAA000556.3_9_M.1.1-1-1-1	one_assay_suffix	3m	1	nan	T cell	CL:0000084	nan	facs	3_9_M	86971.0	1543.0	male	Fat	BAT	nan	6	5
B7-MAA000779-3_11_M-1-1			3	B7.MAA000779.3_11_M.1.1-1-1	3_11_M	Spleen	False	1	False	B7.MAA000779.3_11_M.1.1-1-1	young_source_rule	B7.MAA000779.3_11_M.1.1-1-1-1	one_assay_suffix	3m	1	nan	CD8-positive, alpha-beta T cell	CL:0000084	Cd3e T cell	facs	3_11_M	433077.0	1659.0	male	nan	Spleen	nan	6	5
B8-B000827-3_38_F-1-1			3	B8.B000827.3_38_F.1.1-1-1	3_38_F	Thymus	False	1	False	B8.B000827.3_38_F.1.1-1-1	young_source_rule	B8.B000827.3_38_F.1.1-1-1-1	one_assay_suffix	3m	1	nan	DN4 thymocyte	CL:0002420	DN4 thymocyte	facs	3_38_F	479661.0	1912.0	female	Flowthrough	Thymus	nan	6	5
B8-B003291-3_39_F-1-1			3	B8.B003291.3_39_F.1.1-1-1	3_39_F	Thymus	False	1	False	B8.B003291.3_39_F.1.1-1-1	young_source_rule	B8.B003291.3_39_F.1.1-1-1-1	one_assay_suffix	3m	1	nan	thymocyte	CL:0002420	proliferating thymocyte; DN to DP transition, dividing (some are Cd8+/ Cd4+, some undergoing VDJ recombination)	facs	3_39_F	3336205.0	2838.0	female	Flowthrough	Thymus	nan	21	23
B8-MAA000607-3_9_M-1-1			3	B8.MAA000607.3_9_M.1.1-1-1	3_9_M	Thymus	False	1	False	B8.MAA000607.3_9_M.1.1-1-1	young_source_rule	B8.MAA000607.3_9_M.1.1-1-1-1	one_assay_suffix	3m	1	nan	DN4 thymocyte	CL:0002420	DN4 thymocyte	facs	3_9_M	254367.0	2162.0	male	nan	Thymus	nan	6	5
B8-MAA000609-3_8_M-1-1			3	B8.MAA000609.3_8_M.1.1-1-1	3_8_M	Thymus	False	1	False	B8.MAA000609.3_8_M.1.1-1-1	young_source_rule	B8.MAA000609.3_8_M.1.1-1-1-1	one_assay_suffix	3m	1	nan	DN4 thymocyte	CL:0002420	DN4 thymocyte	facs	3_8_M	420311.0	2644.0	male	nan	Thymus	nan	6	5
B8-MAA000779-3_11_M-1-1			3	B8.MAA000779.3_11_M.1.1-1-1	3_11_M	Spleen	False	1	False	B8.MAA000779.3_11_M.1.1-1-1	young_source_rule	B8.MAA000779.3_11_M.1.1-1-1-1	one_assay_suffix	3m	1	nan	CD4-positive, alpha-beta T cell	CL:0000084	Cd3e T cell	facs	3_11_M	241215.0	1202.0	male	nan	Spleen	nan	6	5
B8-MAA000844-3_10_M-1-1			3	B8.MAA000844.3_10_M.1.1-1-1	3_10_M	Marrow	False	1	False	B8.MAA000844.3_10_M.1.1-1-1	young_source_rule	B8.MAA000844.3_10_M.1.1-1-1-1	one_assay_suffix	3m	1	nan	mature alpha-beta T cell	CL:0002420	BM CD8 + CD4 T cell	facs	3_10_M	872502.0	2781.0	male	T-cells	Marrow	nan	4	9
B9-B000827-3_38_F-1-1			3	B9.B000827.3_38_F.1.1-1-1	3_38_F	Thymus	False	1	False	B9.B000827.3_38_F.1.1-1-1	young_source_rule	B9.B000827.3_38_F.1.1-1-1-1	one_assay_suffix	3m	1	nan	DN4 thymocyte	CL:0002420	DN4 thymocyte	facs	3_38_F	753994.0	1799.0	female	Flowthrough	Thymus	nan	4	21
B9-B003291-3_39_F-1-1			3	B9.B003291.3_39_F.1.1-1-1	3_39_F	Thymus	False	1	False	B9.B003291.3_39_F.1.1-1-1	young_source_rule	B9.B003291.3_39_F.1.1-1-1-1	one_assay_suffix	3m	1	nan	thymocyte	CL:0002420	DN to DP transition (most are Cd8+/ Cd4+, some undergoing VDJ recombination)	facs	3_39_F	1503710.0	1466.0	female	Flowthrough	Thymus	nan	21	23
B9-D043526-3_39_F-1-1			3	B9.D043526.3_39_F.1.1-1-1	3_39_F	SCAT	False	1	False	B9.D043526.3_39_F.1.1-1-1	young_source_rule	B9.D043526.3_39_F.1.1-1-1-1	one_assay_suffix	3m	1	nan	NK cell	CL:0000084	nan	facs	3_39_F	569039.0	1394.0	female	Fat	SCAT	nan	4	5
B9-MAA000556-3_9_M-1-1			3	B9.MAA000556.3_9_M.1.1-1-1	3_9_M	BAT	False	1	False	B9.MAA000556.3_9_M.1.1-1-1	young_source_rule	B9.MAA000556.3_9_M.1.1-1-1-1	one_assay_suffix	3m	1	nan	T cell	CL:0000084	nan	facs	3_9_M	112486.0	1745.0	male	Fat	BAT	nan	4	9
B9-MAA000607-3_9_M-1-1			3	B9.MAA000607.3_9_M.1.1-1-1	3_9_M	Thymus	False	1	False	B9.MAA000607.3_9_M.1.1-1-1	young_source_rule	B9.MAA000607.3_9_M.1.1-1-1-1	one_assay_suffix	3m	1	nan	DN4 thymocyte	CL:0002420	DN4 thymocyte	facs	3_9_M	217744.0	1651.0	male	nan	Thymus	nan	6	5
B9-MAA000609-3_8_M-1-1			3	B9.MAA000609.3_8_M.1.1-1-1	3_8_M	Thymus	False	1	False	B9.MAA000609.3_8_M.1.1-1-1	young_source_rule	B9.MAA000609.3_8_M.1.1-1-1-1	one_assay_suffix	3m	1	nan	DN4 thymocyte	CL:0002420	DN4 thymocyte	facs	3_8_M	431764.0	1838.0	male	nan	Thymus	nan	6	5
B9-MAA000880-3_11_M-1-1			3	B9.MAA000880.3_11_M.1.1-1-1	3_11_M	Thymus	False	1	False	B9.MAA000880.3_11_M.1.1-1-1	young_source_rule	B9.MAA000880.3_11_M.1.1-1-1-1	one_assay_suffix	3m	1	nan	DN4 thymocyte	CL:0002420	DN4 thymocyte	facs	3_11_M	419074.0	1086.0	male	nan	Thymus	nan	6	5
B9-MAA000907-3_11_M-1-1			3	B9.MAA000907.3_11_M.1.1-1-1	3_11_M	Liver	False	1	False	B9.MAA000907.3_11_M.1.1-1-1	young_source_rule	B9.MAA000907.3_11_M.1.1-1-1-1	one_assay_suffix	3m	1	nan	mature NK T cell	CL:0000623	nan	facs	3_11_M	677843.0	2761.0	male	Non-hepatocytes	Liver	nan	4	9
C1-B000827-3_38_F-1-1			3	C1.B000827.3_38_F.1.1-1-1	3_38_F	Thymus	False	1	False	C1.B000827.3_38_F.1.1-1-1	young_source_rule	C1.B000827.3_38_F.1.1-1-1-1	one_assay_suffix	3m	1	nan	DN4 thymocyte	CL:0002420	DN4 thymocyte	facs	3_38_F	1447740.0	2334.0	female	Flowthrough	Thymus	nan	6	5
C1-B003291-3_39_F-1-1			3	C1.B003291.3_39_F.1.1-1-1	3_39_F	Thymus	False	1	False	C1.B003291.3_39_F.1.1-1-1	young_source_rule	C1.B003291.3_39_F.1.1-1-1-1	one_assay_suffix	3m	1	nan	DN4 thymocyte	CL:0002420	DN4 thymocyte	facs	3_39_F	594859.0	1757.0	female	Flowthrough	Thymus	nan	6	5
C1-MAA000508-3_9_M-1-1			3	C1.MAA000508.3_9_M.1.1-1-1	3_9_M	Spleen	False	1	False	C1.MAA000508.3_9_M.1.1-1-1	young_source_rule	C1.MAA000508.3_9_M.1.1-1-1-1	one_assay_suffix	3m	1	nan	CD4-positive, alpha-beta T cell	CL:0000084	Cd3e T cell	facs	3_9_M	456214.0	2131.0	male	nan	Spleen	nan	6	5
C1-MAA000607-3_9_M-1-1			3	C1.MAA000607.3_9_M.1.1-1-1	3_9_M	Thymus	False	1	False	C1.MAA000607.3_9_M.1.1-1-1	young_source_rule	C1.MAA000607.3_9_M.1.1-1-1-1	one_assay_suffix	3m	1	nan	DN4 thymocyte	CL:0002420	DN4 thymocyte	facs	3_9_M	202403.0	1847.0	male	nan	Thymus	nan	4	21
C1-MAA001865-3_38_F-1-1			3	C1.MAA001865.3_38_F.1.1-1-1	3_38_F	Trachea	False	1	False	C1.MAA001865.3_38_F.1.1-1-1	young_source_rule	C1.MAA001865.3_38_F.1.1-1-1-1	one_assay_suffix	3m	1	nan	T cell	CL:0000081	nan	facs	3_38_F	920161.0	4750.0	female	nan	Trachea	nan	21	23
C10-B000827-3_38_F-1-1			3	C10.B000827.3_38_F.1.1-1-1	3_38_F	Thymus	False	1	False	C10.B000827.3_38_F.1.1-1-1	young_source_rule	C10.B000827.3_38_F.1.1-1-1-1	one_assay_suffix	3m	1	nan	DN4 thymocyte	CL:0002420	DN4 thymocyte	facs	3_38_F	744123.0	2097.0	female	Flowthrough	Thymus	nan	4	5
C10-B003291-3_39_F-1-1			3	C10.B003291.3_39_F.1.1-1-1	3_39_F	Thymus	False	1	False	C10.B003291.3_39_F.1.1-1-1	young_source_rule	C10.B003291.3_39_F.1.1-1-1-1	one_assay_suffix	3m	1	nan	thymocyte	CL:0002420	DN to DP transition (most are Cd8+/ Cd4+, some undergoing VDJ recombination)	facs	3_39_F	998330.0	1497.0	female	Flowthrough	Thymus	nan	21	23
C10-D043526-3_39_F-1-1			3	C10.D043526.3_39_F.1.1-1-1	3_39_F	SCAT	False	1	False	C10.D043526.3_39_F.1.1-1-1	young_source_rule	C10.D043526.3_39_F.1.1-1-1-1	one_assay_suffix	3m	1	nan	B cell	CL:0000763	nan	facs	3_39_F	524821.0	3466.0	female	Fat	SCAT	nan	4	17
C10-D045058-3_39_F-1-1	12.0	2.0	3	C10.D045058.3_39_F.1.1-1-1	3_39_F	GAT	True	2	True	C10.D045058.3_39_F.1.1-1-1	young_source_rule	C10.D045058.3_39_F.1.1-1-1-1	one_assay_suffix	3m	1	nan	CD4-positive, alpha-beta T cell	CL:0000084	nan	facs	3_39_F	1928836.0	1838.0	female	Fat	GAT	nan	4	21
C10-MAA000442-3_11_M-1-1			3	C10.MAA000442.3_11_M.1.1-1-1	3_11_M	BAT	False	1	False	C10.MAA000442.3_11_M.1.1-1-1	young_source_rule	C10.MAA000442.3_11_M.1.1-1-1-1	one_assay_suffix	3m	1	nan	T cell	CL:0000084	nan	facs	3_11_M	83594.0	1852.0	male	Fat	BAT	nan	4	21
C10-MAA000877-3_11_M-1-1			3	C10.MAA000877.3_11_M.1.1-1-1	3_11_M	MAT	False	1	False	C10.MAA000877.3_11_M.1.1-1-1	young_source_rule	C10.MAA000877.3_11_M.1.1-1-1-1	one_assay_suffix	3m	1	nan	CD8-positive, alpha-beta T cell	CL:0000084	nan	facs	3_11_M	559843.0	1520.0	male	Fat	MAT	nan	6	5
C10-MAA000880-3_11_M-1-1			3	C10.MAA000880.3_11_M.1.1-1-1	3_11_M	Thymus	False	1	False	C10.MAA000880.3_11_M.1.1-1-1	young_source_rule	C10.MAA000880.3_11_M.1.1-1-1-1	one_assay_suffix	3m	1	nan	DN4 thymocyte	CL:0002420	DN4 thymocyte	facs	3_11_M	525693.0	1839.0	male	nan	Thymus	nan	6	23
C10-MAA000934-3_9_M-1-1			3	C10.MAA000934.3_9_M.1.1-1-1	3_9_M	SCAT	False	1	False	C10.MAA000934.3_9_M.1.1-1-1	young_source_rule	C10.MAA000934.3_9_M.1.1-1-1-1	one_assay_suffix	3m	1	nan	T cell	CL:0000084	nan	facs	3_9_M	135419.0	1846.0	male	Fat	SCAT	nan	6	5
C11-B000827-3_38_F-1-1			3	C11.B000827.3_38_F.1.1-1-1	3_38_F	Thymus	False	1	False	C11.B000827.3_38_F.1.1-1-1	young_source_rule	C11.B000827.3_38_F.1.1-1-1-1	one_assay_suffix	3m	1	nan	DN4 thymocyte	CL:0002420	DN4 thymocyte	facs	3_38_F	366668.0	1720.0	female	Flowthrough	Thymus	nan	6	5
C11-B000971-3_39_F-1-1			3	C11.B000971.3_39_F.1.1-1-1	3_39_F	Spleen	False	1	False	C11.B000971.3_39_F.1.1-1-1	young_source_rule	C11.B000971.3_39_F.1.1-1-1-1	one_assay_suffix	3m	1	nan	CD8-positive, alpha-beta T cell	CL:0000084	nan	facs	3_39_F	1262755.0	2603.0	female	nan	Spleen	nan	4	9
C11-B001960-3_56_F-1-1			3	C11.B001960.3_56_F.1.1-1-1	3_56_F	BAT	False	1	False	C11.B001960.3_56_F.1.1-1-1	young_source_rule	C11.B001960.3_56_F.1.1-1-1-1	one_assay_suffix	3m	1	nan	T cell	CL:0000084	nan	facs	3_56_F	1046693.0	1421.0	female	Fat	BAT	nan	4	5
C11-B003291-3_39_F-1-1			3	C11.B003291.3_39_F.1.1-1-1	3_39_F	Thymus	False	1	False	C11.B003291.3_39_F.1.1-1-1	young_source_rule	C11.B003291.3_39_F.1.1-1-1-1	one_assay_suffix	3m	1	nan	DN4 thymocyte	CL:0002420	DN4 thymocyte	facs	3_39_F	1228422.0	2482.0	female	Flowthrough	Thymus	nan	6	23
C11-D045058-3_39_F-1-1			3	C11.D045058.3_39_F.1.1-1-1	3_39_F	GAT	False	1	False	C11.D045058.3_39_F.1.1-1-1	young_source_rule	C11.D045058.3_39_F.1.1-1-1-1	one_assay_suffix	3m	1	nan	CD8-positive, alpha-beta T cell	CL:0000084	nan	facs	3_39_F	1712592.0	2966.0	female	Fat	GAT	nan	4	9
C11-MAA000607-3_9_M-1-1			3	C11.MAA000607.3_9_M.1.1-1-1	3_9_M	Thymus	False	1	False	C11.MAA000607.3_9_M.1.1-1-1	young_source_rule	C11.MAA000607.3_9_M.1.1-1-1-1	one_assay_suffix	3m	1	nan	thymocyte	CL:0002420	DN to DP transition (most are Cd8+/ Cd4+, some undergoing VDJ recombination)	facs	3_9_M	123176.0	1494.0	male	nan	Thymus	nan	21	23
C11-MAA000779-3_11_M-1-1			3	C11.MAA000779.3_11_M.1.1-1-1	3_11_M	Spleen	False	1	False	C11.MAA000779.3_11_M.1.1-1-1	young_source_rule	C11.MAA000779.3_11_M.1.1-1-1-1	one_assay_suffix	3m	1	nan	CD4-positive, alpha-beta T cell	CL:0000084	Cd3e T cell	facs	3_11_M	201481.0	1703.0	male	nan	Spleen	nan	4	21
C11-MAA000880-3_11_M-1-1			3	C11.MAA000880.3_11_M.1.1-1-1	3_11_M	Thymus	False	1	False	C11.MAA000880.3_11_M.1.1-1-1	young_source_rule	C11.MAA000880.3_11_M.1.1-1-1-1	one_assay_suffix	3m	1	nan	DN4 thymocyte	CL:0002420	DN4 thymocyte	facs	3_11_M	373548.0	1097.0	male	nan	Thymus	nan	6	5
C11-MAA000934-3_9_M-1-1			3	C11.MAA000934.3_9_M.1.1-1-1	3_9_M	SCAT	False	1	False	C11.MAA000934.3_9_M.1.1-1-1	young_source_rule	C11.MAA000934.3_9_M.1.1-1-1-1	one_assay_suffix	3m	1	nan	myeloid cell	CL:0000763	nan	facs	3_9_M	376069.0	3545.0	male	Fat	SCAT	nan	15	17
C12-B000971-3_39_F-1-1			3	C12.B000971.3_39_F.1.1-1-1	3_39_F	Spleen	False	1	False	C12.B000971.3_39_F.1.1-1-1	young_source_rule	C12.B000971.3_39_F.1.1-1-1-1	one_assay_suffix	3m	1	nan	CD4-positive, alpha-beta T cell	CL:0000084	Cd3e T cell	facs	3_39_F	766163.0	1515.0	female	nan	Spleen	nan	4	5
C12-B001750-3_38_F-1-1			3	C12.B001750.3_38_F.1.1-1-1	3_38_F	Spleen	False	1	False	C12.B001750.3_38_F.1.1-1-1	young_source_rule	C12.B001750.3_38_F.1.1-1-1-1	one_assay_suffix	3m	1	nan	CD8-positive, alpha-beta T cell	CL:0000084	Cd3e T cell	facs	3_38_F	527017.0	2079.0	female	nan	Spleen	nan	4	5
C12-B003291-3_39_F-1-1			3	C12.B003291.3_39_F.1.1-1-1	3_39_F	Thymus	False	1	False	C12.B003291.3_39_F.1.1-1-1	young_source_rule	C12.B003291.3_39_F.1.1-1-1-1	one_assay_suffix	3m	1	nan	thymocyte	CL:0002420	DN to DP transition (most are Cd8+/ Cd4+, some undergoing VDJ recombination)	facs	3_39_F	1164632.0	1803.0	female	Flowthrough	Thymus	nan	21	23
C12-D043526-3_39_F-1-1			3	C12.D043526.3_39_F.1.1-1-1	3_39_F	SCAT	False	1	False	C12.D043526.3_39_F.1.1-1-1	young_source_rule	C12.D043526.3_39_F.1.1-1-1-1	one_assay_suffix	3m	1	nan	T cell	CL:0000084	nan	facs	3_39_F	226329.0	1977.0	female	Fat	SCAT	nan	6	5
C12-MAA000442-3_11_M-1-1			3	C12.MAA000442.3_11_M.1.1-1-1	3_11_M	BAT	False	1	False	C12.MAA000442.3_11_M.1.1-1-1	young_source_rule	C12.MAA000442.3_11_M.1.1-1-1-1	one_assay_suffix	3m	1	nan	T cell	CL:0000084	nan	facs	3_11_M	65939.0	1503.0	male	Fat	BAT	nan	6	5
C12-MAA000607-3_9_M-1-1			3	C12.MAA000607.3_9_M.1.1-1-1	3_9_M	Thymus	False	1	False	C12.MAA000607.3_9_M.1.1-1-1	young_source_rule	C12.MAA000607.3_9_M.1.1-1-1-1	one_assay_suffix	3m	1	nan	thymocyte	CL:0002420	DN to DP transition (most are Cd8+/ Cd4+, some undergoing VDJ recombination)	facs	3_9_M	119226.0	1834.0	male	nan	Thymus	nan	21	23
C12-MAA000880-3_11_M-1-1			3	C12.MAA000880.3_11_M.1.1-1-1	3_11_M	Thymus	False	1	False	C12.MAA000880.3_11_M.1.1-1-1	young_source_rule	C12.MAA000880.3_11_M.1.1-1-1-1	one_assay_suffix	3m	1	nan	thymocyte	CL:0002420	proliferating thymocyte; DN to DP transition, dividing (some are Cd8+/ Cd4+, some undergoing VDJ recombination)	facs	3_11_M	1215601.0	3893.0	male	nan	Thymus	nan	21	23
C13-B001750-3_38_F-1-1			3	C13.B001750.3_38_F.1.1-1-1	3_38_F	Spleen	False	1	False	C13.B001750.3_38_F.1.1-1-1	young_source_rule	C13.B001750.3_38_F.1.1-1-1-1	one_assay_suffix	3m	1	nan	CD8-positive, alpha-beta T cell	CL:0000084	Cd3e T cell	facs	3_38_F	522475.0	1964.0	female	nan	Spleen	nan	6	5
C13-B002431-3_39_F-1-1			3	C13.B002431.3_39_F.1.1-1-1	3_39_F	Aorta	False	1	False	C13.B002431.3_39_F.1.1-1-1	young_source_rule		unmatched																
C13-B003291-3_39_F-1-1			3	C13.B003291.3_39_F.1.1-1-1	3_39_F	Thymus	False	1	False	C13.B003291.3_39_F.1.1-1-1	young_source_rule	C13.B003291.3_39_F.1.1-1-1-1	one_assay_suffix	3m	1	nan	thymocyte	CL:0002420	DN to DP transition (most are Cd8+/ Cd4+, some undergoing VDJ recombination)	facs	3_39_F	1297208.0	1857.0	female	Flowthrough	Thymus	nan	21	23
C13-D045067-3_38_F-1-1			3	C13.D045067.3_38_F.1.1-1-1	3_38_F	GAT	False	1	False	C13.D045067.3_38_F.1.1-1-1	young_source_rule	C13.D045067.3_38_F.1.1-1-1-1	one_assay_suffix	3m	1	nan	NK cell	CL:0000623	nan	facs	3_38_F	1004938.0	1489.0	female	Fat	GAT	nan	40	47
C13-MAA000385-3_10_M-1-1			3	C13.MAA000385.3_10_M.1.1-1-1	3_10_M	SCAT	False	1	False	C13.MAA000385.3_10_M.1.1-1-1	young_source_rule	C13.MAA000385.3_10_M.1.1-1-1-1	one_assay_suffix	3m	1	nan	T cell	CL:0000084	nan	facs	3_10_M	504880.0	2353.0	male	Fat	SCAT	nan	6	5
C13-MAA000607-3_9_M-1-1			3	C13.MAA000607.3_9_M.1.1-1-1	3_9_M	Thymus	False	1	False	C13.MAA000607.3_9_M.1.1-1-1	young_source_rule	C13.MAA000607.3_9_M.1.1-1-1-1	one_assay_suffix	3m	1	nan	thymocyte	CL:0002420	DN to DP transition (most are Cd8+/ Cd4+, some undergoing VDJ recombination)	facs	3_9_M	149028.0	1376.0	male	nan	Thymus	nan	6	5
C13-MAA000880-3_11_M-1-1			3	C13.MAA000880.3_11_M.1.1-1-1	3_11_M	Thymus	False	1	False	C13.MAA000880.3_11_M.1.1-1-1	young_source_rule	C13.MAA000880.3_11_M.1.1-1-1-1	one_assay_suffix	3m	1	nan	DN4 thymocyte	CL:0002420	DN4 thymocyte	facs	3_11_M	442318.0	1672.0	male	nan	Thymus	nan	6	5
C14-B003291-3_39_F-1-1			3	C14.B003291.3_39_F.1.1-1-1	3_39_F	Thymus	False	1	False	C14.B003291.3_39_F.1.1-1-1	young_source_rule	C14.B003291.3_39_F.1.1-1-1-1	one_assay_suffix	3m	1	nan	thymocyte	CL:0002420	DN to DP transition (most are Cd8+/ Cd4+, some undergoing VDJ recombination)	facs	3_39_F	1013306.0	1429.0	female	Flowthrough	Thymus	nan	21	23
C14-D043520-3_39_F-1-1			3	C14.D043520.3_39_F.1.1-1-1	3_39_F	MAT	False	1	False	C14.D043520.3_39_F.1.1-1-1	young_source_rule	C14.D043520.3_39_F.1.1-1-1-1	one_assay_suffix	3m	1	nan	CD8-positive, alpha-beta T cell	CL:0000084	nan	facs	3_39_F	401806.0	1764.0	female	Fat	MAT	nan	4	9
C14-MAA000607-3_9_M-1-1			3	C14.MAA000607.3_9_M.1.1-1-1	3_9_M	Thymus	False	1	False	C14.MAA000607.3_9_M.1.1-1-1	young_source_rule	C14.MAA000607.3_9_M.1.1-1-1-1	one_assay_suffix	3m	1	nan	macrophage	CL:0000738	macrophage	facs	3_9_M	237571.0	2018.0	male	nan	Thymus	nan	21	23
C14-MAA000880-3_11_M-1-1			3	C14.MAA000880.3_11_M.1.1-1-1	3_11_M	Thymus	False	1	False	C14.MAA000880.3_11_M.1.1-1-1	young_source_rule	C14.MAA000880.3_11_M.1.1-1-1-1	one_assay_suffix	3m	1	nan	thymocyte	CL:0002420	DN to DP transition (most are Cd8+/ Cd4+, some undergoing VDJ recombination)	facs	3_11_M	573375.0	1340.0	male	nan	Thymus	nan	21	23
C14-MAA000914-3_9_M-1-1			3	C14.MAA000914.3_9_M.1.1-1-1	3_9_M	MAT	False	1	False	C14.MAA000914.3_9_M.1.1-1-1	young_source_rule	C14.MAA000914.3_9_M.1.1-1-1-1	one_assay_suffix	3m	1	nan	CD4-positive, alpha-beta T cell	CL:0000084	nan	facs	3_9_M	416271.0	1851.0	male	Fat	MAT	nan	4	21
C15-B000827-3_38_F-1-1			3	C15.B000827.3_38_F.1.1-1-1	3_38_F	Thymus	False	1	False	C15.B000827.3_38_F.1.1-1-1	young_source_rule	C15.B000827.3_38_F.1.1-1-1-1	one_assay_suffix	3m	1	nan	DN4 thymocyte	CL:0002420	DN4 thymocyte	facs	3_38_F	780603.0	2443.0	female	Flowthrough	Thymus	nan	6	5
C15-B002955-3_56_F-1-1			3	C15.B002955.3_56_F.1.1-1-1	3_56_F	GAT	False	1	False	C15.B002955.3_56_F.1.1-1-1	young_source_rule	C15.B002955.3_56_F.1.1-1-1-1	one_assay_suffix	3m	1	nan	CD8-positive, alpha-beta T cell	CL:0000084	nan	facs	3_56_F	266960.0	1681.0	female	Fat	GAT	nan	4	9
C15-B003291-3_39_F-1-1			3	C15.B003291.3_39_F.1.1-1-1	3_39_F	Thymus	False	1	False	C15.B003291.3_39_F.1.1-1-1	young_source_rule	C15.B003291.3_39_F.1.1-1-1-1	one_assay_suffix	3m	1	nan	thymocyte	CL:0002420	proliferating thymocyte; DN to DP transition, dividing (some are Cd8+/ Cd4+, some undergoing VDJ recombination)	facs	3_39_F	3308379.0	3857.0	female	Flowthrough	Thymus	nan	21	23
C15-MAA000607-3_9_M-1-1			3	C15.MAA000607.3_9_M.1.1-1-1	3_9_M	Thymus	False	1	False	C15.MAA000607.3_9_M.1.1-1-1	young_source_rule	C15.MAA000607.3_9_M.1.1-1-1-1	one_assay_suffix	3m	1	nan	thymocyte	CL:0002420	proliferating thymocyte; DN to DP transition, dividing (some are Cd8+/ Cd4+, some undergoing VDJ recombination)	facs	3_9_M	907519.0	4568.0	male	nan	Thymus	nan	21	23
C15-MAA000880-3_11_M-1-1			3	C15.MAA000880.3_11_M.1.1-1-1	3_11_M	Thymus	False	1	False	C15.MAA000880.3_11_M.1.1-1-1	young_source_rule	C15.MAA000880.3_11_M.1.1-1-1-1	one_assay_suffix	3m	1	nan	DN4 thymocyte	CL:0002420	DN4 thymocyte	facs	3_11_M	716970.0	1812.0	male	nan	Thymus	nan	6	5
C16-B003291-3_39_F-1-1			3	C16.B003291.3_39_F.1.1-1-1	3_39_F	Thymus	False	1	False	C16.B003291.3_39_F.1.1-1-1	young_source_rule	C16.B003291.3_39_F.1.1-1-1-1	one_assay_suffix	3m	1	nan	thymocyte	CL:0002420	DN to DP transition (most are Cd8+/ Cd4+, some undergoing VDJ recombination)	facs	3_39_F	1665659.0	1599.0	female	Flowthrough	Thymus	nan	21	23
C16-D043520-3_39_F-1-1			3	C16.D043520.3_39_F.1.1-1-1	3_39_F	MAT	False	1	False	C16.D043520.3_39_F.1.1-1-1	young_source_rule	C16.D043520.3_39_F.1.1-1-1-1	one_assay_suffix	3m	1	nan	CD8-positive, alpha-beta T cell	CL:0000084	nan	facs	3_39_F	561257.0	2971.0	female	Fat	MAT	nan	6	5
C16-MAA000385-3_10_M-1-1			3	C16.MAA000385.3_10_M.1.1-1-1	3_10_M	SCAT	False	1	False	C16.MAA000385.3_10_M.1.1-1-1	young_source_rule	C16.MAA000385.3_10_M.1.1-1-1-1	one_assay_suffix	3m	1	nan	CD8-positive, alpha-beta T cell	CL:0000084	nan	facs	3_10_M	719835.0	3244.0	male	Fat	SCAT	nan	4	9
C16-MAA000607-3_9_M-1-1			3	C16.MAA000607.3_9_M.1.1-1-1	3_9_M	Thymus	False	1	False	C16.MAA000607.3_9_M.1.1-1-1	young_source_rule	C16.MAA000607.3_9_M.1.1-1-1-1	one_assay_suffix	3m	1	nan	thymocyte	CL:0002420	DN to DP transition (most are Cd8+/ Cd4+, some undergoing VDJ recombination)	facs	3_9_M	171278.0	1520.0	male	nan	Thymus	nan	6	23
C16-MAA000880-3_11_M-1-1			3	C16.MAA000880.3_11_M.1.1-1-1	3_11_M	Thymus	False	1	False	C16.MAA000880.3_11_M.1.1-1-1	young_source_rule	C16.MAA000880.3_11_M.1.1-1-1-1	one_assay_suffix	3m	1	nan	DN4 thymocyte	CL:0002420	DN4 thymocyte	facs	3_11_M	649601.0	1453.0	male	nan	Thymus	nan	6	5
C16-MAA000934-3_9_M-1-1			3	C16.MAA000934.3_9_M.1.1-1-1	3_9_M	SCAT	False	1	False	C16.MAA000934.3_9_M.1.1-1-1	young_source_rule	C16.MAA000934.3_9_M.1.1-1-1-1	one_assay_suffix	3m	1	nan	T cell	CL:0000084	nan	facs	3_9_M	301314.0	3730.0	male	Fat	SCAT	nan	4	5
C17-B003291-3_39_F-1-1			3	C17.B003291.3_39_F.1.1-1-1	3_39_F	Thymus	False	1	False	C17.B003291.3_39_F.1.1-1-1	young_source_rule	C17.B003291.3_39_F.1.1-1-1-1	one_assay_suffix	3m	1	nan	thymocyte	CL:0002420	DN to DP transition (most are Cd8+/ Cd4+, some undergoing VDJ recombination)	facs	3_39_F	2167485.0	1705.0	female	Flowthrough	Thymus	nan	21	23
C17-MAA000607-3_9_M-1-1			3	C17.MAA000607.3_9_M.1.1-1-1	3_9_M	Thymus	False	1	False	C17.MAA000607.3_9_M.1.1-1-1	young_source_rule	C17.MAA000607.3_9_M.1.1-1-1-1	one_assay_suffix	3m	1	nan	thymocyte	CL:0002420	DN to DP transition (most are Cd8+/ Cd4+, some undergoing VDJ recombination)	facs	3_9_M	213444.0	1892.0	male	nan	Thymus	nan	21	23
C17-MAA000880-3_11_M-1-1			3	C17.MAA000880.3_11_M.1.1-1-1	3_11_M	Thymus	False	1	False	C17.MAA000880.3_11_M.1.1-1-1	young_source_rule	C17.MAA000880.3_11_M.1.1-1-1-1	one_assay_suffix	3m	1	nan	DN4 thymocyte	CL:0002420	DN4 thymocyte	facs	3_11_M	441594.0	1118.0	male	nan	Thymus	nan	6	5
C18-B000971-3_39_F-1-1			3	C18.B000971.3_39_F.1.1-1-1	3_39_F	Spleen	False	1	False	C18.B000971.3_39_F.1.1-1-1	young_source_rule	C18.B000971.3_39_F.1.1-1-1-1	one_assay_suffix	3m	1	nan	CD8-positive, alpha-beta T cell	CL:0000084	Cd3e T cell	facs	3_39_F	1308721.0	2357.0	female	nan	Spleen	nan	4	9
C18-B003291-3_39_F-1-1			3	C18.B003291.3_39_F.1.1-1-1	3_39_F	Thymus	False	1	False	C18.B003291.3_39_F.1.1-1-1	young_source_rule	C18.B003291.3_39_F.1.1-1-1-1	one_assay_suffix	3m	1	nan	thymocyte	CL:0002420	proliferating thymocyte; DN to DP transition, dividing (some are Cd8+/ Cd4+, some undergoing VDJ recombination)	facs	3_39_F	4279341.0	4475.0	female	Flowthrough	Thymus	nan	21	23
C18-MAA000607-3_9_M-1-1			3	C18.MAA000607.3_9_M.1.1-1-1	3_9_M	Thymus	False	1	False	C18.MAA000607.3_9_M.1.1-1-1	young_source_rule	C18.MAA000607.3_9_M.1.1-1-1-1	one_assay_suffix	3m	1	nan	thymocyte	CL:0002420	DN to DP transition (most are Cd8+/ Cd4+, some undergoing VDJ recombination)	facs	3_9_M	199569.0	1587.0	male	nan	Thymus	nan	21	23
C18-MAA000779-3_11_M-1-1			3	C18.MAA000779.3_11_M.1.1-1-1	3_11_M	Spleen	False	1	False	C18.MAA000779.3_11_M.1.1-1-1	young_source_rule	C18.MAA000779.3_11_M.1.1-1-1-1	one_assay_suffix	3m	1	nan	CD4-positive, alpha-beta T cell	CL:0000084	Cd3e T cell	facs	3_11_M	213436.0	1252.0	male	nan	Spleen	nan	6	5
C18-MAA000880-3_11_M-1-1			3	C18.MAA000880.3_11_M.1.1-1-1	3_11_M	Thymus	False	1	False	C18.MAA000880.3_11_M.1.1-1-1	young_source_rule	C18.MAA000880.3_11_M.1.1-1-1-1	one_assay_suffix	3m	1	nan	thymocyte	CL:0002420	DN to DP transition (most are Cd8+/ Cd4+, some undergoing VDJ recombination)	facs	3_11_M	415476.0	946.0	male	nan	Thymus	nan	21	23
C19-B003291-3_39_F-1-1			3	C19.B003291.3_39_F.1.1-1-1	3_39_F	Thymus	False	1	False	C19.B003291.3_39_F.1.1-1-1	young_source_rule	C19.B003291.3_39_F.1.1-1-1-1	one_assay_suffix	3m	1	nan	thymocyte	CL:0002420	DN to DP transition (most are Cd8+/ Cd4+, some undergoing VDJ recombination)	facs	3_39_F	1982004.0	1367.0	female	Flowthrough	Thymus	nan	21	23
C19-MAA000508-3_9_M-1-1			3	C19.MAA000508.3_9_M.1.1-1-1	3_9_M	Spleen	False	1	False	C19.MAA000508.3_9_M.1.1-1-1	young_source_rule	C19.MAA000508.3_9_M.1.1-1-1-1	one_assay_suffix	3m	1	nan	CD4-positive, alpha-beta T cell	CL:0000236	Cd3e T cell	facs	3_9_M	206040.0	4818.0	male	nan	Spleen	nan	6	5
C19-MAA000607-3_9_M-1-1	19.0	2.0	3	C19.MAA000607.3_9_M.1.1-1-1	3_9_M	Thymus	True	1	False	C19.MAA000607.3_9_M.1.1-1-1	young_source_rule	C19.MAA000607.3_9_M.1.1-1-1-1	one_assay_suffix	3m	1	nan	thymocyte	CL:0002420	DN to DP transition (most are Cd8+/ Cd4+, some undergoing VDJ recombination)	facs	3_9_M	124902.0	1224.0	male	nan	Thymus	nan	21	23
C19-MAA000779-3_11_M-1-1			3	C19.MAA000779.3_11_M.1.1-1-1	3_11_M	Spleen	False	1	False	C19.MAA000779.3_11_M.1.1-1-1	young_source_rule	C19.MAA000779.3_11_M.1.1-1-1-1	one_assay_suffix	3m	1	nan	CD8-positive, alpha-beta T cell	CL:0000084	Cd3e T cell	facs	3_11_M	181899.0	1189.0	male	nan	Spleen	nan	6	5
C19-MAA000880-3_11_M-1-1			3	C19.MAA000880.3_11_M.1.1-1-1	3_11_M	Thymus	False	1	False	C19.MAA000880.3_11_M.1.1-1-1	young_source_rule	C19.MAA000880.3_11_M.1.1-1-1-1	one_assay_suffix	3m	1	nan	DN4 thymocyte	CL:0002420	DN4 thymocyte	facs	3_11_M	578549.0	1327.0	male	nan	Thymus	nan	6	5
C2-B000827-3_38_F-1-1			3	C2.B000827.3_38_F.1.1-1-1	3_38_F	Thymus	False	1	False	C2.B000827.3_38_F.1.1-1-1	young_source_rule	C2.B000827.3_38_F.1.1-1-1-1	one_assay_suffix	3m	1	nan	DN4 thymocyte	CL:0002420	DN4 thymocyte	facs	3_38_F	791938.0	1633.0	female	Flowthrough	Thymus	nan	6	5
C2-B003291-3_39_F-1-1			3	C2.B003291.3_39_F.1.1-1-1	3_39_F	Thymus	False	1	False	C2.B003291.3_39_F.1.1-1-1	young_source_rule	C2.B003291.3_39_F.1.1-1-1-1	one_assay_suffix	3m	1	nan	thymocyte	CL:0002420	DN to DP transition (most are Cd8+/ Cd4+, some undergoing VDJ recombination)	facs	3_39_F	1131803.0	1560.0	female	Flowthrough	Thymus	nan	21	23
C2-MAA000607-3_9_M-1-1			3	C2.MAA000607.3_9_M.1.1-1-1	3_9_M	Thymus	False	1	False	C2.MAA000607.3_9_M.1.1-1-1	young_source_rule	C2.MAA000607.3_9_M.1.1-1-1-1	one_assay_suffix	3m	1	nan	DN4 thymocyte	CL:0002420	DN4 thymocyte	facs	3_9_M	453190.0	2675.0	male	nan	Thymus	nan	6	5
C2-MAA001888-3_39_F-1-1			3	C2.MAA001888.3_39_F.1.1-1-1	3_39_F	Marrow	False	1	False	C2.MAA001888.3_39_F.1.1-1-1	young_source_rule	C2.MAA001888.3_39_F.1.1-1-1-1	one_assay_suffix	3m	1	nan	NK cell	CL:0000914	NK cell	facs	3_39_F	350652.0	2460.0	female	T-cells	Marrow	nan	4	9
C20-B003291-3_39_F-1-1			3	C20.B003291.3_39_F.1.1-1-1	3_39_F	Thymus	False	1	False	C20.B003291.3_39_F.1.1-1-1	young_source_rule	C20.B003291.3_39_F.1.1-1-1-1	one_assay_suffix	3m	1	nan	thymocyte	CL:0002420	DN to DP transition (most are Cd8+/ Cd4+, some undergoing VDJ recombination)	facs	3_39_F	2243905.0	1439.0	female	Flowthrough	Thymus	nan	21	23
C20-MAA000880-3_11_M-1-1			3	C20.MAA000880.3_11_M.1.1-1-1	3_11_M	Thymus	False	1	False	C20.MAA000880.3_11_M.1.1-1-1	young_source_rule	C20.MAA000880.3_11_M.1.1-1-1-1	one_assay_suffix	3m	1	nan	thymocyte	CL:0002420	DN to DP transition (most are Cd8+/ Cd4+, some undergoing VDJ recombination)	facs	3_11_M	509347.0	1096.0	male	nan	Thymus	nan	21	23
C21-B000827-3_38_F-1-1			3	C21.B000827.3_38_F.1.1-1-1	3_38_F	Thymus	False	1	False	C21.B000827.3_38_F.1.1-1-1	young_source_rule	C21.B000827.3_38_F.1.1-1-1-1	one_assay_suffix	3m	1	nan	DN4 thymocyte	CL:0002420	DN4 thymocyte	facs	3_38_F	794454.0	1992.0	female	Flowthrough	Thymus	nan	6	5
C21-B002428-3_38_F-1-1	36.0	2.0	3	C21.B002428.3_38_F.1.1-1-1	3_38_F	Heart	True	1	False	C21.B002428.3_38_F.1.1-1-1	young_source_rule	C21.B002428.3_38_F.1.1-1-1-1	one_assay_suffix	3m	1	nan	fibroblast of cardiac tissue	CL:0000057	fibroblast of cardiac tissue	facs	3_38_F	890677.0	2341.0	female	LA	Heart	nan	17	15
C21-B002431-3_39_F-1-1			3	C21.B002431.3_39_F.1.1-1-1	3_39_F	Aorta	False	1	False	C21.B002431.3_39_F.1.1-1-1	young_source_rule	C21.B002431.3_39_F.1.1-1-1-1	one_assay_suffix	3m	1	nan	aortic endothelial cell	CL:0000115	nan	facs	3_39_F	884920.0	2283.0	female	Heart	Aorta	nan	7	6
C21-B003291-3_39_F-1-1			3	C21.B003291.3_39_F.1.1-1-1	3_39_F	Thymus	False	1	False	C21.B003291.3_39_F.1.1-1-1	young_source_rule	C21.B003291.3_39_F.1.1-1-1-1	one_assay_suffix	3m	1	nan	thymocyte	CL:0002420	DN to DP transition (most are Cd8+/ Cd4+, some undergoing VDJ recombination)	facs	3_39_F	2444375.0	1192.0	female	Flowthrough	Thymus	nan	21	23
C21-MAA000530-3_8_M-1-1			3	C21.MAA000530.3_8_M.1.1-1-1	3_8_M	Lung	False	1	False	C21.MAA000530.3_8_M.1.1-1-1	young_source_rule	C21.MAA000530.3_8_M.1.1-1-1-1	one_assay_suffix	3m	1	nan	CD4-positive, alpha-beta T cell	CL:0000084	CD4+ T	facs	3_8_M	889022.0	2241.0	male	nan	Lung	nan	6	5
C21-MAA000607-3_9_M-1-1			3	C21.MAA000607.3_9_M.1.1-1-1	3_9_M	Thymus	False	1	False	C21.MAA000607.3_9_M.1.1-1-1	young_source_rule	C21.MAA000607.3_9_M.1.1-1-1-1	one_assay_suffix	3m	1	nan	DN4 thymocyte	CL:0002420	DN4 thymocyte	facs	3_9_M	382543.0	2340.0	male	nan	Thymus	nan	6	5
C21-MAA000880-3_11_M-1-1			3	C21.MAA000880.3_11_M.1.1-1-1	3_11_M	Thymus	False	1	False	C21.MAA000880.3_11_M.1.1-1-1	young_source_rule	C21.MAA000880.3_11_M.1.1-1-1-1	one_assay_suffix	3m	1	nan	DN4 thymocyte	CL:0002420	DN4 thymocyte	facs	3_11_M	971809.0	2087.0	male	nan	Thymus	nan	6	5
C22-B000827-3_38_F-1-1			3	C22.B000827.3_38_F.1.1-1-1	3_38_F	Thymus	False	1	False	C22.B000827.3_38_F.1.1-1-1	young_source_rule	C22.B000827.3_38_F.1.1-1-1-1	one_assay_suffix	3m	1	nan	DN4 thymocyte	CL:0002420	DN4 thymocyte	facs	3_38_F	1200987.0	2245.0	female	Flowthrough	Thymus	nan	4	5
C22-B003291-3_39_F-1-1			3	C22.B003291.3_39_F.1.1-1-1	3_39_F	Thymus	False	1	False	C22.B003291.3_39_F.1.1-1-1	young_source_rule	C22.B003291.3_39_F.1.1-1-1-1	one_assay_suffix	3m	1	nan	thymocyte	CL:0002420	DN to DP transition (most are Cd8+/ Cd4+, some undergoing VDJ recombination)	facs	3_39_F	3334390.0	1528.0	female	Flowthrough	Thymus	nan	21	23
C22-MAA000607-3_9_M-1-1			3	C22.MAA000607.3_9_M.1.1-1-1	3_9_M	Thymus	False	1	False	C22.MAA000607.3_9_M.1.1-1-1	young_source_rule	C22.MAA000607.3_9_M.1.1-1-1-1	one_assay_suffix	3m	1	nan	thymocyte	CL:0002420	proliferating thymocyte; DN to DP transition, dividing (some are Cd8+/ Cd4+, some undergoing VDJ recombination)	facs	3_9_M	577076.0	3478.0	male	nan	Thymus	nan	21	23
C22-MAA000609-3_8_M-1-1			3	C22.MAA000609.3_8_M.1.1-1-1	3_8_M	Thymus	False	1	False	C22.MAA000609.3_8_M.1.1-1-1	young_source_rule	C22.MAA000609.3_8_M.1.1-1-1-1	one_assay_suffix	3m	1	nan	thymocyte	CL:0002420	DN to DP transition (most are Cd8+/ Cd4+, some undergoing VDJ recombination)	facs	3_8_M	291686.0	2059.0	male	nan	Thymus	nan	21	23
C22-MAA000880-3_11_M-1-1			3	C22.MAA000880.3_11_M.1.1-1-1	3_11_M	Thymus	False	1	False	C22.MAA000880.3_11_M.1.1-1-1	young_source_rule	C22.MAA000880.3_11_M.1.1-1-1-1	one_assay_suffix	3m	1	nan	thymocyte	CL:0002420	DN to DP transition (most are Cd8+/ Cd4+, some undergoing VDJ recombination)	facs	3_11_M	731523.0	1543.0	male	nan	Thymus	nan	21	23
C22-MAA001865-3_38_F-1-1			3	C22.MAA001865.3_38_F.1.1-1-1	3_38_F	Trachea	False	1	False	C22.MAA001865.3_38_F.1.1-1-1	young_source_rule	C22.MAA001865.3_38_F.1.1-1-1-1	one_assay_suffix	3m	1	nan	T cell	CL:0000081	nan	facs	3_38_F	849274.0	5545.0	female	nan	Trachea	nan	21	23
C3-B000827-3_38_F-1-1			3	C3.B000827.3_38_F.1.1-1-1	3_38_F	Thymus	False	1	False	C3.B000827.3_38_F.1.1-1-1	young_source_rule	C3.B000827.3_38_F.1.1-1-1-1	one_assay_suffix	3m	1	nan	DN4 thymocyte	CL:0002420	DN4 thymocyte	facs	3_38_F	938324.0	2024.0	female	Flowthrough	Thymus	nan	6	5
C3-B000971-3_39_F-1-1			3	C3.B000971.3_39_F.1.1-1-1	3_39_F	Spleen	False	1	False	C3.B000971.3_39_F.1.1-1-1	young_source_rule	C3.B000971.3_39_F.1.1-1-1-1	one_assay_suffix	3m	1	nan	CD4-positive, alpha-beta T cell	CL:0000084	Cd3e T cell	facs	3_39_F	1529176.0	2211.0	female	nan	Spleen	nan	4	21
C3-B003291-3_39_F-1-1			3	C3.B003291.3_39_F.1.1-1-1	3_39_F	Thymus	False	1	False	C3.B003291.3_39_F.1.1-1-1	young_source_rule	C3.B003291.3_39_F.1.1-1-1-1	one_assay_suffix	3m	1	nan	DN4 thymocyte	CL:0002420	DN4 thymocyte	facs	3_39_F	688998.0	1736.0	female	Flowthrough	Thymus	nan	6	5
C3-MAA000607-3_9_M-1-1			3	C3.MAA000607.3_9_M.1.1-1-1	3_9_M	Thymus	False	1	False	C3.MAA000607.3_9_M.1.1-1-1	young_source_rule	C3.MAA000607.3_9_M.1.1-1-1-1	one_assay_suffix	3m	1	nan	thymocyte	CL:0002420	proliferating thymocyte; DN to DP transition, dividing (some are Cd8+/ Cd4+, some undergoing VDJ recombination)	facs	3_9_M	969400.0	5355.0	male	nan	Thymus	nan	21	23
C3-MAA001889-3_38_F-1-1			3	C3.MAA001889.3_38_F.1.1-1-1	3_38_F	Lung	False	1	False	C3.MAA001889.3_38_F.1.1-1-1	young_source_rule	C3.MAA001889.3_38_F.1.1-1-1-1	one_assay_suffix	3m	1	nan	CD4-positive, alpha-beta T cell	CL:0000084	CD4+ T	facs	3_38_F	1237366.0	1446.0	female	EPCAM	Lung	nan	4	5
C4-B000827-3_38_F-1-1			3	C4.B000827.3_38_F.1.1-1-1	3_38_F	Thymus	False	1	False	C4.B000827.3_38_F.1.1-1-1	young_source_rule	C4.B000827.3_38_F.1.1-1-1-1	one_assay_suffix	3m	1	nan	DN4 thymocyte	CL:0002420	DN4 thymocyte	facs	3_38_F	1106582.0	2468.0	female	Flowthrough	Thymus	nan	6	5
C4-B003291-3_39_F-1-1			3	C4.B003291.3_39_F.1.1-1-1	3_39_F	Thymus	False	1	False	C4.B003291.3_39_F.1.1-1-1	young_source_rule	C4.B003291.3_39_F.1.1-1-1-1	one_assay_suffix	3m	1	nan	thymocyte	CL:0002420	DN to DP transition (most are Cd8+/ Cd4+, some undergoing VDJ recombination)	facs	3_39_F	664934.0	1309.0	female	Flowthrough	Thymus	nan	21	23
C5-B000827-3_38_F-1-1			3	C5.B000827.3_38_F.1.1-1-1	3_38_F	Thymus	False	1	False	C5.B000827.3_38_F.1.1-1-1	young_source_rule	C5.B000827.3_38_F.1.1-1-1-1	one_assay_suffix	3m	1	nan	DN4 thymocyte	nan	DN4 thymocyte	facs	3_38_F	10615.0	1460.0	female	Flowthrough	Thymus	nan	6	5
C5-B000971-3_39_F-1-1			3	C5.B000971.3_39_F.1.1-1-1	3_39_F	Spleen	False	1	False	C5.B000971.3_39_F.1.1-1-1	young_source_rule	C5.B000971.3_39_F.1.1-1-1-1	one_assay_suffix	3m	1	nan	CD4-positive, alpha-beta T cell	CL:0000084	Cd3e T cell	facs	3_39_F	835764.0	1618.0	female	nan	Spleen	nan	6	5
C5-B001750-3_38_F-1-1			3	C5.B001750.3_38_F.1.1-1-1	3_38_F	Spleen	False	1	False	C5.B001750.3_38_F.1.1-1-1	young_source_rule	C5.B001750.3_38_F.1.1-1-1-1	one_assay_suffix	3m	1	nan	CD4-positive, alpha-beta T cell	CL:0000084	Cd3e T cell	facs	3_38_F	484889.0	2149.0	female	nan	Spleen	nan	4	21
C5-B003291-3_39_F-1-1			3	C5.B003291.3_39_F.1.1-1-1	3_39_F	Thymus	False	1	False	C5.B003291.3_39_F.1.1-1-1	young_source_rule	C5.B003291.3_39_F.1.1-1-1-1	one_assay_suffix	3m	1	nan	thymocyte	CL:0002420	DN to DP transition (most are Cd8+/ Cd4+, some undergoing VDJ recombination)	facs	3_39_F	998926.0	1549.0	female	Flowthrough	Thymus	nan	21	23
C5-MAA000386-3_11_M-1-1	1.0	2.0	3	C5.MAA000386.3_11_M.1.1-1-1	3_11_M	SCAT	True	2	True	C5.MAA000386.3_11_M.1.1-1-1	young_source_rule	C5.MAA000386.3_11_M.1.1-1-1-1	one_assay_suffix	3m	1	nan	CD8-positive, alpha-beta T cell	CL:0000084	nan	facs	3_11_M	372399.0	1983.0	male	Fat	SCAT	nan	4	9
C5-MAA000607-3_9_M-1-1			3	C5.MAA000607.3_9_M.1.1-1-1	3_9_M	Thymus	False	1	False	C5.MAA000607.3_9_M.1.1-1-1	young_source_rule	C5.MAA000607.3_9_M.1.1-1-1-1	one_assay_suffix	3m	1	nan	DN4 thymocyte	CL:0002420	DN4 thymocyte	facs	3_9_M	296653.0	2225.0	male	nan	Thymus	nan	6	5
C5-MAA000779-3_11_M-1-1			3	C5.MAA000779.3_11_M.1.1-1-1	3_11_M	Spleen	False	1	False	C5.MAA000779.3_11_M.1.1-1-1	young_source_rule	C5.MAA000779.3_11_M.1.1-1-1-1	one_assay_suffix	3m	1	nan	CD4-positive, alpha-beta T cell	CL:0000084	Cd3e T cell	facs	3_11_M	222618.0	1245.0	male	nan	Spleen	nan	6	5
C5-MAA000907-3_11_M-1-1			3	C5.MAA000907.3_11_M.1.1-1-1	3_11_M	Liver	False	1	False	C5.MAA000907.3_11_M.1.1-1-1	young_source_rule	C5.MAA000907.3_11_M.1.1-1-1-1	one_assay_suffix	3m	1	nan	mature NK T cell	CL:0000623	nan	facs	3_11_M	695760.0	2893.0	male	Non-hepatocytes	Liver	nan	4	9
C5-MAA001889-3_38_F-1-1			3	C5.MAA001889.3_38_F.1.1-1-1	3_38_F	Lung	False	1	False	C5.MAA001889.3_38_F.1.1-1-1	young_source_rule	C5.MAA001889.3_38_F.1.1-1-1-1	one_assay_suffix	3m	1	nan	CD4-positive, alpha-beta T cell	CL:0000084	CD4+ T	facs	3_38_F	1929829.0	1904.0	female	EPCAM	Lung	nan	4	9
C6-B002431-3_39_F-1-1			3	C6.B002431.3_39_F.1.1-1-1	3_39_F	Aorta	False	1	False	C6.B002431.3_39_F.1.1-1-1	young_source_rule		unmatched																
C6-B003291-3_39_F-1-1			3	C6.B003291.3_39_F.1.1-1-1	3_39_F	Thymus	False	1	False	C6.B003291.3_39_F.1.1-1-1	young_source_rule	C6.B003291.3_39_F.1.1-1-1-1	one_assay_suffix	3m	1	nan	DN4 thymocyte	CL:0002420	DN4 thymocyte	facs	3_39_F	1729979.0	2196.0	female	Flowthrough	Thymus	nan	6	5
C6-MAA000607-3_9_M-1-1			3	C6.MAA000607.3_9_M.1.1-1-1	3_9_M	Thymus	False	1	False	C6.MAA000607.3_9_M.1.1-1-1	young_source_rule	C6.MAA000607.3_9_M.1.1-1-1-1	one_assay_suffix	3m	1	nan	DN4 thymocyte	CL:0002420	DN4 thymocyte	facs	3_9_M	257262.0	2257.0	male	nan	Thymus	nan	6	5
C6-MAA000609-3_8_M-1-1			3	C6.MAA000609.3_8_M.1.1-1-1	3_8_M	Thymus	False	1	False	C6.MAA000609.3_8_M.1.1-1-1	young_source_rule	C6.MAA000609.3_8_M.1.1-1-1-1	one_assay_suffix	3m	1	nan	thymocyte	CL:0002420	DN to DP transition (most are Cd8+/ Cd4+, some undergoing VDJ recombination)	facs	3_8_M	294511.0	1855.0	male	nan	Thymus	nan	21	23
C6-MAA001888-3_39_F-1-1			3	C6.MAA001888.3_39_F.1.1-1-1	3_39_F	Marrow	False	1	False	C6.MAA001888.3_39_F.1.1-1-1	young_source_rule	C6.MAA001888.3_39_F.1.1-1-1-1	one_assay_suffix	3m	1	nan	promonocyte	CL:0000576	monocyte + promonocyte	facs	3_39_F	1164651.0	6214.0	female	T-cells	Marrow	nan	2	17
C7-B003291-3_39_F-1-1			3	C7.B003291.3_39_F.1.1-1-1	3_39_F	Thymus	False	1	False	C7.B003291.3_39_F.1.1-1-1	young_source_rule	C7.B003291.3_39_F.1.1-1-1-1	one_assay_suffix	3m	1	nan	thymocyte	CL:0002420	DN to DP transition (most are Cd8+/ Cd4+, some undergoing VDJ recombination)	facs	3_39_F	1085585.0	1682.0	female	Flowthrough	Thymus	nan	21	23
C7-D043526-3_39_F-1-1			3	C7.D043526.3_39_F.1.1-1-1	3_39_F	SCAT	False	1	False	C7.D043526.3_39_F.1.1-1-1	young_source_rule	C7.D043526.3_39_F.1.1-1-1-1	one_assay_suffix	3m	1	nan	T cell	CL:0000084	nan	facs	3_39_F	786127.0	1391.0	female	Fat	SCAT	nan	6	5
C7-MAA000556-3_9_M-1-1			3	C7.MAA000556.3_9_M.1.1-1-1	3_9_M	BAT	False	1	False	C7.MAA000556.3_9_M.1.1-1-1	young_source_rule	C7.MAA000556.3_9_M.1.1-1-1-1	one_assay_suffix	3m	1	nan	T cell	CL:0000084	nan	facs	3_9_M	81297.0	1467.0	male	Fat	BAT	nan	6	5
C7-MAA000607-3_9_M-1-1			3	C7.MAA000607.3_9_M.1.1-1-1	3_9_M	Thymus	False	1	False	C7.MAA000607.3_9_M.1.1-1-1	young_source_rule	C7.MAA000607.3_9_M.1.1-1-1-1	one_assay_suffix	3m	1	nan	thymocyte	CL:0002420	DN to DP transition (most are Cd8+/ Cd4+, some undergoing VDJ recombination)	facs	3_9_M	252041.0	2066.0	male	nan	Thymus	nan	21	23
C7-MAA000609-3_8_M-1-1			3	C7.MAA000609.3_8_M.1.1-1-1	3_8_M	Thymus	False	1	False	C7.MAA000609.3_8_M.1.1-1-1	young_source_rule	C7.MAA000609.3_8_M.1.1-1-1-1	one_assay_suffix	3m	1	nan	thymocyte	CL:0002420	DN to DP transition (most are Cd8+/ Cd4+, some undergoing VDJ recombination)	facs	3_8_M	803362.0	1780.0	male	nan	Thymus	nan	21	23
C8-B003291-3_39_F-1-1			3	C8.B003291.3_39_F.1.1-1-1	3_39_F	Thymus	False	1	False	C8.B003291.3_39_F.1.1-1-1	young_source_rule	C8.B003291.3_39_F.1.1-1-1-1	one_assay_suffix	3m	1	nan	thymocyte	CL:0002420	DN to DP transition (most are Cd8+/ Cd4+, some undergoing VDJ recombination)	facs	3_39_F	787143.0	1399.0	female	Flowthrough	Thymus	nan	21	23
C8-MAA000442-3_11_M-1-1			3	C8.MAA000442.3_11_M.1.1-1-1	3_11_M	BAT	False	1	False	C8.MAA000442.3_11_M.1.1-1-1	young_source_rule	C8.MAA000442.3_11_M.1.1-1-1-1	one_assay_suffix	3m	1	nan	T cell	nan	nan	facs	3_11_M	49377.0	1460.0	male	Fat	BAT	nan	6	5
C8-MAA000607-3_9_M-1-1			3	C8.MAA000607.3_9_M.1.1-1-1	3_9_M	Thymus	False	1	False	C8.MAA000607.3_9_M.1.1-1-1	young_source_rule	C8.MAA000607.3_9_M.1.1-1-1-1	one_assay_suffix	3m	1	nan	thymocyte	CL:0002420	DN to DP transition (most are Cd8+/ Cd4+, some undergoing VDJ recombination)	facs	3_9_M	153670.0	1559.0	male	nan	Thymus	nan	21	23
C8-MAA000609-3_8_M-1-1			3	C8.MAA000609.3_8_M.1.1-1-1	3_8_M	Thymus	False	1	False	C8.MAA000609.3_8_M.1.1-1-1	young_source_rule	C8.MAA000609.3_8_M.1.1-1-1-1	one_assay_suffix	3m	1	nan	DN4 thymocyte	CL:0002420	DN4 thymocyte	facs	3_8_M	337698.0	1703.0	male	nan	Thymus	nan	6	5
C8-MAA000779-3_11_M-1-1			3	C8.MAA000779.3_11_M.1.1-1-1	3_11_M	Spleen	False	1	False	C8.MAA000779.3_11_M.1.1-1-1	young_source_rule	C8.MAA000779.3_11_M.1.1-1-1-1	one_assay_suffix	3m	1	nan	CD4-positive, alpha-beta T cell	CL:0000084	Cd3e T cell	facs	3_11_M	332041.0	1506.0	male	nan	Spleen	nan	6	5
C8-MAA000844-3_10_M-1-1			3	C8.MAA000844.3_10_M.1.1-1-1	3_10_M	Marrow	False	1	False	C8.MAA000844.3_10_M.1.1-1-1	young_source_rule	C8.MAA000844.3_10_M.1.1-1-1-1	one_assay_suffix	3m	1	nan	NK cell	CL:0000094	Klrb1a/b/c(-) NK cell	facs	3_10_M	1037767.0	3515.0	male	T-cells	Marrow	nan	11	8
C8-MAA000880-3_11_M-1-1			3	C8.MAA000880.3_11_M.1.1-1-1	3_11_M	Thymus	False	1	False	C8.MAA000880.3_11_M.1.1-1-1	young_source_rule	C8.MAA000880.3_11_M.1.1-1-1-1	one_assay_suffix	3m	1	nan	DN4 thymocyte	CL:0002420	DN4 thymocyte	facs	3_11_M	603359.0	1504.0	male	nan	Thymus	nan	6	5
C9-B000971-3_39_F-1-1			3	C9.B000971.3_39_F.1.1-1-1	3_39_F	Spleen	False	1	False	C9.B000971.3_39_F.1.1-1-1	young_source_rule	C9.B000971.3_39_F.1.1-1-1-1	one_assay_suffix	3m	1	nan	CD8-positive, alpha-beta T cell	CL:0000084	Cd3e T cell	facs	3_39_F	845070.0	2229.0	female	nan	Spleen	nan	4	5
C9-B001750-3_38_F-1-1			3	C9.B001750.3_38_F.1.1-1-1	3_38_F	Spleen	False	1	False	C9.B001750.3_38_F.1.1-1-1	young_source_rule	C9.B001750.3_38_F.1.1-1-1-1	one_assay_suffix	3m	1	nan	CD8-positive, alpha-beta T cell	CL:0000084	Cd3e T cell	facs	3_38_F	939438.0	2165.0	female	nan	Spleen	nan	6	5
C9-B003291-3_39_F-1-1			3	C9.B003291.3_39_F.1.1-1-1	3_39_F	Thymus	False	1	False	C9.B003291.3_39_F.1.1-1-1	young_source_rule	C9.B003291.3_39_F.1.1-1-1-1	one_assay_suffix	3m	1	nan	thymocyte	CL:0002420	DN to DP transition (most are Cd8+/ Cd4+, some undergoing VDJ recombination)	facs	3_39_F	766759.0	1283.0	female	Flowthrough	Thymus	nan	21	23
C9-MAA000607-3_9_M-1-1			3	C9.MAA000607.3_9_M.1.1-1-1	3_9_M	Thymus	False	1	False	C9.MAA000607.3_9_M.1.1-1-1	young_source_rule	C9.MAA000607.3_9_M.1.1-1-1-1	one_assay_suffix	3m	1	nan	thymocyte	CL:0002420	DN to DP transition (most are Cd8+/ Cd4+, some undergoing VDJ recombination)	facs	3_9_M	162874.0	1517.0	male	nan	Thymus	nan	21	23
C9-MAA000877-3_11_M-1-1			3	C9.MAA000877.3_11_M.1.1-1-1	3_11_M	MAT	False	1	False	C9.MAA000877.3_11_M.1.1-1-1	young_source_rule	C9.MAA000877.3_11_M.1.1-1-1-1	one_assay_suffix	3m	1	nan	CD4-positive, alpha-beta T cell	CL:0000084	nan	facs	3_11_M	517705.0	2039.0	male	Fat	MAT	nan	4	21
C9-MAA000914-3_9_M-1-1			3	C9.MAA000914.3_9_M.1.1-1-1	3_9_M	MAT	False	1	False	C9.MAA000914.3_9_M.1.1-1-1	young_source_rule	C9.MAA000914.3_9_M.1.1-1-1-1	one_assay_suffix	3m	1	nan	CD4-positive, alpha-beta T cell	CL:0000084	nan	facs	3_9_M	565969.0	2308.0	male	Fat	MAT	nan	4	48
C9-MAA000934-3_9_M-1-1			3	C9.MAA000934.3_9_M.1.1-1-1	3_9_M	SCAT	False	1	False	C9.MAA000934.3_9_M.1.1-1-1	young_source_rule	C9.MAA000934.3_9_M.1.1-1-1-1	one_assay_suffix	3m	1	nan	CD8-positive, alpha-beta T cell	CL:0000084	nan	facs	3_9_M	214524.0	1791.0	male	Fat	SCAT	nan	4	9
D1-B003284-3_39_F-1-1			3	D1.B003284.3_39_F.1.1-1-1	3_39_F	Thymus	False	1	False	D1.B003284.3_39_F.1.1-1-1	young_source_rule	D1.B003284.3_39_F.1.1-1-1-1	one_assay_suffix	3m	1	nan	thymocyte	CL:0002420	proliferating thymocyte; DN to DP transition, dividing (some are Cd8+/ Cd4+, some undergoing VDJ recombination)	facs	3_39_F	1848010.0	4170.0	female	Epithelium	Thymus	nan	21	23
D10-B003291-3_39_F-1-1			3	D10.B003291.3_39_F.1.1-1-1	3_39_F	Thymus	False	1	False	D10.B003291.3_39_F.1.1-1-1	young_source_rule	D10.B003291.3_39_F.1.1-1-1-1	one_assay_suffix	3m	1	nan	thymocyte	CL:0002420	DN to DP transition (most are Cd8+/ Cd4+, some undergoing VDJ recombination)	facs	3_39_F	1097785.0	1843.0	female	Flowthrough	Thymus	nan	21	23
D10-MAA000508-3_9_M-1-1			3	D10.MAA000508.3_9_M.1.1-1-1	3_9_M	Spleen	False	1	False	D10.MAA000508.3_9_M.1.1-1-1	young_source_rule	D10.MAA000508.3_9_M.1.1-1-1-1	one_assay_suffix	3m	1	nan	CD8-positive, alpha-beta T cell	CL:0000084	Cd3e T cell	facs	3_9_M	234205.0	2484.0	male	nan	Spleen	nan	6	5
D10-MAA000877-3_11_M-1-1			3	D10.MAA000877.3_11_M.1.1-1-1	3_11_M	MAT	False	1	False	D10.MAA000877.3_11_M.1.1-1-1	young_source_rule	D10.MAA000877.3_11_M.1.1-1-1-1	one_assay_suffix	3m	1	nan	CD4-positive, alpha-beta T cell	CL:0000084	nan	facs	3_11_M	1898871.0	4216.0	male	Fat	MAT	nan	4	21
D10-MAA000880-3_11_M-1-1			3	D10.MAA000880.3_11_M.1.1-1-1	3_11_M	Thymus	False	1	False	D10.MAA000880.3_11_M.1.1-1-1	young_source_rule	D10.MAA000880.3_11_M.1.1-1-1-1	one_assay_suffix	3m	1	nan	thymocyte	CL:0002420	DN to DP transition (most are Cd8+/ Cd4+, some undergoing VDJ recombination)	facs	3_11_M	951681.0	1787.0	male	nan	Thymus	nan	21	23
D11-B001960-3_56_F-1-1			3	D11.B001960.3_56_F.1.1-1-1	3_56_F	BAT	False	1	False	D11.B001960.3_56_F.1.1-1-1	young_source_rule	D11.B001960.3_56_F.1.1-1-1-1	one_assay_suffix	3m	1	nan	T cell	CL:0000084	nan	facs	3_56_F	597110.0	2065.0	female	Fat	BAT	nan	6	5
D11-B003291-3_39_F-1-1			3	D11.B003291.3_39_F.1.1-1-1	3_39_F	Thymus	False	1	False	D11.B003291.3_39_F.1.1-1-1	young_source_rule	D11.B003291.3_39_F.1.1-1-1-1	one_assay_suffix	3m	1	nan	thymocyte	CL:0002420	DN to DP transition (most are Cd8+/ Cd4+, some undergoing VDJ recombination)	facs	3_39_F	1220156.0	1823.0	female	Flowthrough	Thymus	nan	21	23
D11-MAA000607-3_9_M-1-1			3	D11.MAA000607.3_9_M.1.1-1-1	3_9_M	Thymus	False	1	False	D11.MAA000607.3_9_M.1.1-1-1	young_source_rule	D11.MAA000607.3_9_M.1.1-1-1-1	one_assay_suffix	3m	1	nan	thymocyte	CL:0002420	DN to DP transition (most are Cd8+/ Cd4+, some undergoing VDJ recombination)	facs	3_9_M	108150.0	1498.0	male	nan	Thymus	nan	21	23
D11-MAA000880-3_11_M-1-1			3	D11.MAA000880.3_11_M.1.1-1-1	3_11_M	Thymus	False	1	False	D11.MAA000880.3_11_M.1.1-1-1	young_source_rule	D11.MAA000880.3_11_M.1.1-1-1-1	one_assay_suffix	3m	1	nan	DN4 thymocyte	CL:0002420	DN4 thymocyte	facs	3_11_M	532313.0	1342.0	male	nan	Thymus	nan	6	5
D12-B000827-3_38_F-1-1			3	D12.B000827.3_38_F.1.1-1-1	3_38_F	Thymus	False	1	False	D12.B000827.3_38_F.1.1-1-1	young_source_rule	D12.B000827.3_38_F.1.1-1-1-1	one_assay_suffix	3m	1	nan	DN4 thymocyte	CL:0002420	DN4 thymocyte	facs	3_38_F	442411.0	1749.0	female	Flowthrough	Thymus	nan	6	5
D12-B003291-3_39_F-1-1			3	D12.B003291.3_39_F.1.1-1-1	3_39_F	Thymus	False	1	False	D12.B003291.3_39_F.1.1-1-1	young_source_rule	D12.B003291.3_39_F.1.1-1-1-1	one_assay_suffix	3m	1	nan	thymocyte	CL:0002420	DN to DP transition (most are Cd8+/ Cd4+, some undergoing VDJ recombination)	facs	3_39_F	1038066.0	1549.0	female	Flowthrough	Thymus	nan	21	23
D12-MAA000385-3_10_M-1-1			3	D12.MAA000385.3_10_M.1.1-1-1	3_10_M	SCAT	False	1	False	D12.MAA000385.3_10_M.1.1-1-1	young_source_rule	D12.MAA000385.3_10_M.1.1-1-1-1	one_assay_suffix	3m	1	nan	T cell	CL:0000084	nan	facs	3_10_M	511658.0	2895.0	male	Fat	SCAT	nan	6	5
D12-MAA000607-3_9_M-1-1			3	D12.MAA000607.3_9_M.1.1-1-1	3_9_M	Thymus	False	1	False	D12.MAA000607.3_9_M.1.1-1-1	young_source_rule	D12.MAA000607.3_9_M.1.1-1-1-1	one_assay_suffix	3m	1	nan	thymocyte	CL:0002420	DN to DP transition (most are Cd8+/ Cd4+, some undergoing VDJ recombination)	facs	3_9_M	103610.0	1289.0	male	nan	Thymus	nan	21	23
D12-MAA000880-3_11_M-1-1			3	D12.MAA000880.3_11_M.1.1-1-1	3_11_M	Thymus	False	1	False	D12.MAA000880.3_11_M.1.1-1-1	young_source_rule	D12.MAA000880.3_11_M.1.1-1-1-1	one_assay_suffix	3m	1	nan	thymocyte	CL:0002420	DN to DP transition (most are Cd8+/ Cd4+, some undergoing VDJ recombination)	facs	3_11_M	526164.0	1237.0	male	nan	Thymus	nan	21	23
D12-MAA000914-3_9_M-1-1			3	D12.MAA000914.3_9_M.1.1-1-1	3_9_M	MAT	False	1	False	D12.MAA000914.3_9_M.1.1-1-1	young_source_rule	D12.MAA000914.3_9_M.1.1-1-1-1	one_assay_suffix	3m	1	nan	CD4-positive, alpha-beta T cell	CL:0000084	nan	facs	3_9_M	496311.0	1739.0	male	Fat	MAT	nan	4	5
D13-B000827-3_38_F-1-1			3	D13.B000827.3_38_F.1.1-1-1	3_38_F	Thymus	False	1	False	D13.B000827.3_38_F.1.1-1-1	young_source_rule	D13.B000827.3_38_F.1.1-1-1-1	one_assay_suffix	3m	1	nan	DN4 thymocyte	CL:0002420	DN4 thymocyte	facs	3_38_F	496118.0	1805.0	female	Flowthrough	Thymus	nan	6	5
D13-B003291-3_39_F-1-1			3	D13.B003291.3_39_F.1.1-1-1	3_39_F	Thymus	False	1	False	D13.B003291.3_39_F.1.1-1-1	young_source_rule	D13.B003291.3_39_F.1.1-1-1-1	one_assay_suffix	3m	1	nan	thymocyte	CL:0002420	DN to DP transition (most are Cd8+/ Cd4+, some undergoing VDJ recombination)	facs	3_39_F	904599.0	1518.0	female	Flowthrough	Thymus	nan	21	23
D13-MAA000607-3_9_M-1-1			3	D13.MAA000607.3_9_M.1.1-1-1	3_9_M	Thymus	False	1	False	D13.MAA000607.3_9_M.1.1-1-1	young_source_rule	D13.MAA000607.3_9_M.1.1-1-1-1	one_assay_suffix	3m	1	nan	thymocyte	CL:0002420	DN to DP transition (most are Cd8+/ Cd4+, some undergoing VDJ recombination)	facs	3_9_M	229530.0	1812.0	male	nan	Thymus	nan	21	23
D13-MAA000609-3_8_M-1-1			3	D13.MAA000609.3_8_M.1.1-1-1	3_8_M	Thymus	False	1	False	D13.MAA000609.3_8_M.1.1-1-1	young_source_rule	D13.MAA000609.3_8_M.1.1-1-1-1	one_assay_suffix	3m	1	nan	thymocyte	CL:0002420	proliferating thymocyte; DN to DP transition, dividing (some are Cd8+/ Cd4+, some undergoing VDJ recombination)	facs	3_8_M	298508.0	2879.0	male	nan	Thymus	nan	21	23
D13-MAA000880-3_11_M-1-1			3	D13.MAA000880.3_11_M.1.1-1-1	3_11_M	Thymus	False	1	False	D13.MAA000880.3_11_M.1.1-1-1	young_source_rule	D13.MAA000880.3_11_M.1.1-1-1-1	one_assay_suffix	3m	1	nan	thymocyte	CL:0002420	DN to DP transition (most are Cd8+/ Cd4+, some undergoing VDJ recombination)	facs	3_11_M	730763.0	1737.0	male	nan	Thymus	nan	21	23
D13-MAA000913-3_9_M-1-1	37.0	2.0	3	D13.MAA000913.3_9_M.1.1-1-1	3_9_M	GAT	True	1	False	D13.MAA000913.3_9_M.1.1-1-1	young_source_rule	D13.MAA000913.3_9_M.1.1-1-1-1	one_assay_suffix	3m	1	nan	endothelial cell	CL:0000115	nan	facs	3_9_M	54597.0	2519.0	male	Fat	GAT	nan	10	27
D13-MAA000934-3_9_M-1-1			3	D13.MAA000934.3_9_M.1.1-1-1	3_9_M	SCAT	False	1	False	D13.MAA000934.3_9_M.1.1-1-1	young_source_rule	D13.MAA000934.3_9_M.1.1-1-1-1	one_assay_suffix	3m	1	nan	T cell	CL:0000084	nan	facs	3_9_M	98303.0	1546.0	male	Fat	SCAT	nan	6	5
D14-B000827-3_38_F-1-1			3	D14.B000827.3_38_F.1.1-1-1	3_38_F	Thymus	False	1	False	D14.B000827.3_38_F.1.1-1-1	young_source_rule	D14.B000827.3_38_F.1.1-1-1-1	one_assay_suffix	3m	1	nan	DN4 thymocyte	CL:0002420	DN4 thymocyte	facs	3_38_F	663150.0	1917.0	female	Flowthrough	Thymus	nan	6	5
D14-B002955-3_56_F-1-1			3	D14.B002955.3_56_F.1.1-1-1	3_56_F	GAT	False	1	False	D14.B002955.3_56_F.1.1-1-1	young_source_rule	D14.B002955.3_56_F.1.1-1-1-1	one_assay_suffix	3m	1	nan	CD8-positive, alpha-beta T cell	CL:0000084	nan	facs	3_56_F	798711.0	1929.0	female	Fat	GAT	nan	4	9
D14-B003291-3_39_F-1-1			3	D14.B003291.3_39_F.1.1-1-1	3_39_F	Thymus	False	1	False	D14.B003291.3_39_F.1.1-1-1	young_source_rule	D14.B003291.3_39_F.1.1-1-1-1	one_assay_suffix	3m	1	nan	thymocyte	CL:0002420	DN to DP transition (most are Cd8+/ Cd4+, some undergoing VDJ recombination)	facs	3_39_F	1541939.0	1753.0	female	Flowthrough	Thymus	nan	21	23
D14-D045140-3_38_F-1-1	27.0	2.0	3	D14.D045140.3_38_F.1.1-1-1	3_38_F	Marrow	True	1	False	D14.D045140.3_38_F.1.1-1-1	young_source_rule	D14.D045140.3_38_F.1.1-1-1-1	one_assay_suffix	3m	1	nan	mature alpha-beta T cell	nan	BM CD8 + CD4 T cell	facs	3_38_F	5312.0	794.0	female	Granulocytes	Marrow	nan	21	23
D14-MAA000607-3_9_M-1-1			3	D14.MAA000607.3_9_M.1.1-1-1	3_9_M	Thymus	False	1	False	D14.MAA000607.3_9_M.1.1-1-1	young_source_rule	D14.MAA000607.3_9_M.1.1-1-1-1	one_assay_suffix	3m	1	nan	thymocyte	CL:0002420	DN to DP transition (most are Cd8+/ Cd4+, some undergoing VDJ recombination)	facs	3_9_M	114120.0	1380.0	male	nan	Thymus	nan	21	23
D14-MAA000877-3_11_M-1-1			3	D14.MAA000877.3_11_M.1.1-1-1	3_11_M	MAT	False	1	False	D14.MAA000877.3_11_M.1.1-1-1	young_source_rule	D14.MAA000877.3_11_M.1.1-1-1-1	one_assay_suffix	3m	1	nan	CD4-positive, alpha-beta T cell	CL:0000084	nan	facs	3_11_M	512836.0	1503.0	male	Fat	MAT	nan	6	5
D14-MAA000880-3_11_M-1-1			3	D14.MAA000880.3_11_M.1.1-1-1	3_11_M	Thymus	False	1	False	D14.MAA000880.3_11_M.1.1-1-1	young_source_rule	D14.MAA000880.3_11_M.1.1-1-1-1	one_assay_suffix	3m	1	nan	DN4 thymocyte	CL:0002420	DN4 thymocyte	facs	3_11_M	618217.0	1164.0	male	nan	Thymus	nan	6	5
D15-B000827-3_38_F-1-1			3	D15.B000827.3_38_F.1.1-1-1	3_38_F	Thymus	False	1	False	D15.B000827.3_38_F.1.1-1-1	young_source_rule	D15.B000827.3_38_F.1.1-1-1-1	one_assay_suffix	3m	1	nan	DN4 thymocyte	CL:0002420	DN4 thymocyte	facs	3_38_F	359275.0	1555.0	female	Flowthrough	Thymus	nan	6	5
D15-B002314-3_56_F-1-1			3	D15.B002314.3_56_F.1.1-1-1	3_56_F	MAT	False	1	False	D15.B002314.3_56_F.1.1-1-1	young_source_rule	D15.B002314.3_56_F.1.1-1-1-1	one_assay_suffix	3m	1	nan	CD4-positive, alpha-beta T cell	CL:0000084	nan	facs	3_56_F	803626.0	1916.0	female	Fat	MAT	nan	6	5
D15-B003291-3_39_F-1-1			3	D15.B003291.3_39_F.1.1-1-1	3_39_F	Thymus	False	1	False	D15.B003291.3_39_F.1.1-1-1	young_source_rule	D15.B003291.3_39_F.1.1-1-1-1	one_assay_suffix	3m	1	nan	thymocyte	CL:0002420	DN to DP transition (most are Cd8+/ Cd4+, some undergoing VDJ recombination)	facs	3_39_F	1298692.0	1680.0	female	Flowthrough	Thymus	nan	21	23
D15-MAA000385-3_10_M-1-1			3	D15.MAA000385.3_10_M.1.1-1-1	3_10_M	SCAT	False	1	False	D15.MAA000385.3_10_M.1.1-1-1	young_source_rule	D15.MAA000385.3_10_M.1.1-1-1-1	one_assay_suffix	3m	1	nan	T cell	CL:0000084	nan	facs	3_10_M	426898.0	2555.0	male	Fat	SCAT	nan	6	5
D15-MAA000607-3_9_M-1-1	17.0	2.0	3	D15.MAA000607.3_9_M.1.1-1-1	3_9_M	Thymus	True	1	False	D15.MAA000607.3_9_M.1.1-1-1	young_source_rule	D15.MAA000607.3_9_M.1.1-1-1-1	one_assay_suffix	3m	1	nan	thymocyte	CL:0002420	DN to DP transition (most are Cd8+/ Cd4+, some undergoing VDJ recombination)	facs	3_9_M	122319.0	1345.0	male	nan	Thymus	nan	21	23
D15-MAA000880-3_11_M-1-1			3	D15.MAA000880.3_11_M.1.1-1-1	3_11_M	Thymus	False	1	False	D15.MAA000880.3_11_M.1.1-1-1	young_source_rule	D15.MAA000880.3_11_M.1.1-1-1-1	one_assay_suffix	3m	1	nan	thymocyte	CL:0002420	DN to DP transition (most are Cd8+/ Cd4+, some undergoing VDJ recombination)	facs	3_11_M	671315.0	1200.0	male	nan	Thymus	nan	6	5
D15-MAA000934-3_9_M-1-1			3	D15.MAA000934.3_9_M.1.1-1-1	3_9_M	SCAT	False	1	False	D15.MAA000934.3_9_M.1.1-1-1	young_source_rule	D15.MAA000934.3_9_M.1.1-1-1-1	one_assay_suffix	3m	1	nan	T cell	CL:0000084	nan	facs	3_9_M	366131.0	3619.0	male	Fat	SCAT	nan	4	21
D16-B000827-3_38_F-1-1			3	D16.B000827.3_38_F.1.1-1-1	3_38_F	Thymus	False	1	False	D16.B000827.3_38_F.1.1-1-1	young_source_rule	D16.B000827.3_38_F.1.1-1-1-1	one_assay_suffix	3m	1	nan	DN4 thymocyte	CL:0002420	DN4 thymocyte	facs	3_38_F	955020.0	2542.0	female	Flowthrough	Thymus	nan	6	5
D16-B002314-3_56_F-1-1			3	D16.B002314.3_56_F.1.1-1-1	3_56_F	MAT	False	1	False	D16.B002314.3_56_F.1.1-1-1	young_source_rule	D16.B002314.3_56_F.1.1-1-1-1	one_assay_suffix	3m	1	nan	CD8-positive, alpha-beta T cell	CL:0000084	nan	facs	3_56_F	563788.0	1690.0	female	Fat	MAT	nan	4	9
D16-B003291-3_39_F-1-1			3	D16.B003291.3_39_F.1.1-1-1	3_39_F	Thymus	False	1	False	D16.B003291.3_39_F.1.1-1-1	young_source_rule	D16.B003291.3_39_F.1.1-1-1-1	one_assay_suffix	3m	1	nan	thymocyte	CL:0002420	DN to DP transition (most are Cd8+/ Cd4+, some undergoing VDJ recombination)	facs	3_39_F	1309263.0	1496.0	female	Flowthrough	Thymus	nan	21	23
D16-MAA000607-3_9_M-1-1			3	D16.MAA000607.3_9_M.1.1-1-1	3_9_M	Thymus	False	1	False	D16.MAA000607.3_9_M.1.1-1-1	young_source_rule	D16.MAA000607.3_9_M.1.1-1-1-1	one_assay_suffix	3m	1	nan	thymocyte	CL:0002420	DN to DP transition (most are Cd8+/ Cd4+, some undergoing VDJ recombination)	facs	3_9_M	186733.0	1806.0	male	nan	Thymus	nan	21	23
D17-B002423-3_39_F-1-1			3	D17.B002423.3_39_F.1.1-1-1	3_39_F	Heart	False	1	False	D17.B002423.3_39_F.1.1-1-1	young_source_rule	D17.B002423.3_39_F.1.1-1-1-1	one_assay_suffix	3m	1	nan	T cell	CL:0000738	T cell	facs	3_39_F	590403.0	1446.0	female	RV	Heart	nan	4	21
D17-B003291-3_39_F-1-1			3	D17.B003291.3_39_F.1.1-1-1	3_39_F	Thymus	False	1	False	D17.B003291.3_39_F.1.1-1-1	young_source_rule	D17.B003291.3_39_F.1.1-1-1-1	one_assay_suffix	3m	1	nan	thymocyte	CL:0002420	DN to DP transition (most are Cd8+/ Cd4+, some undergoing VDJ recombination)	facs	3_39_F	1132126.0	1431.0	female	Flowthrough	Thymus	nan	21	23
D17-MAA000607-3_9_M-1-1			3	D17.MAA000607.3_9_M.1.1-1-1	3_9_M	Thymus	False	1	False	D17.MAA000607.3_9_M.1.1-1-1	young_source_rule	D17.MAA000607.3_9_M.1.1-1-1-1	one_assay_suffix	3m	1	nan	thymocyte	CL:0002420	DN to DP transition (most are Cd8+/ Cd4+, some undergoing VDJ recombination)	facs	3_9_M	175338.0	1702.0	male	nan	Thymus	nan	21	23
D17-MAA000880-3_11_M-1-1			3	D17.MAA000880.3_11_M.1.1-1-1	3_11_M	Thymus	False	1	False	D17.MAA000880.3_11_M.1.1-1-1	young_source_rule	D17.MAA000880.3_11_M.1.1-1-1-1	one_assay_suffix	3m	1	nan	thymocyte	CL:0002420	DN to DP transition (most are Cd8+/ Cd4+, some undergoing VDJ recombination)	facs	3_11_M	674246.0	1170.0	male	nan	Thymus	nan	21	23
D18-B003291-3_39_F-1-1			3	D18.B003291.3_39_F.1.1-1-1	3_39_F	Thymus	False	1	False	D18.B003291.3_39_F.1.1-1-1	young_source_rule	D18.B003291.3_39_F.1.1-1-1-1	one_assay_suffix	3m	1	nan	thymocyte	CL:0002420	DN to DP transition (most are Cd8+/ Cd4+, some undergoing VDJ recombination)	facs	3_39_F	2384658.0	1537.0	female	Flowthrough	Thymus	nan	6	23
D18-MAA000508-3_9_M-1-1			3	D18.MAA000508.3_9_M.1.1-1-1	3_9_M	Spleen	False	1	False	D18.MAA000508.3_9_M.1.1-1-1	young_source_rule	D18.MAA000508.3_9_M.1.1-1-1-1	one_assay_suffix	3m	1	nan	CD4-positive, alpha-beta T cell	CL:0000084	Cd3e T cell	facs	3_9_M	161126.0	1494.0	male	nan	Spleen	nan	6	5
D18-MAA000607-3_9_M-1-1			3	D18.MAA000607.3_9_M.1.1-1-1	3_9_M	Thymus	False	1	False	D18.MAA000607.3_9_M.1.1-1-1	young_source_rule	D18.MAA000607.3_9_M.1.1-1-1-1	one_assay_suffix	3m	1	nan	thymocyte	CL:0002420	DN to DP transition (most are Cd8+/ Cd4+, some undergoing VDJ recombination)	facs	3_9_M	141370.0	1457.0	male	nan	Thymus	nan	6	23
D18-MAA000880-3_11_M-1-1			3	D18.MAA000880.3_11_M.1.1-1-1	3_11_M	Thymus	False	1	False	D18.MAA000880.3_11_M.1.1-1-1	young_source_rule	D18.MAA000880.3_11_M.1.1-1-1-1	one_assay_suffix	3m	1	nan	DN4 thymocyte	CL:0002420	DN4 thymocyte	facs	3_11_M	463199.0	1155.0	male	nan	Thymus	nan	6	5
D19-B000827-3_38_F-1-1			3	D19.B000827.3_38_F.1.1-1-1	3_38_F	Thymus	False	1	False	D19.B000827.3_38_F.1.1-1-1	young_source_rule	D19.B000827.3_38_F.1.1-1-1-1	one_assay_suffix	3m	1	nan	DN4 thymocyte	CL:0002420	DN4 thymocyte	facs	3_38_F	1462666.0	3087.0	female	Flowthrough	Thymus	nan	6	5
D19-B003291-3_39_F-1-1			3	D19.B003291.3_39_F.1.1-1-1	3_39_F	Thymus	False	1	False	D19.B003291.3_39_F.1.1-1-1	young_source_rule	D19.B003291.3_39_F.1.1-1-1-1	one_assay_suffix	3m	1	nan	thymocyte	CL:0002420	DN to DP transition (most are Cd8+/ Cd4+, some undergoing VDJ recombination)	facs	3_39_F	1985380.0	1376.0	female	Flowthrough	Thymus	nan	21	23
D19-MAA000607-3_9_M-1-1			3	D19.MAA000607.3_9_M.1.1-1-1	3_9_M	Thymus	False	1	False	D19.MAA000607.3_9_M.1.1-1-1	young_source_rule	D19.MAA000607.3_9_M.1.1-1-1-1	one_assay_suffix	3m	1	nan	thymocyte	CL:0002420	DN to DP transition (most are Cd8+/ Cd4+, some undergoing VDJ recombination)	facs	3_9_M	134902.0	1237.0	male	nan	Thymus	nan	21	23
D19-MAA000880-3_11_M-1-1			3	D19.MAA000880.3_11_M.1.1-1-1	3_11_M	Thymus	False	1	False	D19.MAA000880.3_11_M.1.1-1-1	young_source_rule	D19.MAA000880.3_11_M.1.1-1-1-1	one_assay_suffix	3m	1	nan	DN4 thymocyte	CL:0002420	DN4 thymocyte	facs	3_11_M	454072.0	1014.0	male	nan	Thymus	nan	6	5
D2-B000827-3_38_F-1-1			3	D2.B000827.3_38_F.1.1-1-1	3_38_F	Thymus	False	1	False	D2.B000827.3_38_F.1.1-1-1	young_source_rule	D2.B000827.3_38_F.1.1-1-1-1	one_assay_suffix	3m	1	nan	DN4 thymocyte	CL:0002420	DN4 thymocyte	facs	3_38_F	964580.0	2770.0	female	Flowthrough	Thymus	nan	4	21
D2-B000971-3_39_F-1-1			3	D2.B000971.3_39_F.1.1-1-1	3_39_F	Spleen	False	1	False	D2.B000971.3_39_F.1.1-1-1	young_source_rule	D2.B000971.3_39_F.1.1-1-1-1	one_assay_suffix	3m	1	nan	CD8-positive, alpha-beta T cell	CL:0000084	Cd3e T cell	facs	3_39_F	1030885.0	1691.0	female	nan	Spleen	nan	6	5
D2-B003291-3_39_F-1-1			3	D2.B003291.3_39_F.1.1-1-1	3_39_F	Thymus	False	1	False	D2.B003291.3_39_F.1.1-1-1	young_source_rule	D2.B003291.3_39_F.1.1-1-1-1	one_assay_suffix	3m	1	nan	thymocyte	CL:0002420	DN to DP transition (most are Cd8+/ Cd4+, some undergoing VDJ recombination)	facs	3_39_F	2174427.0	1992.0	female	Flowthrough	Thymus	nan	21	23
D2-MAA000508-3_9_M-1-1			3	D2.MAA000508.3_9_M.1.1-1-1	3_9_M	Spleen	False	1	False	D2.MAA000508.3_9_M.1.1-1-1	young_source_rule	D2.MAA000508.3_9_M.1.1-1-1-1	one_assay_suffix	3m	1	nan	CD8-positive, alpha-beta T cell	CL:0000084	Cd3e T cell	facs	3_9_M	323645.0	1936.0	male	nan	Spleen	nan	6	5
D2-MAA000609-3_8_M-1-1			3	D2.MAA000609.3_8_M.1.1-1-1	3_8_M	Thymus	False	1	False	D2.MAA000609.3_8_M.1.1-1-1	young_source_rule	D2.MAA000609.3_8_M.1.1-1-1-1	one_assay_suffix	3m	1	nan	thymocyte	CL:0002420	proliferating thymocyte; DN to DP transition, dividing (some are Cd8+/ Cd4+, some undergoing VDJ recombination)	facs	3_8_M	2704439.0	4647.0	male	nan	Thymus	nan	21	23
D20-B002423-3_39_F-1-1			3	D20.B002423.3_39_F.1.1-1-1	3_39_F	Heart	False	1	False	D20.B002423.3_39_F.1.1-1-1	young_source_rule	D20.B002423.3_39_F.1.1-1-1-1	one_assay_suffix	3m	1	nan	T cell	CL:0000738	T cell	facs	3_39_F	402336.0	1576.0	female	RV	Heart	nan	6	5
D20-B003275-3_38_F-1-1			3	D20.B003275.3_38_F.1.1-1-1	3_38_F	Brain_Non-Myeloid	False	1	False	D20.B003275.3_38_F.1.1-1-1	young_source_rule	D20.B003275.3_38_F.1.1-1-1-1	one_assay_suffix	3m	1	nan	CD8-positive, alpha-beta T cell	CL:0000128	nan	facs	3_38_F	918371.0	2310.0	female	Hippocampus	Brain_Non-Myeloid	nan	4	9
D20-B003291-3_39_F-1-1			3	D20.B003291.3_39_F.1.1-1-1	3_39_F	Thymus	False	1	False	D20.B003291.3_39_F.1.1-1-1	young_source_rule	D20.B003291.3_39_F.1.1-1-1-1	one_assay_suffix	3m	1	nan	thymocyte	CL:0002420	DN to DP transition (most are Cd8+/ Cd4+, some undergoing VDJ recombination)	facs	3_39_F	1998737.0	1214.0	female	Flowthrough	Thymus	nan	21	23
D20-MAA000508-3_9_M-1-1			3	D20.MAA000508.3_9_M.1.1-1-1	3_9_M	Spleen	False	1	False	D20.MAA000508.3_9_M.1.1-1-1	young_source_rule	D20.MAA000508.3_9_M.1.1-1-1-1	one_assay_suffix	3m	1	nan	CD8-positive, alpha-beta T cell	CL:0000084	Cd3e T cell	facs	3_9_M	160432.0	2040.0	male	nan	Spleen	nan	6	5
D20-MAA000607-3_9_M-1-1			3	D20.MAA000607.3_9_M.1.1-1-1	3_9_M	Thymus	False	1	False	D20.MAA000607.3_9_M.1.1-1-1	young_source_rule	D20.MAA000607.3_9_M.1.1-1-1-1	one_assay_suffix	3m	1	nan	thymocyte	CL:0002420	DN to DP transition (most are Cd8+/ Cd4+, some undergoing VDJ recombination)	facs	3_9_M	159795.0	1494.0	male	nan	Thymus	nan	21	23
D20-MAA001865-3_38_F-1-1			3	D20.MAA001865.3_38_F.1.1-1-1	3_38_F	Trachea	False	1	False	D20.MAA001865.3_38_F.1.1-1-1	young_source_rule	D20.MAA001865.3_38_F.1.1-1-1-1	one_assay_suffix	3m	1	nan	T cell	CL:0000081	nan	facs	3_38_F	295418.0	2431.0	female	nan	Trachea	nan	4	5
D21-B001750-3_38_F-1-1			3	D21.B001750.3_38_F.1.1-1-1	3_38_F	Spleen	False	1	False	D21.B001750.3_38_F.1.1-1-1	young_source_rule	D21.B001750.3_38_F.1.1-1-1-1	one_assay_suffix	3m	1	nan	CD8-positive, alpha-beta T cell	CL:0000084	Cd3e T cell	facs	3_38_F	1033448.0	2225.0	female	nan	Spleen	nan	6	5
D21-B003291-3_39_F-1-1			3	D21.B003291.3_39_F.1.1-1-1	3_39_F	Thymus	False	1	False	D21.B003291.3_39_F.1.1-1-1	young_source_rule	D21.B003291.3_39_F.1.1-1-1-1	one_assay_suffix	3m	1	nan	thymocyte	CL:0002420	DN to DP transition (most are Cd8+/ Cd4+, some undergoing VDJ recombination)	facs	3_39_F	2602153.0	1266.0	female	Flowthrough	Thymus	nan	21	23
D21-MAA000526-3_9_M-1-1			3	D21.MAA000526.3_9_M.1.1-1-1	3_9_M	Lung	False	1	False	D21.MAA000526.3_9_M.1.1-1-1	young_source_rule		unmatched																
D22-B003291-3_39_F-1-1			3	D22.B003291.3_39_F.1.1-1-1	3_39_F	Thymus	False	1	False	D22.B003291.3_39_F.1.1-1-1	young_source_rule	D22.B003291.3_39_F.1.1-1-1-1	one_assay_suffix	3m	1	nan	thymocyte	CL:0002420	DN to DP transition (most are Cd8+/ Cd4+, some undergoing VDJ recombination)	facs	3_39_F	2502710.0	1210.0	female	Flowthrough	Thymus	nan	21	23
D22-MAA000607-3_9_M-1-1			3	D22.MAA000607.3_9_M.1.1-1-1	3_9_M	Thymus	False	1	False	D22.MAA000607.3_9_M.1.1-1-1	young_source_rule	D22.MAA000607.3_9_M.1.1-1-1-1	one_assay_suffix	3m	1	nan	thymocyte	CL:0002420	DN to DP transition (most are Cd8+/ Cd4+, some undergoing VDJ recombination)	facs	3_9_M	127392.0	1431.0	male	nan	Thymus	nan	21	23
D22-MAA000880-3_11_M-1-1			3	D22.MAA000880.3_11_M.1.1-1-1	3_11_M	Thymus	False	1	False	D22.MAA000880.3_11_M.1.1-1-1	young_source_rule	D22.MAA000880.3_11_M.1.1-1-1-1	one_assay_suffix	3m	1	nan	DN4 thymocyte	CL:0002420	DN4 thymocyte	facs	3_11_M	625690.0	1065.0	male	nan	Thymus	nan	6	5
D3-B000827-3_38_F-1-1			3	D3.B000827.3_38_F.1.1-1-1	3_38_F	Thymus	False	1	False	D3.B000827.3_38_F.1.1-1-1	young_source_rule	D3.B000827.3_38_F.1.1-1-1-1	one_assay_suffix	3m	1	nan	DN4 thymocyte	CL:0002420	DN4 thymocyte	facs	3_38_F	794388.0	2150.0	female	Flowthrough	Thymus	nan	6	5
D3-B003291-3_39_F-1-1			3	D3.B003291.3_39_F.1.1-1-1	3_39_F	Thymus	False	1	False	D3.B003291.3_39_F.1.1-1-1	young_source_rule	D3.B003291.3_39_F.1.1-1-1-1	one_assay_suffix	3m	1	nan	thymocyte	CL:0002420	DN to DP transition (most are Cd8+/ Cd4+, some undergoing VDJ recombination)	facs	3_39_F	889994.0	1322.0	female	Flowthrough	Thymus	nan	21	23
D3-MAA000607-3_9_M-1-1			3	D3.MAA000607.3_9_M.1.1-1-1	3_9_M	Thymus	False	1	False	D3.MAA000607.3_9_M.1.1-1-1	young_source_rule	D3.MAA000607.3_9_M.1.1-1-1-1	one_assay_suffix	3m	1	nan	DN4 thymocyte	CL:0002420	DN4 thymocyte	facs	3_9_M	466253.0	2734.0	male	nan	Thymus	nan	6	5
D4-B000827-3_38_F-1-1			3	D4.B000827.3_38_F.1.1-1-1	3_38_F	Thymus	False	1	False	D4.B000827.3_38_F.1.1-1-1	young_source_rule	D4.B000827.3_38_F.1.1-1-1-1	one_assay_suffix	3m	1	nan	DN4 thymocyte	CL:0002420	DN4 thymocyte	facs	3_38_F	504642.0	1729.0	female	Flowthrough	Thymus	nan	4	5
D4-B001750-3_38_F-1-1			3	D4.B001750.3_38_F.1.1-1-1	3_38_F	Spleen	False	1	False	D4.B001750.3_38_F.1.1-1-1	young_source_rule	D4.B001750.3_38_F.1.1-1-1-1	one_assay_suffix	3m	1	nan	CD8-positive, alpha-beta T cell	CL:0000084	Cd3e T cell	facs	3_38_F	836691.0	2327.0	female	nan	Spleen	nan	6	5
D4-B003291-3_39_F-1-1			3	D4.B003291.3_39_F.1.1-1-1	3_39_F	Thymus	False	1	False	D4.B003291.3_39_F.1.1-1-1	young_source_rule	D4.B003291.3_39_F.1.1-1-1-1	one_assay_suffix	3m	1	nan	thymocyte	CL:0002420	DN to DP transition (most are Cd8+/ Cd4+, some undergoing VDJ recombination)	facs	3_39_F	847047.0	1440.0	female	Flowthrough	Thymus	nan	21	23
D5-B000827-3_38_F-1-1			3	D5.B000827.3_38_F.1.1-1-1	3_38_F	Thymus	False	1	False	D5.B000827.3_38_F.1.1-1-1	young_source_rule	D5.B000827.3_38_F.1.1-1-1-1	one_assay_suffix	3m	1	nan	DN4 thymocyte	CL:0002420	DN4 thymocyte	facs	3_38_F	777344.0	1905.0	female	Flowthrough	Thymus	nan	6	5
D5-B003291-3_39_F-1-1			3	D5.B003291.3_39_F.1.1-1-1	3_39_F	Thymus	False	1	False	D5.B003291.3_39_F.1.1-1-1	young_source_rule	D5.B003291.3_39_F.1.1-1-1-1	one_assay_suffix	3m	1	nan	thymocyte	CL:0002420	DN to DP transition (most are Cd8+/ Cd4+, some undergoing VDJ recombination)	facs	3_39_F	815738.0	1451.0	female	Flowthrough	Thymus	nan	21	23
D5-MAA000607-3_9_M-1-1			3	D5.MAA000607.3_9_M.1.1-1-1	3_9_M	Thymus	False	1	False	D5.MAA000607.3_9_M.1.1-1-1	young_source_rule	D5.MAA000607.3_9_M.1.1-1-1-1	one_assay_suffix	3m	1	nan	thymocyte	CL:0002420	DN to DP transition (most are Cd8+/ Cd4+, some undergoing VDJ recombination)	facs	3_9_M	150693.0	1434.0	male	nan	Thymus	nan	21	23
D5-MAA000779-3_11_M-1-1			3	D5.MAA000779.3_11_M.1.1-1-1	3_11_M	Spleen	False	1	False	D5.MAA000779.3_11_M.1.1-1-1	young_source_rule	D5.MAA000779.3_11_M.1.1-1-1-1	one_assay_suffix	3m	1	nan	CD4-positive, alpha-beta T cell	CL:0000084	Cd3e T cell	facs	3_11_M	172556.0	1159.0	male	nan	Spleen	nan	6	5
D6-B000827-3_38_F-1-1			3	D6.B000827.3_38_F.1.1-1-1	3_38_F	Thymus	False	1	False	D6.B000827.3_38_F.1.1-1-1	young_source_rule	D6.B000827.3_38_F.1.1-1-1-1	one_assay_suffix	3m	1	nan	DN4 thymocyte	CL:0002420	DN4 thymocyte	facs	3_38_F	474040.0	1771.0	female	Flowthrough	Thymus	nan	6	5
D6-B001750-3_38_F-1-1			3	D6.B001750.3_38_F.1.1-1-1	3_38_F	Spleen	False	1	False	D6.B001750.3_38_F.1.1-1-1	young_source_rule	D6.B001750.3_38_F.1.1-1-1-1	one_assay_suffix	3m	1	nan	CD8-positive, alpha-beta T cell	CL:0000084	Cd3e T cell	facs	3_38_F	735323.0	1957.0	female	nan	Spleen	nan	6	5
D6-B003291-3_39_F-1-1			3	D6.B003291.3_39_F.1.1-1-1	3_39_F	Thymus	False	1	False	D6.B003291.3_39_F.1.1-1-1	young_source_rule	D6.B003291.3_39_F.1.1-1-1-1	one_assay_suffix	3m	1	nan	DN4 thymocyte	CL:0002420	DN4 thymocyte	facs	3_39_F	1073977.0	2031.0	female	Flowthrough	Thymus	nan	21	23
D7-B000827-3_38_F-1-1			3	D7.B000827.3_38_F.1.1-1-1	3_38_F	Thymus	False	1	False	D7.B000827.3_38_F.1.1-1-1	young_source_rule	D7.B000827.3_38_F.1.1-1-1-1	one_assay_suffix	3m	1	nan	DN4 thymocyte	CL:0002420	DN4 thymocyte	facs	3_38_F	675361.0	2148.0	female	Flowthrough	Thymus	nan	6	5
D7-B003291-3_39_F-1-1			3	D7.B003291.3_39_F.1.1-1-1	3_39_F	Thymus	False	1	False	D7.B003291.3_39_F.1.1-1-1	young_source_rule	D7.B003291.3_39_F.1.1-1-1-1	one_assay_suffix	3m	1	nan	thymocyte	CL:0002420	DN to DP transition (most are Cd8+/ Cd4+, some undergoing VDJ recombination)	facs	3_39_F	571025.0	1290.0	female	Flowthrough	Thymus	nan	21	23
D7-MAA000508-3_9_M-1-1			3	D7.MAA000508.3_9_M.1.1-1-1	3_9_M	Spleen	False	1	False	D7.MAA000508.3_9_M.1.1-1-1	young_source_rule	D7.MAA000508.3_9_M.1.1-1-1-1	one_assay_suffix	3m	1	nan	CD4-positive, alpha-beta T cell	CL:0000084	Cd3e T cell	facs	3_9_M	248054.0	2176.0	male	nan	Spleen	nan	6	5
D7-MAA000607-3_9_M-1-1			3	D7.MAA000607.3_9_M.1.1-1-1	3_9_M	Thymus	False	1	False	D7.MAA000607.3_9_M.1.1-1-1	young_source_rule	D7.MAA000607.3_9_M.1.1-1-1-1	one_assay_suffix	3m	1	nan	thymocyte	CL:0002420	DN to DP transition (most are Cd8+/ Cd4+, some undergoing VDJ recombination)	facs	3_9_M	192398.0	1859.0	male	nan	Thymus	nan	21	23
D7-MAA000609-3_8_M-1-1			3	D7.MAA000609.3_8_M.1.1-1-1	3_8_M	Thymus	False	1	False	D7.MAA000609.3_8_M.1.1-1-1	young_source_rule	D7.MAA000609.3_8_M.1.1-1-1-1	one_assay_suffix	3m	1	nan	DN4 thymocyte	CL:0002420	DN4 thymocyte	facs	3_8_M	774756.0	2105.0	male	nan	Thymus	nan	6	5
D8-B001750-3_38_F-1-1			3	D8.B001750.3_38_F.1.1-1-1	3_38_F	Spleen	False	1	False	D8.B001750.3_38_F.1.1-1-1	young_source_rule	D8.B001750.3_38_F.1.1-1-1-1	one_assay_suffix	3m	1	nan	CD4-positive, alpha-beta T cell	CL:0000084	Cd3e T cell	facs	3_38_F	579883.0	2045.0	female	nan	Spleen	nan	6	5
D8-B003291-3_39_F-1-1			3	D8.B003291.3_39_F.1.1-1-1	3_39_F	Thymus	False	1	False	D8.B003291.3_39_F.1.1-1-1	young_source_rule	D8.B003291.3_39_F.1.1-1-1-1	one_assay_suffix	3m	1	nan	thymocyte	CL:0002420	DN to DP transition (most are Cd8+/ Cd4+, some undergoing VDJ recombination)	facs	3_39_F	633514.0	1380.0	female	Flowthrough	Thymus	nan	21	23
D8-MAA000607-3_9_M-1-1			3	D8.MAA000607.3_9_M.1.1-1-1	3_9_M	Thymus	False	1	False	D8.MAA000607.3_9_M.1.1-1-1	young_source_rule	D8.MAA000607.3_9_M.1.1-1-1-1	one_assay_suffix	3m	1	nan	thymocyte	CL:0002420	DN to DP transition (most are Cd8+/ Cd4+, some undergoing VDJ recombination)	facs	3_9_M	93626.0	1329.0	male	nan	Thymus	nan	21	23
D8-MAA000609-3_8_M-1-1			3	D8.MAA000609.3_8_M.1.1-1-1	3_8_M	Thymus	False	1	False	D8.MAA000609.3_8_M.1.1-1-1	young_source_rule	D8.MAA000609.3_8_M.1.1-1-1-1	one_assay_suffix	3m	1	nan	thymocyte	CL:0002420	proliferating thymocyte; DN to DP transition, dividing (some are Cd8+/ Cd4+, some undergoing VDJ recombination)	facs	3_8_M	496517.0	2658.0	male	nan	Thymus	nan	21	23
D8-MAA000880-3_11_M-1-1			3	D8.MAA000880.3_11_M.1.1-1-1	3_11_M	Thymus	False	1	False	D8.MAA000880.3_11_M.1.1-1-1	young_source_rule	D8.MAA000880.3_11_M.1.1-1-1-1	one_assay_suffix	3m	1	nan	DN4 thymocyte	CL:0002420	DN4 thymocyte	facs	3_11_M	872171.0	1292.0	male	nan	Thymus	nan	6	5
D8-MAA001889-3_38_F-1-1			3	D8.MAA001889.3_38_F.1.1-1-1	3_38_F	Lung	False	1	False	D8.MAA001889.3_38_F.1.1-1-1	young_source_rule	D8.MAA001889.3_38_F.1.1-1-1-1	one_assay_suffix	3m	1	nan	CD4-positive, alpha-beta T cell	CL:0000084	CD4+ T	facs	3_38_F	312391.0	1049.0	female	EPCAM	Lung	nan	6	5
D9-B002954-3_56_F-1-1			3	D9.B002954.3_56_F.1.1-1-1	3_56_F	SCAT	False	1	False	D9.B002954.3_56_F.1.1-1-1	young_source_rule	D9.B002954.3_56_F.1.1-1-1-1	one_assay_suffix	3m	1	nan	CD8-positive, alpha-beta T cell	CL:0000084	nan	facs	3_56_F	376713.0	1663.0	female	Fat	SCAT	nan	4	9
D9-B002955-3_56_F-1-1			3	D9.B002955.3_56_F.1.1-1-1	3_56_F	GAT	False	1	False	D9.B002955.3_56_F.1.1-1-1	young_source_rule	D9.B002955.3_56_F.1.1-1-1-1	one_assay_suffix	3m	1	nan	CD8-positive, alpha-beta T cell	CL:0000084	nan	facs	3_56_F	291701.0	1944.0	female	Fat	GAT	nan	6	5
D9-B003291-3_39_F-1-1			3	D9.B003291.3_39_F.1.1-1-1	3_39_F	Thymus	False	1	False	D9.B003291.3_39_F.1.1-1-1	young_source_rule	D9.B003291.3_39_F.1.1-1-1-1	one_assay_suffix	3m	1	nan	thymocyte	CL:0002420	DN to DP transition (most are Cd8+/ Cd4+, some undergoing VDJ recombination)	facs	3_39_F	847588.0	1670.0	female	Flowthrough	Thymus	nan	21	23
D9-MAA000607-3_9_M-1-1			3	D9.MAA000607.3_9_M.1.1-1-1	3_9_M	Thymus	False	1	False	D9.MAA000607.3_9_M.1.1-1-1	young_source_rule	D9.MAA000607.3_9_M.1.1-1-1-1	one_assay_suffix	3m	1	nan	thymocyte	CL:0002420	DN to DP transition (most are Cd8+/ Cd4+, some undergoing VDJ recombination)	facs	3_9_M	151099.0	1640.0	male	nan	Thymus	nan	21	23
D9-MAA000877-3_11_M-1-1			3	D9.MAA000877.3_11_M.1.1-1-1	3_11_M	MAT	False	1	False	D9.MAA000877.3_11_M.1.1-1-1	young_source_rule	D9.MAA000877.3_11_M.1.1-1-1-1	one_assay_suffix	3m	1	nan	CD4-positive, alpha-beta T cell	CL:0000084	nan	facs	3_11_M	747755.0	1686.0	male	Fat	MAT	nan	6	5
E1-B003291-3_39_F-1-1			3	E1.B003291.3_39_F.1.1-1-1	3_39_F	Thymus	False	1	False	E1.B003291.3_39_F.1.1-1-1	young_source_rule	E1.B003291.3_39_F.1.1-1-1-1	one_assay_suffix	3m	1	nan	thymocyte	CL:0002420	DN to DP transition (most are Cd8+/ Cd4+, some undergoing VDJ recombination)	facs	3_39_F	402084.0	1443.0	female	Flowthrough	Thymus	nan	21	23
E1-MAA000607-3_9_M-1-1			3	E1.MAA000607.3_9_M.1.1-1-1	3_9_M	Thymus	False	1	False	E1.MAA000607.3_9_M.1.1-1-1	young_source_rule	E1.MAA000607.3_9_M.1.1-1-1-1	one_assay_suffix	3m	1	nan	thymocyte	CL:0002420	DN to DP transition (most are Cd8+/ Cd4+, some undergoing VDJ recombination)	facs	3_9_M	252953.0	1663.0	male	nan	Thymus	nan	6	23
E10-B000827-3_38_F-1-1			3	E10.B000827.3_38_F.1.1-1-1	3_38_F	Thymus	False	1	False	E10.B000827.3_38_F.1.1-1-1	young_source_rule	E10.B000827.3_38_F.1.1-1-1-1	one_assay_suffix	3m	1	nan	DN4 thymocyte	CL:0002420	DN4 thymocyte	facs	3_38_F	404581.0	1589.0	female	Flowthrough	Thymus	nan	6	5
E10-B000971-3_39_F-1-1	46.0	2.0	3	E10.B000971.3_39_F.1.1-1-1	3_39_F	Spleen	True	1	False	E10.B000971.3_39_F.1.1-1-1	young_source_rule	E10.B000971.3_39_F.1.1-1-1-1	one_assay_suffix	3m	1	nan	CD4-positive, alpha-beta T cell	CL:0000084	Cd3e T cell	facs	3_39_F	656018.0	1598.0	female	nan	Spleen	nan	4	21
E10-B002314-3_56_F-1-1			3	E10.B002314.3_56_F.1.1-1-1	3_56_F	MAT	False	1	False	E10.B002314.3_56_F.1.1-1-1	young_source_rule	E10.B002314.3_56_F.1.1-1-1-1	one_assay_suffix	3m	1	nan	CD4-positive, alpha-beta T cell	CL:0000084	nan	facs	3_56_F	720330.0	2332.0	female	Fat	MAT	nan	6	5
E10-MAA000607-3_9_M-1-1			3	E10.MAA000607.3_9_M.1.1-1-1	3_9_M	Thymus	False	1	False	E10.MAA000607.3_9_M.1.1-1-1	young_source_rule	E10.MAA000607.3_9_M.1.1-1-1-1	one_assay_suffix	3m	1	nan	DN4 thymocyte	CL:0002420	DN4 thymocyte	facs	3_9_M	158119.0	1875.0	male	nan	Thymus	nan	6	5
E11-B000827-3_38_F-1-1			3	E11.B000827.3_38_F.1.1-1-1	3_38_F	Thymus	False	1	False	E11.B000827.3_38_F.1.1-1-1	young_source_rule	E11.B000827.3_38_F.1.1-1-1-1	one_assay_suffix	3m	1	nan	DN4 thymocyte	CL:0002420	DN4 thymocyte	facs	3_38_F	730560.0	2579.0	female	Flowthrough	Thymus	nan	6	5
E11-B003291-3_39_F-1-1			3	E11.B003291.3_39_F.1.1-1-1	3_39_F	Thymus	False	1	False	E11.B003291.3_39_F.1.1-1-1	young_source_rule	E11.B003291.3_39_F.1.1-1-1-1	one_assay_suffix	3m	1	nan	thymocyte	CL:0002420	DN to DP transition (most are Cd8+/ Cd4+, some undergoing VDJ recombination)	facs	3_39_F	1064856.0	1570.0	female	Flowthrough	Thymus	nan	21	23
E11-MAA000607-3_9_M-1-1			3	E11.MAA000607.3_9_M.1.1-1-1	3_9_M	Thymus	False	1	False	E11.MAA000607.3_9_M.1.1-1-1	young_source_rule	E11.MAA000607.3_9_M.1.1-1-1-1	one_assay_suffix	3m	1	nan	thymocyte	CL:0002420	proliferating thymocyte; DN to DP transition, dividing (some are Cd8+/ Cd4+, some undergoing VDJ recombination)	facs	3_9_M	601302.0	4204.0	male	nan	Thymus	nan	6	5
E11-MAA000877-3_11_M-1-1			3	E11.MAA000877.3_11_M.1.1-1-1	3_11_M	MAT	False	1	False	E11.MAA000877.3_11_M.1.1-1-1	young_source_rule	E11.MAA000877.3_11_M.1.1-1-1-1	one_assay_suffix	3m	1	nan	CD4-positive, alpha-beta T cell	CL:0000084	nan	facs	3_11_M	684453.0	1978.0	male	Fat	MAT	nan	4	21
E11-MAA000880-3_11_M-1-1			3	E11.MAA000880.3_11_M.1.1-1-1	3_11_M	Thymus	False	1	False	E11.MAA000880.3_11_M.1.1-1-1	young_source_rule	E11.MAA000880.3_11_M.1.1-1-1-1	one_assay_suffix	3m	1	nan	thymocyte	CL:0002420	proliferating thymocyte; DN to DP transition, dividing (some are Cd8+/ Cd4+, some undergoing VDJ recombination)	facs	3_11_M	826593.0	2254.0	male	nan	Thymus	nan	21	23
E11-MAA000914-3_9_M-1-1			3	E11.MAA000914.3_9_M.1.1-1-1	3_9_M	MAT	False	1	False	E11.MAA000914.3_9_M.1.1-1-1	young_source_rule	E11.MAA000914.3_9_M.1.1-1-1-1	one_assay_suffix	3m	1	nan	CD4-positive, alpha-beta T cell	CL:0000084	nan	facs	3_9_M	449714.0	2817.0	male	Fat	MAT	nan	6	5
E11-MAA000934-3_9_M-1-1			3	E11.MAA000934.3_9_M.1.1-1-1	3_9_M	SCAT	False	1	False	E11.MAA000934.3_9_M.1.1-1-1	young_source_rule	E11.MAA000934.3_9_M.1.1-1-1-1	one_assay_suffix	3m	1	nan	T cell	CL:0000084	nan	facs	3_9_M	101843.0	1472.0	male	Fat	SCAT	nan	4	21
E12-B000827-3_38_F-1-1			3	E12.B000827.3_38_F.1.1-1-1	3_38_F	Thymus	False	1	False	E12.B000827.3_38_F.1.1-1-1	young_source_rule	E12.B000827.3_38_F.1.1-1-1-1	one_assay_suffix	3m	1	nan	DN4 thymocyte	CL:0002420	DN4 thymocyte	facs	3_38_F	400049.0	1908.0	female	Flowthrough	Thymus	nan	6	5
E12-B003291-3_39_F-1-1			3	E12.B003291.3_39_F.1.1-1-1	3_39_F	Thymus	False	1	False	E12.B003291.3_39_F.1.1-1-1	young_source_rule	E12.B003291.3_39_F.1.1-1-1-1	one_assay_suffix	3m	1	nan	thymocyte	CL:0002420	DN to DP transition (most are Cd8+/ Cd4+, some undergoing VDJ recombination)	facs	3_39_F	1219655.0	1604.0	female	Flowthrough	Thymus	nan	21	23
E12-MAA000607-3_9_M-1-1			3	E12.MAA000607.3_9_M.1.1-1-1	3_9_M	Thymus	False	1	False	E12.MAA000607.3_9_M.1.1-1-1	young_source_rule	E12.MAA000607.3_9_M.1.1-1-1-1	one_assay_suffix	3m	1	nan	DN4 thymocyte	CL:0002420	DN4 thymocyte	facs	3_9_M	168573.0	1599.0	male	nan	Thymus	nan	4	5
E13-B000827-3_38_F-1-1			3	E13.B000827.3_38_F.1.1-1-1	3_38_F	Thymus	False	1	False	E13.B000827.3_38_F.1.1-1-1	young_source_rule	E13.B000827.3_38_F.1.1-1-1-1	one_assay_suffix	3m	1	nan	DN4 thymocyte	CL:0002420	DN4 thymocyte	facs	3_38_F	565071.0	2545.0	female	Flowthrough	Thymus	nan	6	5
E13-B000971-3_39_F-1-1			3	E13.B000971.3_39_F.1.1-1-1	3_39_F	Spleen	False	1	False	E13.B000971.3_39_F.1.1-1-1	young_source_rule	E13.B000971.3_39_F.1.1-1-1-1	one_assay_suffix	3m	1	nan	CD4-positive, alpha-beta T cell	CL:0000084	Cd3e T cell	facs	3_39_F	832437.0	1703.0	female	nan	Spleen	nan	4	21
E13-B001216-3_38_F-1-1			3	E13.B001216.3_38_F.1.1-1-1	3_38_F	BAT	False	1	False	E13.B001216.3_38_F.1.1-1-1	young_source_rule	E13.B001216.3_38_F.1.1-1-1-1	one_assay_suffix	3m	1	nan	T cell	CL:0000084	nan	facs	3_38_F	704116.0	1285.0	female	Fat	BAT	nan	4	9
E13-B001750-3_38_F-1-1			3	E13.B001750.3_38_F.1.1-1-1	3_38_F	Spleen	False	1	False	E13.B001750.3_38_F.1.1-1-1	young_source_rule	E13.B001750.3_38_F.1.1-1-1-1	one_assay_suffix	3m	1	nan	CD8-positive, alpha-beta T cell	CL:0000084	Cd3e T cell	facs	3_38_F	740104.0	2108.0	female	nan	Spleen	nan	6	5
E13-B003291-3_39_F-1-1			3	E13.B003291.3_39_F.1.1-1-1	3_39_F	Thymus	False	1	False	E13.B003291.3_39_F.1.1-1-1	young_source_rule	E13.B003291.3_39_F.1.1-1-1-1	one_assay_suffix	3m	1	nan	DN4 thymocyte	CL:0002420	DN4 thymocyte	facs	3_39_F	1237264.0	2328.0	female	Flowthrough	Thymus	nan	6	5
E13-MAA000607-3_9_M-1-1			3	E13.MAA000607.3_9_M.1.1-1-1	3_9_M	Thymus	False	1	False	E13.MAA000607.3_9_M.1.1-1-1	young_source_rule	E13.MAA000607.3_9_M.1.1-1-1-1	one_assay_suffix	3m	1	nan	thymocyte	CL:0002420	DN to DP transition (most are Cd8+/ Cd4+, some undergoing VDJ recombination)	facs	3_9_M	98380.0	1317.0	male	nan	Thymus	nan	21	23
E13-MAA000877-3_11_M-1-1			3	E13.MAA000877.3_11_M.1.1-1-1	3_11_M	MAT	False	1	False	E13.MAA000877.3_11_M.1.1-1-1	young_source_rule	E13.MAA000877.3_11_M.1.1-1-1-1	one_assay_suffix	3m	1	nan	CD4-positive, alpha-beta T cell	CL:0000084	nan	facs	3_11_M	305175.0	1226.0	male	Fat	MAT	nan	6	5
E13-MAA001867-3_39_F-1-1			3	E13.MAA001867.3_39_F.1.1-1-1	3_39_F	Trachea	False	1	False	E13.MAA001867.3_39_F.1.1-1-1	young_source_rule	E13.MAA001867.3_39_F.1.1-1-1-1	one_assay_suffix	3m	1	nan	T cell	CL:0000081	nan	facs	3_39_F	526821.0	3120.0	female	nan	Trachea	nan	4	21
E14-B000827-3_38_F-1-1			3	E14.B000827.3_38_F.1.1-1-1	3_38_F	Thymus	False	1	False	E14.B000827.3_38_F.1.1-1-1	young_source_rule	E14.B000827.3_38_F.1.1-1-1-1	one_assay_suffix	3m	1	nan	DN4 thymocyte	CL:0000894	DN4 thymocyte	facs	3_38_F	756635.0	2343.0	female	Flowthrough	Thymus	nan	4	9
E14-B003291-3_39_F-1-1			3	E14.B003291.3_39_F.1.1-1-1	3_39_F	Thymus	False	1	False	E14.B003291.3_39_F.1.1-1-1	young_source_rule	E14.B003291.3_39_F.1.1-1-1-1	one_assay_suffix	3m	1	nan	DN4 thymocyte	CL:0002420	DN4 thymocyte	facs	3_39_F	529664.0	1390.0	female	Flowthrough	Thymus	nan	6	23
E14-MAA000607-3_9_M-1-1			3	E14.MAA000607.3_9_M.1.1-1-1	3_9_M	Thymus	False	1	False	E14.MAA000607.3_9_M.1.1-1-1	young_source_rule	E14.MAA000607.3_9_M.1.1-1-1-1	one_assay_suffix	3m	1	nan	thymocyte	CL:0002420	DN to DP transition (most are Cd8+/ Cd4+, some undergoing VDJ recombination)	facs	3_9_M	141623.0	1636.0	male	nan	Thymus	nan	21	23
E14-MAA000609-3_8_M-1-1			3	E14.MAA000609.3_8_M.1.1-1-1	3_8_M	Thymus	False	1	False	E14.MAA000609.3_8_M.1.1-1-1	young_source_rule	E14.MAA000609.3_8_M.1.1-1-1-1	one_assay_suffix	3m	1	nan	thymocyte	CL:0002420	DN to DP transition (most are Cd8+/ Cd4+, some undergoing VDJ recombination)	facs	3_8_M	126324.0	1250.0	male	nan	Thymus	nan	21	23
E14-MAA000779-3_11_M-1-1			3	E14.MAA000779.3_11_M.1.1-1-1	3_11_M	Spleen	False	1	False	E14.MAA000779.3_11_M.1.1-1-1	young_source_rule	E14.MAA000779.3_11_M.1.1-1-1-1	one_assay_suffix	3m	1	nan	CD8-positive, alpha-beta T cell	CL:0000084	Cd3e T cell	facs	3_11_M	251641.0	1483.0	male	nan	Spleen	nan	6	5
E14-MAA000877-3_11_M-1-1			3	E14.MAA000877.3_11_M.1.1-1-1	3_11_M	MAT	False	1	False	E14.MAA000877.3_11_M.1.1-1-1	young_source_rule	E14.MAA000877.3_11_M.1.1-1-1-1	one_assay_suffix	3m	1	nan	CD8-positive, alpha-beta T cell	CL:0000084	nan	facs	3_11_M	792109.0	2021.0	male	Fat	MAT	nan	4	9
E14-MAA000880-3_11_M-1-1			3	E14.MAA000880.3_11_M.1.1-1-1	3_11_M	Thymus	False	1	False	E14.MAA000880.3_11_M.1.1-1-1	young_source_rule	E14.MAA000880.3_11_M.1.1-1-1-1	one_assay_suffix	3m	1	nan	DN4 thymocyte	CL:0002420	DN4 thymocyte	facs	3_11_M	672306.0	1586.0	male	nan	Thymus	nan	6	5
E14-MAA001865-3_38_F-1-1			3	E14.MAA001865.3_38_F.1.1-1-1	3_38_F	Trachea	False	1	False	E14.MAA001865.3_38_F.1.1-1-1	young_source_rule	E14.MAA001865.3_38_F.1.1-1-1-1	one_assay_suffix	3m	1	nan	T cell	CL:0000081	nan	facs	3_38_F	470516.0	4762.0	female	nan	Trachea	nan	21	23
E15-B000971-3_39_F-1-1			3	E15.B000971.3_39_F.1.1-1-1	3_39_F	Spleen	False	1	False	E15.B000971.3_39_F.1.1-1-1	young_source_rule	E15.B000971.3_39_F.1.1-1-1-1	one_assay_suffix	3m	1	nan	CD8-positive, alpha-beta T cell	CL:0000084	Cd3e T cell	facs	3_39_F	1308678.0	1601.0	female	nan	Spleen	nan	6	5
E15-B003291-3_39_F-1-1			3	E15.B003291.3_39_F.1.1-1-1	3_39_F	Thymus	False	1	False	E15.B003291.3_39_F.1.1-1-1	young_source_rule	E15.B003291.3_39_F.1.1-1-1-1	one_assay_suffix	3m	1	nan	thymocyte	CL:0002420	DN to DP transition (most are Cd8+/ Cd4+, some undergoing VDJ recombination)	facs	3_39_F	1889012.0	1572.0	female	Flowthrough	Thymus	nan	21	23
E15-MAA000385-3_10_M-1-1			3	E15.MAA000385.3_10_M.1.1-1-1	3_10_M	SCAT	False	1	False	E15.MAA000385.3_10_M.1.1-1-1	young_source_rule	E15.MAA000385.3_10_M.1.1-1-1-1	one_assay_suffix	3m	1	nan	T cell	CL:0000084	nan	facs	3_10_M	558695.0	2638.0	male	Fat	SCAT	nan	6	5
E15-MAA000607-3_9_M-1-1			3	E15.MAA000607.3_9_M.1.1-1-1	3_9_M	Thymus	False	1	False	E15.MAA000607.3_9_M.1.1-1-1	young_source_rule	E15.MAA000607.3_9_M.1.1-1-1-1	one_assay_suffix	3m	1	nan	thymocyte	CL:0002420	DN to DP transition (most are Cd8+/ Cd4+, some undergoing VDJ recombination)	facs	3_9_M	280434.0	2208.0	male	nan	Thymus	nan	21	23
E15-MAA000877-3_11_M-1-1			3	E15.MAA000877.3_11_M.1.1-1-1	3_11_M	MAT	False	1	False	E15.MAA000877.3_11_M.1.1-1-1	young_source_rule	E15.MAA000877.3_11_M.1.1-1-1-1	one_assay_suffix	3m	1	nan	CD4-positive, alpha-beta T cell	CL:0000084	nan	facs	3_11_M	3828501.0	5039.0	male	Fat	MAT	nan	4	21
E15-MAA000880-3_11_M-1-1			3	E15.MAA000880.3_11_M.1.1-1-1	3_11_M	Thymus	False	1	False	E15.MAA000880.3_11_M.1.1-1-1	young_source_rule	E15.MAA000880.3_11_M.1.1-1-1-1	one_assay_suffix	3m	1	nan	DN4 thymocyte	CL:0002420	DN4 thymocyte	facs	3_11_M	1173104.0	3409.0	male	nan	Thymus	nan	6	5
E16-B002775-3_39_F-1-1	0.0	2.0	3	E16.B002775.3_39_F.1.1-1-1	3_39_F	Kidney	True	2	True	E16.B002775.3_39_F.1.1-1-1	young_source_rule	E16.B002775.3_39_F.1.1-1-1-1	one_assay_suffix	3m	1	nan	T cell	CL:0000738	T cell	facs	3_39_F	1089876.0	1832.0	female	nan	Kidney	nan	4	9
E16-B003291-3_39_F-1-1			3	E16.B003291.3_39_F.1.1-1-1	3_39_F	Thymus	False	1	False	E16.B003291.3_39_F.1.1-1-1	young_source_rule	E16.B003291.3_39_F.1.1-1-1-1	one_assay_suffix	3m	1	nan	thymocyte	CL:0002420	DN to DP transition (most are Cd8+/ Cd4+, some undergoing VDJ recombination)	facs	3_39_F	1440038.0	1290.0	female	Flowthrough	Thymus	nan	21	23
E16-MAA000607-3_9_M-1-1			3	E16.MAA000607.3_9_M.1.1-1-1	3_9_M	Thymus	False	1	False	E16.MAA000607.3_9_M.1.1-1-1	young_source_rule	E16.MAA000607.3_9_M.1.1-1-1-1	one_assay_suffix	3m	1	nan	thymocyte	CL:0002420	DN to DP transition (most are Cd8+/ Cd4+, some undergoing VDJ recombination)	facs	3_9_M	162155.0	2347.0	male	nan	Thymus	nan	21	23
E16-MAA000877-3_11_M-1-1			3	E16.MAA000877.3_11_M.1.1-1-1	3_11_M	MAT	False	1	False	E16.MAA000877.3_11_M.1.1-1-1	young_source_rule	E16.MAA000877.3_11_M.1.1-1-1-1	one_assay_suffix	3m	1	nan	CD4-positive, alpha-beta T cell	CL:0000084	nan	facs	3_11_M	1532071.0	2087.0	male	Fat	MAT	nan	6	5
E16-MAA000880-3_11_M-1-1			3	E16.MAA000880.3_11_M.1.1-1-1	3_11_M	Thymus	False	1	False	E16.MAA000880.3_11_M.1.1-1-1	young_source_rule	E16.MAA000880.3_11_M.1.1-1-1-1	one_assay_suffix	3m	1	nan	thymocyte	CL:0002420	proliferating thymocyte; DN to DP transition, dividing (some are Cd8+/ Cd4+, some undergoing VDJ recombination)	facs	3_11_M	990021.0	2427.0	male	nan	Thymus	nan	21	23
E16-MAA000934-3_9_M-1-1			3	E16.MAA000934.3_9_M.1.1-1-1	3_9_M	SCAT	False	1	False	E16.MAA000934.3_9_M.1.1-1-1	young_source_rule	E16.MAA000934.3_9_M.1.1-1-1-1	one_assay_suffix	3m	1	nan	CD8-positive, alpha-beta T cell	CL:0000084	nan	facs	3_9_M	234549.0	2522.0	male	Fat	SCAT	nan	4	9
E16-MAA001895-3_38_F-1-1			3	E16.MAA001895.3_38_F.1.1-1-1	3_38_F	Brain_Non-Myeloid	False	1	False	E16.MAA001895.3_38_F.1.1-1-1	young_source_rule	E16.MAA001895.3_38_F.1.1-1-1-1	one_assay_suffix	3m	1	nan	CD8-positive, alpha-beta T cell	CL:0000128	nan	facs	3_38_F	80847.0	1899.0	female	Cortex	Brain_Non-Myeloid	nan	4	9
E17-B000827-3_38_F-1-1			3	E17.B000827.3_38_F.1.1-1-1	3_38_F	Thymus	False	1	False	E17.B000827.3_38_F.1.1-1-1	young_source_rule	E17.B000827.3_38_F.1.1-1-1-1	one_assay_suffix	3m	1	nan	DN4 thymocyte	CL:0002420	DN4 thymocyte	facs	3_38_F	589801.0	1837.0	female	Flowthrough	Thymus	nan	6	5
E17-B003291-3_39_F-1-1			3	E17.B003291.3_39_F.1.1-1-1	3_39_F	Thymus	False	1	False	E17.B003291.3_39_F.1.1-1-1	young_source_rule	E17.B003291.3_39_F.1.1-1-1-1	one_assay_suffix	3m	1	nan	thymocyte	CL:0002420	DN to DP transition (most are Cd8+/ Cd4+, some undergoing VDJ recombination)	facs	3_39_F	1530489.0	1630.0	female	Flowthrough	Thymus	nan	21	23
E17-MAA000607-3_9_M-1-1			3	E17.MAA000607.3_9_M.1.1-1-1	3_9_M	Thymus	False	1	False	E17.MAA000607.3_9_M.1.1-1-1	young_source_rule	E17.MAA000607.3_9_M.1.1-1-1-1	one_assay_suffix	3m	1	nan	thymocyte	CL:0002420	DN to DP transition (most are Cd8+/ Cd4+, some undergoing VDJ recombination)	facs	3_9_M	205093.0	1880.0	male	nan	Thymus	nan	21	23
E18-B003291-3_39_F-1-1			3	E18.B003291.3_39_F.1.1-1-1	3_39_F	Thymus	False	1	False	E18.B003291.3_39_F.1.1-1-1	young_source_rule	E18.B003291.3_39_F.1.1-1-1-1	one_assay_suffix	3m	1	nan	thymocyte	CL:0002420	proliferating thymocyte; DN to DP transition, dividing (some are Cd8+/ Cd4+, some undergoing VDJ recombination)	facs	3_39_F	2578637.0	3121.0	female	Flowthrough	Thymus	nan	21	23
E18-MAA000607-3_9_M-1-1			3	E18.MAA000607.3_9_M.1.1-1-1	3_9_M	Thymus	False	1	False	E18.MAA000607.3_9_M.1.1-1-1	young_source_rule	E18.MAA000607.3_9_M.1.1-1-1-1	one_assay_suffix	3m	1	nan	thymocyte	CL:0002420	DN to DP transition (most are Cd8+/ Cd4+, some undergoing VDJ recombination)	facs	3_9_M	324978.0	2385.0	male	nan	Thymus	nan	21	23
E18-MAA000844-3_10_M-1-1			3	E18.MAA000844.3_10_M.1.1-1-1	3_10_M	Marrow	False	1	False	E18.MAA000844.3_10_M.1.1-1-1	young_source_rule	E18.MAA000844.3_10_M.1.1-1-1-1	one_assay_suffix	3m	1	nan	mature alpha-beta T cell	CL:0002420	BM CD8 + CD4 T cell	facs	3_10_M	611017.0	2416.0	male	T-cells	Marrow	nan	4	9
E18-MAA000880-3_11_M-1-1			3	E18.MAA000880.3_11_M.1.1-1-1	3_11_M	Thymus	False	1	False	E18.MAA000880.3_11_M.1.1-1-1	young_source_rule	E18.MAA000880.3_11_M.1.1-1-1-1	one_assay_suffix	3m	1	nan	DN4 thymocyte	CL:0002420	DN4 thymocyte	facs	3_11_M	437699.0	978.0	male	nan	Thymus	nan	6	5
E19-B000827-3_38_F-1-1			3	E19.B000827.3_38_F.1.1-1-1	3_38_F	Thymus	False	1	False	E19.B000827.3_38_F.1.1-1-1	young_source_rule	E19.B000827.3_38_F.1.1-1-1-1	one_assay_suffix	3m	1	nan	DN4 thymocyte	CL:0002420	DN4 thymocyte	facs	3_38_F	453708.0	1719.0	female	Flowthrough	Thymus	nan	6	5
E19-B001750-3_38_F-1-1			3	E19.B001750.3_38_F.1.1-1-1	3_38_F	Spleen	False	1	False	E19.B001750.3_38_F.1.1-1-1	young_source_rule	E19.B001750.3_38_F.1.1-1-1-1	one_assay_suffix	3m	1	nan	CD8-positive, alpha-beta T cell	CL:0000084	Cd3e T cell	facs	3_38_F	420950.0	1741.0	female	nan	Spleen	nan	6	5
E19-B003291-3_39_F-1-1			3	E19.B003291.3_39_F.1.1-1-1	3_39_F	Thymus	False	1	False	E19.B003291.3_39_F.1.1-1-1	young_source_rule	E19.B003291.3_39_F.1.1-1-1-1	one_assay_suffix	3m	1	nan	thymocyte	CL:0002420	DN to DP transition (most are Cd8+/ Cd4+, some undergoing VDJ recombination)	facs	3_39_F	911273.0	937.0	female	Flowthrough	Thymus	nan	21	23
E19-MAA000607-3_9_M-1-1			3	E19.MAA000607.3_9_M.1.1-1-1	3_9_M	Thymus	False	1	False	E19.MAA000607.3_9_M.1.1-1-1	young_source_rule	E19.MAA000607.3_9_M.1.1-1-1-1	one_assay_suffix	3m	1	nan	DN4 thymocyte	CL:0002420	DN4 thymocyte	facs	3_9_M	362498.0	2140.0	male	nan	Thymus	nan	6	5
E19-MAA000779-3_11_M-1-1			3	E19.MAA000779.3_11_M.1.1-1-1	3_11_M	Spleen	False	1	False	E19.MAA000779.3_11_M.1.1-1-1	young_source_rule	E19.MAA000779.3_11_M.1.1-1-1-1	one_assay_suffix	3m	1	nan	CD4-positive, alpha-beta T cell	CL:0000084	Cd3e T cell	facs	3_11_M	211570.0	1355.0	male	nan	Spleen	nan	4	5
E2-B001689-3_38_F-1-1	21.0	2.0	3	E2.B001689.3_38_F.1.1-1-1	3_38_F	Brain_Myeloid	True	2	True	E2.B001689.3_38_F.1.1-1-1	young_source_rule	E2.B001689.3_38_F.1.1-1-1-1	one_assay_suffix	3m	1	nan	microglial cell	CL:0000129	nan	facs	3_38_F	833815.0	2093.0	female	Hippocampus	Brain_Myeloid	nan	3	2
E2-B003285-3_38_F-1-1			3	E2.B003285.3_38_F.1.1-1-1	3_38_F	Thymus	False	1	False	E2.B003285.3_38_F.1.1-1-1	young_source_rule	E2.B003285.3_38_F.1.1-1-1-1	one_assay_suffix	3m	1	nan	thymocyte	CL:0002420	DN to DP transition (most are Cd8+/ Cd4+, some undergoing VDJ recombination)	facs	3_38_F	390451.0	1372.0	female	Epithelium	Thymus	nan	21	23
E2-B003291-3_39_F-1-1			3	E2.B003291.3_39_F.1.1-1-1	3_39_F	Thymus	False	1	False	E2.B003291.3_39_F.1.1-1-1	young_source_rule	E2.B003291.3_39_F.1.1-1-1-1	one_assay_suffix	3m	1	nan	thymocyte	CL:0002420	DN to DP transition (most are Cd8+/ Cd4+, some undergoing VDJ recombination)	facs	3_39_F	637074.0	1777.0	female	Flowthrough	Thymus	nan	21	23
E2-MAA000607-3_9_M-1-1			3	E2.MAA000607.3_9_M.1.1-1-1	3_9_M	Thymus	False	1	False	E2.MAA000607.3_9_M.1.1-1-1	young_source_rule	E2.MAA000607.3_9_M.1.1-1-1-1	one_assay_suffix	3m	1	nan	thymocyte	CL:0002420	DN to DP transition (most are Cd8+/ Cd4+, some undergoing VDJ recombination)	facs	3_9_M	175989.0	1448.0	male	nan	Thymus	nan	21	23
E2-MAA000609-3_8_M-1-1			3	E2.MAA000609.3_8_M.1.1-1-1	3_8_M	Thymus	False	1	False	E2.MAA000609.3_8_M.1.1-1-1	young_source_rule	E2.MAA000609.3_8_M.1.1-1-1-1	one_assay_suffix	3m	1	nan	thymocyte	CL:0002420	proliferating thymocyte; DN to DP transition, dividing (some are Cd8+/ Cd4+, some undergoing VDJ recombination)	facs	3_8_M	2686368.0	3491.0	male	nan	Thymus	nan	21	23
E2-MAA100039-3_11_M-1-1	20.0	2.0	3	E2.MAA100039.3_11_M.1.1-1-1	3_11_M	Liver	True	2	True	E2.MAA100039.3_11_M.1.1-1-1	young_source_rule	E2.MAA100039.3_11_M.1.1-1-1-1	one_assay_suffix	3m	1	nan	hepatocyte	CL:0000182	nan	facs	3_11_M	1850064.0	8562.0	male	Hepatocytes	Liver	nan	29	36
E20-B003291-3_39_F-1-1			3	E20.B003291.3_39_F.1.1-1-1	3_39_F	Thymus	False	1	False	E20.B003291.3_39_F.1.1-1-1	young_source_rule	E20.B003291.3_39_F.1.1-1-1-1	one_assay_suffix	3m	1	nan	thymocyte	CL:0002420	DN to DP transition (most are Cd8+/ Cd4+, some undergoing VDJ recombination)	facs	3_39_F	1742095.0	1026.0	female	Flowthrough	Thymus	nan	6	23
E20-MAA000607-3_9_M-1-1			3	E20.MAA000607.3_9_M.1.1-1-1	3_9_M	Thymus	False	1	False	E20.MAA000607.3_9_M.1.1-1-1	young_source_rule	E20.MAA000607.3_9_M.1.1-1-1-1	one_assay_suffix	3m	1	nan	thymocyte	CL:0002420	proliferating thymocyte; DN to DP transition, dividing (some are Cd8+/ Cd4+, some undergoing VDJ recombination)	facs	3_9_M	612979.0	3443.0	male	nan	Thymus	nan	21	23
E20-MAA000609-3_8_M-1-1			3	E20.MAA000609.3_8_M.1.1-1-1	3_8_M	Thymus	False	1	False	E20.MAA000609.3_8_M.1.1-1-1	young_source_rule	E20.MAA000609.3_8_M.1.1-1-1-1	one_assay_suffix	3m	1	nan	thymocyte	CL:0002420	proliferating thymocyte; DN to DP transition, dividing (some are Cd8+/ Cd4+, some undergoing VDJ recombination)	facs	3_8_M	646736.0	4349.0	male	nan	Thymus	nan	21	23
E20-MAA000880-3_11_M-1-1	42.0	2.0	3	E20.MAA000880.3_11_M.1.1-1-1	3_11_M	Thymus	True	2	True	E20.MAA000880.3_11_M.1.1-1-1	young_source_rule	E20.MAA000880.3_11_M.1.1-1-1-1	one_assay_suffix	3m	1	nan	DN4 thymocyte	CL:0000894	DN4 thymocyte	facs	3_11_M	876398.0	2089.0	male	nan	Thymus	nan	4	9
E20-MAA001895-3_38_F-1-1			3	E20.MAA001895.3_38_F.1.1-1-1	3_38_F	Brain_Non-Myeloid	False	1	False	E20.MAA001895.3_38_F.1.1-1-1	young_source_rule	E20.MAA001895.3_38_F.1.1-1-1-1	one_assay_suffix	3m	1	nan	CD8-positive, alpha-beta T cell	CL:0000128	nan	facs	3_38_F	277494.0	3599.0	female	Cortex	Brain_Non-Myeloid	nan	4	21
E21-B000827-3_38_F-1-1			3	E21.B000827.3_38_F.1.1-1-1	3_38_F	Thymus	False	1	False	E21.B000827.3_38_F.1.1-1-1	young_source_rule	E21.B000827.3_38_F.1.1-1-1-1	one_assay_suffix	3m	1	nan	DN4 thymocyte	CL:0002420	DN4 thymocyte	facs	3_38_F	1927405.0	3833.0	female	Flowthrough	Thymus	nan	6	5
E21-B003291-3_39_F-1-1			3	E21.B003291.3_39_F.1.1-1-1	3_39_F	Thymus	False	1	False	E21.B003291.3_39_F.1.1-1-1	young_source_rule	E21.B003291.3_39_F.1.1-1-1-1	one_assay_suffix	3m	1	nan	thymocyte	CL:0002420	DN to DP transition (most are Cd8+/ Cd4+, some undergoing VDJ recombination)	facs	3_39_F	1358963.0	1334.0	female	Flowthrough	Thymus	nan	21	23
E21-MAA000607-3_9_M-1-1			3	E21.MAA000607.3_9_M.1.1-1-1	3_9_M	Thymus	False	1	False	E21.MAA000607.3_9_M.1.1-1-1	young_source_rule	E21.MAA000607.3_9_M.1.1-1-1-1	one_assay_suffix	3m	1	nan	DN4 thymocyte	CL:0002420	DN4 thymocyte	facs	3_9_M	178774.0	1662.0	male	nan	Thymus	nan	6	5
E22-B003275-3_38_F-1-1			3	E22.B003275.3_38_F.1.1-1-1	3_38_F	Brain_Non-Myeloid	False	1	False	E22.B003275.3_38_F.1.1-1-1	young_source_rule	E22.B003275.3_38_F.1.1-1-1-1	one_assay_suffix	3m	1	nan	CD8-positive, alpha-beta T cell	CL:0000128	nan	facs	3_38_F	673035.0	2254.0	female	Hippocampus	Brain_Non-Myeloid	nan	4	9
E22-B003291-3_39_F-1-1			3	E22.B003291.3_39_F.1.1-1-1	3_39_F	Thymus	False	1	False	E22.B003291.3_39_F.1.1-1-1	young_source_rule	E22.B003291.3_39_F.1.1-1-1-1	one_assay_suffix	3m	1	nan	thymocyte	CL:0002420	DN to DP transition (most are Cd8+/ Cd4+, some undergoing VDJ recombination)	facs	3_39_F	1787712.0	1137.0	female	Flowthrough	Thymus	nan	21	23
E22-MAA000607-3_9_M-1-1			3	E22.MAA000607.3_9_M.1.1-1-1	3_9_M	Thymus	False	1	False	E22.MAA000607.3_9_M.1.1-1-1	young_source_rule	E22.MAA000607.3_9_M.1.1-1-1-1	one_assay_suffix	3m	1	nan	thymocyte	CL:0002420	proliferating thymocyte; DN to DP transition, dividing (some are Cd8+/ Cd4+, some undergoing VDJ recombination)	facs	3_9_M	507933.0	3231.0	male	nan	Thymus	nan	21	23
E22-MAA000609-3_8_M-1-1			3	E22.MAA000609.3_8_M.1.1-1-1	3_8_M	Thymus	False	1	False	E22.MAA000609.3_8_M.1.1-1-1	young_source_rule	E22.MAA000609.3_8_M.1.1-1-1-1	one_assay_suffix	3m	1	nan	thymocyte	CL:0002420	proliferating thymocyte; DN to DP transition, dividing (some are Cd8+/ Cd4+, some undergoing VDJ recombination)	facs	3_8_M	560400.0	3804.0	male	nan	Thymus	nan	21	23
E22-MAA000880-3_11_M-1-1			3	E22.MAA000880.3_11_M.1.1-1-1	3_11_M	Thymus	False	1	False	E22.MAA000880.3_11_M.1.1-1-1	young_source_rule	E22.MAA000880.3_11_M.1.1-1-1-1	one_assay_suffix	3m	1	nan	DN4 thymocyte	CL:0002420	DN4 thymocyte	facs	3_11_M	637827.0	1632.0	male	nan	Thymus	nan	6	5
E3-B000827-3_38_F-1-1			3	E3.B000827.3_38_F.1.1-1-1	3_38_F	Thymus	False	1	False	E3.B000827.3_38_F.1.1-1-1	young_source_rule	E3.B000827.3_38_F.1.1-1-1-1	one_assay_suffix	3m	1	nan	DN4 thymocyte	CL:0002420	DN4 thymocyte	facs	3_38_F	569691.0	2237.0	female	Flowthrough	Thymus	nan	6	5
E3-B003291-3_39_F-1-1			3	E3.B003291.3_39_F.1.1-1-1	3_39_F	Thymus	False	1	False	E3.B003291.3_39_F.1.1-1-1	young_source_rule	E3.B003291.3_39_F.1.1-1-1-1	one_assay_suffix	3m	1	nan	thymocyte	CL:0002420	DN to DP transition (most are Cd8+/ Cd4+, some undergoing VDJ recombination)	facs	3_39_F	1683140.0	1846.0	female	Flowthrough	Thymus	nan	21	23
E3-MAA000386-3_11_M-1-1			3	E3.MAA000386.3_11_M.1.1-1-1	3_11_M	SCAT	False	1	False	E3.MAA000386.3_11_M.1.1-1-1	young_source_rule	E3.MAA000386.3_11_M.1.1-1-1-1	one_assay_suffix	3m	1	nan	CD4-positive, alpha-beta T cell	CL:0000084	nan	facs	3_11_M	1317522.0	3681.0	male	Fat	SCAT	nan	4	9
E4-B003291-3_39_F-1-1			3	E4.B003291.3_39_F.1.1-1-1	3_39_F	Thymus	False	1	False	E4.B003291.3_39_F.1.1-1-1	young_source_rule	E4.B003291.3_39_F.1.1-1-1-1	one_assay_suffix	3m	1	nan	thymocyte	CL:0002420	DN to DP transition (most are Cd8+/ Cd4+, some undergoing VDJ recombination)	facs	3_39_F	2365542.0	2166.0	female	Flowthrough	Thymus	nan	21	23
E4-MAA000607-3_9_M-1-1			3	E4.MAA000607.3_9_M.1.1-1-1	3_9_M	Thymus	False	1	False	E4.MAA000607.3_9_M.1.1-1-1	young_source_rule	E4.MAA000607.3_9_M.1.1-1-1-1	one_assay_suffix	3m	1	nan	DN4 thymocyte	CL:0002420	DN4 thymocyte	facs	3_9_M	223182.0	1790.0	male	nan	Thymus	nan	21	23
E4-MAA001865-3_38_F-1-1			3	E4.MAA001865.3_38_F.1.1-1-1	3_38_F	Trachea	False	1	False	E4.MAA001865.3_38_F.1.1-1-1	young_source_rule	E4.MAA001865.3_38_F.1.1-1-1-1	one_assay_suffix	3m	1	nan	T cell	CL:0000081	nan	facs	3_38_F	656097.0	5158.0	female	nan	Trachea	nan	21	23
E5-B000827-3_38_F-1-1			3	E5.B000827.3_38_F.1.1-1-1	3_38_F	Thymus	False	1	False	E5.B000827.3_38_F.1.1-1-1	young_source_rule	E5.B000827.3_38_F.1.1-1-1-1	one_assay_suffix	3m	1	nan	DN4 thymocyte	CL:0002420	DN4 thymocyte	facs	3_38_F	831715.0	2220.0	female	Flowthrough	Thymus	nan	6	5
E5-B003291-3_39_F-1-1			3	E5.B003291.3_39_F.1.1-1-1	3_39_F	Thymus	False	1	False	E5.B003291.3_39_F.1.1-1-1	young_source_rule	E5.B003291.3_39_F.1.1-1-1-1	one_assay_suffix	3m	1	nan	thymocyte	CL:0002420	DN to DP transition (most are Cd8+/ Cd4+, some undergoing VDJ recombination)	facs	3_39_F	423767.0	1820.0	female	Flowthrough	Thymus	nan	21	23
E5-MAA000607-3_9_M-1-1			3	E5.MAA000607.3_9_M.1.1-1-1	3_9_M	Thymus	False	1	False	E5.MAA000607.3_9_M.1.1-1-1	young_source_rule	E5.MAA000607.3_9_M.1.1-1-1-1	one_assay_suffix	3m	1	nan	thymocyte	CL:0002420	proliferating thymocyte; DN to DP transition, dividing (some are Cd8+/ Cd4+, some undergoing VDJ recombination)	facs	3_9_M	793659.0	4177.0	male	nan	Thymus	nan	21	23
E6-B000827-3_38_F-1-1			3	E6.B000827.3_38_F.1.1-1-1	3_38_F	Thymus	False	1	False	E6.B000827.3_38_F.1.1-1-1	young_source_rule	E6.B000827.3_38_F.1.1-1-1-1	one_assay_suffix	3m	1	nan	thymocyte	CL:0002420	proliferating thymocyte; DN to DP transition, dividing (some are Cd8+/ Cd4+, some undergoing VDJ recombination)	facs	3_38_F	1499030.0	3637.0	female	Flowthrough	Thymus	nan	6	21
E6-B000971-3_39_F-1-1	12.0	2.0	3	E6.B000971.3_39_F.1.1-1-1	3_39_F	Spleen	True	2	True	E6.B000971.3_39_F.1.1-1-1	young_source_rule	E6.B000971.3_39_F.1.1-1-1-1	one_assay_suffix	3m	1	nan	CD4-positive, alpha-beta T cell	CL:0000084	nan	facs	3_39_F	878493.0	1582.0	female	nan	Spleen	nan	4	9
E6-B003291-3_39_F-1-1			3	E6.B003291.3_39_F.1.1-1-1	3_39_F	Thymus	False	1	False	E6.B003291.3_39_F.1.1-1-1	young_source_rule	E6.B003291.3_39_F.1.1-1-1-1	one_assay_suffix	3m	1	nan	thymocyte	CL:0002420	DN to DP transition (most are Cd8+/ Cd4+, some undergoing VDJ recombination)	facs	3_39_F	1021559.0	2361.0	female	Flowthrough	Thymus	nan	21	23
E6-MAA000508-3_9_M-1-1			3	E6.MAA000508.3_9_M.1.1-1-1	3_9_M	Spleen	False	1	False	E6.MAA000508.3_9_M.1.1-1-1	young_source_rule	E6.MAA000508.3_9_M.1.1-1-1-1	one_assay_suffix	3m	1	nan	CD8-positive, alpha-beta T cell	CL:0000084	Cd3e T cell	facs	3_9_M	353150.0	2529.0	male	nan	Spleen	nan	6	5
E6-MAA000607-3_9_M-1-1			3	E6.MAA000607.3_9_M.1.1-1-1	3_9_M	Thymus	False	1	False	E6.MAA000607.3_9_M.1.1-1-1	young_source_rule	E6.MAA000607.3_9_M.1.1-1-1-1	one_assay_suffix	3m	1	nan	thymocyte	CL:0002420	DN to DP transition (most are Cd8+/ Cd4+, some undergoing VDJ recombination)	facs	3_9_M	198393.0	1622.0	male	nan	Thymus	nan	21	23
E7-B000827-3_38_F-1-1			3	E7.B000827.3_38_F.1.1-1-1	3_38_F	Thymus	False	1	False	E7.B000827.3_38_F.1.1-1-1	young_source_rule	E7.B000827.3_38_F.1.1-1-1-1	one_assay_suffix	3m	1	nan	DN4 thymocyte	CL:0002420	DN4 thymocyte	facs	3_38_F	582931.0	2135.0	female	Flowthrough	Thymus	nan	6	5
E7-B000971-3_39_F-1-1			3	E7.B000971.3_39_F.1.1-1-1	3_39_F	Spleen	False	1	False	E7.B000971.3_39_F.1.1-1-1	young_source_rule	E7.B000971.3_39_F.1.1-1-1-1	one_assay_suffix	3m	1	nan	CD4-positive, alpha-beta T cell	CL:0000084	Cd3e T cell	facs	3_39_F	1834780.0	2048.0	female	nan	Spleen	nan	6	5
E7-B002954-3_56_F-1-1			3	E7.B002954.3_56_F.1.1-1-1	3_56_F	SCAT	False	1	False	E7.B002954.3_56_F.1.1-1-1	young_source_rule	E7.B002954.3_56_F.1.1-1-1-1	one_assay_suffix	3m	1	nan	T cell	CL:0000084	nan	facs	3_56_F	224575.0	1919.0	female	Fat	SCAT	nan	6	5
E7-B003291-3_39_F-1-1			3	E7.B003291.3_39_F.1.1-1-1	3_39_F	Thymus	False	1	False	E7.B003291.3_39_F.1.1-1-1	young_source_rule	E7.B003291.3_39_F.1.1-1-1-1	one_assay_suffix	3m	1	nan	thymocyte	CL:0002420	DN to DP transition (most are Cd8+/ Cd4+, some undergoing VDJ recombination)	facs	3_39_F	849872.0	1435.0	female	Flowthrough	Thymus	nan	21	23
E7-MAA000556-3_9_M-1-1			3	E7.MAA000556.3_9_M.1.1-1-1	3_9_M	BAT	False	1	False	E7.MAA000556.3_9_M.1.1-1-1	young_source_rule	E7.MAA000556.3_9_M.1.1-1-1-1	one_assay_suffix	3m	1	nan	T cell	CL:0000084	nan	facs	3_9_M	480487.0	2925.0	male	Fat	BAT	nan	4	48
E7-MAA000607-3_9_M-1-1			3	E7.MAA000607.3_9_M.1.1-1-1	3_9_M	Thymus	False	1	False	E7.MAA000607.3_9_M.1.1-1-1	young_source_rule	E7.MAA000607.3_9_M.1.1-1-1-1	one_assay_suffix	3m	1	nan	thymocyte	CL:0002420	DN to DP transition (most are Cd8+/ Cd4+, some undergoing VDJ recombination)	facs	3_9_M	123788.0	1363.0	male	nan	Thymus	nan	21	23
E7-MAA000844-3_10_M-1-1			3	E7.MAA000844.3_10_M.1.1-1-1	3_10_M	Marrow	False	1	False	E7.MAA000844.3_10_M.1.1-1-1	young_source_rule	E7.MAA000844.3_10_M.1.1-1-1-1	one_assay_suffix	3m	1	nan	mature alpha-beta T cell	CL:0002420	BM CD8 + CD4 T cell	facs	3_10_M	1004096.0	2518.0	male	T-cells	Marrow	nan	4	9
E8-B000827-3_38_F-1-1			3	E8.B000827.3_38_F.1.1-1-1	3_38_F	Thymus	False	1	False	E8.B000827.3_38_F.1.1-1-1	young_source_rule	E8.B000827.3_38_F.1.1-1-1-1	one_assay_suffix	3m	1	nan	DN4 thymocyte	CL:0002420	DN4 thymocyte	facs	3_38_F	545925.0	2262.0	female	Flowthrough	Thymus	nan	6	5
E8-B000971-3_39_F-1-1			3	E8.B000971.3_39_F.1.1-1-1	3_39_F	Spleen	False	1	False	E8.B000971.3_39_F.1.1-1-1	young_source_rule	E8.B000971.3_39_F.1.1-1-1-1	one_assay_suffix	3m	1	nan	CD4-positive, alpha-beta T cell	CL:0000084	Cd3e T cell	facs	3_39_F	1621436.0	2017.0	female	nan	Spleen	nan	4	21
E8-B003291-3_39_F-1-1			3	E8.B003291.3_39_F.1.1-1-1	3_39_F	Thymus	False	1	False	E8.B003291.3_39_F.1.1-1-1	young_source_rule	E8.B003291.3_39_F.1.1-1-1-1	one_assay_suffix	3m	1	nan	thymocyte	CL:0002420	DN to DP transition (most are Cd8+/ Cd4+, some undergoing VDJ recombination)	facs	3_39_F	1498962.0	1766.0	female	Flowthrough	Thymus	nan	21	23
E8-MAA000607-3_9_M-1-1			3	E8.MAA000607.3_9_M.1.1-1-1	3_9_M	Thymus	False	1	False	E8.MAA000607.3_9_M.1.1-1-1	young_source_rule	E8.MAA000607.3_9_M.1.1-1-1-1	one_assay_suffix	3m	1	nan	DN4 thymocyte	CL:0002420	DN4 thymocyte	facs	3_9_M	177325.0	1815.0	male	nan	Thymus	nan	6	5
E8-MAA000609-3_8_M-1-1			3	E8.MAA000609.3_8_M.1.1-1-1	3_8_M	Thymus	False	1	False	E8.MAA000609.3_8_M.1.1-1-1	young_source_rule	E8.MAA000609.3_8_M.1.1-1-1-1	one_assay_suffix	3m	1	nan	DN4 thymocyte	CL:0002420	DN4 thymocyte	facs	3_8_M	515938.0	1886.0	male	nan	Thymus	nan	6	5
E9-B000127-3_38_F-1-1			3	E9.B000127.3_38_F.1.1-1-1	3_38_F	SCAT	False	1	False	E9.B000127.3_38_F.1.1-1-1	young_source_rule	E9.B000127.3_38_F.1.1-1-1-1	one_assay_suffix	3m	1	nan	T cell	CL:0000084	nan	facs	3_38_F	567256.0	1477.0	female	Fat	SCAT	nan	6	5
E9-B000827-3_38_F-1-1			3	E9.B000827.3_38_F.1.1-1-1	3_38_F	Thymus	False	1	False	E9.B000827.3_38_F.1.1-1-1	young_source_rule	E9.B000827.3_38_F.1.1-1-1-1	one_assay_suffix	3m	1	nan	DN4 thymocyte	CL:0002420	DN4 thymocyte	facs	3_38_F	193668.0	2446.0	female	Flowthrough	Thymus	nan	6	5
E9-B001216-3_38_F-1-1			3	E9.B001216.3_38_F.1.1-1-1	3_38_F	BAT	False	1	False	E9.B001216.3_38_F.1.1-1-1	young_source_rule	E9.B001216.3_38_F.1.1-1-1-1	one_assay_suffix	3m	1	nan	T cell	CL:0000084	nan	facs	3_38_F	549231.0	956.0	female	Fat	BAT	nan	6	5
E9-B001750-3_38_F-1-1			3	E9.B001750.3_38_F.1.1-1-1	3_38_F	Spleen	False	1	False	E9.B001750.3_38_F.1.1-1-1	young_source_rule	E9.B001750.3_38_F.1.1-1-1-1	one_assay_suffix	3m	1	nan	CD4-positive, alpha-beta T cell	CL:0000084	Cd3e T cell	facs	3_38_F	831441.0	1872.0	female	nan	Spleen	nan	6	5
E9-B002314-3_56_F-1-1			3	E9.B002314.3_56_F.1.1-1-1	3_56_F	MAT	False	1	False	E9.B002314.3_56_F.1.1-1-1	young_source_rule	E9.B002314.3_56_F.1.1-1-1-1	one_assay_suffix	3m	1	nan	CD4-positive, alpha-beta T cell	CL:0000084	nan	facs	3_56_F	713607.0	2023.0	female	Fat	MAT	nan	6	5
E9-B003291-3_39_F-1-1			3	E9.B003291.3_39_F.1.1-1-1	3_39_F	Thymus	False	1	False	E9.B003291.3_39_F.1.1-1-1	young_source_rule	E9.B003291.3_39_F.1.1-1-1-1	one_assay_suffix	3m	1	nan	thymocyte	CL:0002420	DN to DP transition (most are Cd8+/ Cd4+, some undergoing VDJ recombination)	facs	3_39_F	456181.0	1569.0	female	Flowthrough	Thymus	nan	21	23
E9-MAA000386-3_11_M-1-1	26.0	2.0	3	E9.MAA000386.3_11_M.1.1-1-1	3_11_M	SCAT	True	1	False	E9.MAA000386.3_11_M.1.1-1-1	young_source_rule	E9.MAA000386.3_11_M.1.1-1-1-1	one_assay_suffix	3m	1	nan	mesenchymal stem cell of adipose	CL:0002570	mesenchymal progenitor	facs	3_11_M	1086470.0	6593.0	male	Fat	SCAT	nan	25	20
E9-MAA000607-3_9_M-1-1			3	E9.MAA000607.3_9_M.1.1-1-1	3_9_M	Thymus	False	1	False	E9.MAA000607.3_9_M.1.1-1-1	young_source_rule	E9.MAA000607.3_9_M.1.1-1-1-1	one_assay_suffix	3m	1	nan	thymocyte	CL:0002420	DN to DP transition (most are Cd8+/ Cd4+, some undergoing VDJ recombination)	facs	3_9_M	179385.0	1696.0	male	nan	Thymus	nan	21	23
E9-MAA000877-3_11_M-1-1	37.0	2.0	3	E9.MAA000877.3_11_M.1.1-1-1	3_11_M	MAT	True	1	False	E9.MAA000877.3_11_M.1.1-1-1	young_source_rule	E9.MAA000877.3_11_M.1.1-1-1-1	one_assay_suffix	3m	1	nan	CD8-positive, alpha-beta T cell	CL:0000084	nan	facs	3_11_M	700309.0	1761.0	male	Fat	MAT	nan	6	5
F1-B000827-3_38_F-1-1			3	F1.B000827.3_38_F.1.1-1-1	3_38_F	Thymus	False	1	False	F1.B000827.3_38_F.1.1-1-1	young_source_rule	F1.B000827.3_38_F.1.1-1-1-1	one_assay_suffix	3m	1	nan	DN4 thymocyte	CL:0002420	DN4 thymocyte	facs	3_38_F	1994951.0	1977.0	female	Flowthrough	Thymus	nan	6	5
F1-B003291-3_39_F-1-1			3	F1.B003291.3_39_F.1.1-1-1	3_39_F	Thymus	False	1	False	F1.B003291.3_39_F.1.1-1-1	young_source_rule	F1.B003291.3_39_F.1.1-1-1-1	one_assay_suffix	3m	1	nan	thymocyte	CL:0002420	DN to DP transition (most are Cd8+/ Cd4+, some undergoing VDJ recombination)	facs	3_39_F	373539.0	1391.0	female	Flowthrough	Thymus	nan	21	23
F1-MAA000607-3_9_M-1-1			3	F1.MAA000607.3_9_M.1.1-1-1	3_9_M	Thymus	False	1	False	F1.MAA000607.3_9_M.1.1-1-1	young_source_rule	F1.MAA000607.3_9_M.1.1-1-1-1	one_assay_suffix	3m	1	nan	DN4 thymocyte	CL:0002420	DN4 thymocyte	facs	3_9_M	455557.0	3390.0	male	nan	Thymus	nan	6	5
F1-MAA000907-3_11_M-1-1			3	F1.MAA000907.3_11_M.1.1-1-1	3_11_M	Liver	False	1	False	F1.MAA000907.3_11_M.1.1-1-1	young_source_rule	F1.MAA000907.3_11_M.1.1-1-1-1	one_assay_suffix	3m	1	nan	mature NK T cell	CL:0000623	nan	facs	3_11_M	312899.0	2550.0	male	Non-hepatocytes	Liver	nan	4	9
F1-MAA001888-3_39_F-1-1			3	F1.MAA001888.3_39_F.1.1-1-1	3_39_F	Marrow	False	1	False	F1.MAA001888.3_39_F.1.1-1-1	young_source_rule	F1.MAA001888.3_39_F.1.1-1-1-1	one_assay_suffix	3m	1	nan	CD4-positive, alpha-beta T cell	CL:0000236	BM CD4 T cell	facs	3_39_F	264926.0	3521.0	female	T-cells	Marrow	nan	4	48
F10-B000827-3_38_F-1-1			3	F10.B000827.3_38_F.1.1-1-1	3_38_F	Thymus	False	1	False	F10.B000827.3_38_F.1.1-1-1	young_source_rule	F10.B000827.3_38_F.1.1-1-1-1	one_assay_suffix	3m	1	nan	DN4 thymocyte	CL:0002420	DN4 thymocyte	facs	3_38_F	1076880.0	3318.0	female	Flowthrough	Thymus	nan	6	5
F10-B003291-3_39_F-1-1			3	F10.B003291.3_39_F.1.1-1-1	3_39_F	Thymus	False	1	False	F10.B003291.3_39_F.1.1-1-1	young_source_rule	F10.B003291.3_39_F.1.1-1-1-1	one_assay_suffix	3m	1	nan	thymocyte	CL:0002420	DN to DP transition (most are Cd8+/ Cd4+, some undergoing VDJ recombination)	facs	3_39_F	430733.0	1430.0	female	Flowthrough	Thymus	nan	6	23
F10-MAA000607-3_9_M-1-1			3	F10.MAA000607.3_9_M.1.1-1-1	3_9_M	Thymus	False	1	False	F10.MAA000607.3_9_M.1.1-1-1	young_source_rule	F10.MAA000607.3_9_M.1.1-1-1-1	one_assay_suffix	3m	1	nan	thymocyte	CL:0002420	DN to DP transition (most are Cd8+/ Cd4+, some undergoing VDJ recombination)	facs	3_9_M	125613.0	1366.0	male	nan	Thymus	nan	21	23
F10-MAA000880-3_11_M-1-1			3	F10.MAA000880.3_11_M.1.1-1-1	3_11_M	Thymus	False	1	False	F10.MAA000880.3_11_M.1.1-1-1	young_source_rule	F10.MAA000880.3_11_M.1.1-1-1-1	one_assay_suffix	3m	1	nan	DN4 thymocyte	CL:0002420	DN4 thymocyte	facs	3_11_M	464052.0	1683.0	male	nan	Thymus	nan	4	5
F10-MAA000914-3_9_M-1-1			3	F10.MAA000914.3_9_M.1.1-1-1	3_9_M	MAT	False	1	False	F10.MAA000914.3_9_M.1.1-1-1	young_source_rule	F10.MAA000914.3_9_M.1.1-1-1-1	one_assay_suffix	3m	1	nan	CD4-positive, alpha-beta T cell	CL:0000084	nan	facs	3_9_M	382485.0	1803.0	male	Fat	MAT	nan	4	21
F11-B000827-3_38_F-1-1			3	F11.B000827.3_38_F.1.1-1-1	3_38_F	Thymus	False	1	False	F11.B000827.3_38_F.1.1-1-1	young_source_rule	F11.B000827.3_38_F.1.1-1-1-1	one_assay_suffix	3m	1	nan	DN4 thymocyte	CL:0002420	DN4 thymocyte	facs	3_38_F	433886.0	2085.0	female	Flowthrough	Thymus	nan	6	5
F11-B001750-3_38_F-1-1			3	F11.B001750.3_38_F.1.1-1-1	3_38_F	Spleen	False	1	False	F11.B001750.3_38_F.1.1-1-1	young_source_rule	F11.B001750.3_38_F.1.1-1-1-1	one_assay_suffix	3m	1	nan	CD4-positive, alpha-beta T cell	CL:0000084	Cd3e T cell	facs	3_38_F	409654.0	2039.0	female	nan	Spleen	nan	6	5
F11-B003291-3_39_F-1-1			3	F11.B003291.3_39_F.1.1-1-1	3_39_F	Thymus	False	1	False	F11.B003291.3_39_F.1.1-1-1	young_source_rule	F11.B003291.3_39_F.1.1-1-1-1	one_assay_suffix	3m	1	nan	thymocyte	CL:0002420	DN to DP transition (most are Cd8+/ Cd4+, some undergoing VDJ recombination)	facs	3_39_F	1257872.0	1616.0	female	Flowthrough	Thymus	nan	21	23
F11-D043526-3_39_F-1-1			3	F11.D043526.3_39_F.1.1-1-1	3_39_F	SCAT	False	1	False	F11.D043526.3_39_F.1.1-1-1	young_source_rule	F11.D043526.3_39_F.1.1-1-1-1	one_assay_suffix	3m	1	nan	CD8-positive, alpha-beta T cell	CL:0000084	nan	facs	3_39_F	411754.0	2193.0	female	Fat	SCAT	nan	4	9
F11-MAA000607-3_9_M-1-1			3	F11.MAA000607.3_9_M.1.1-1-1	3_9_M	Thymus	False	1	False	F11.MAA000607.3_9_M.1.1-1-1	young_source_rule	F11.MAA000607.3_9_M.1.1-1-1-1	one_assay_suffix	3m	1	nan	thymocyte	CL:0002420	DN to DP transition (most are Cd8+/ Cd4+, some undergoing VDJ recombination)	facs	3_9_M	143830.0	1699.0	male	nan	Thymus	nan	21	23
F11-MAA000880-3_11_M-1-1			3	F11.MAA000880.3_11_M.1.1-1-1	3_11_M	Thymus	False	1	False	F11.MAA000880.3_11_M.1.1-1-1	young_source_rule	F11.MAA000880.3_11_M.1.1-1-1-1	one_assay_suffix	3m	1	nan	epithelial cell of thymus	CL:0000738	TECs	facs	3_11_M	293074.0	2380.0	male	nan	Thymus	nan	21	23
F11-MAA000934-3_9_M-1-1			3	F11.MAA000934.3_9_M.1.1-1-1	3_9_M	SCAT	False	1	False	F11.MAA000934.3_9_M.1.1-1-1	young_source_rule	F11.MAA000934.3_9_M.1.1-1-1-1	one_assay_suffix	3m	1	nan	T cell	CL:0000084	nan	facs	3_9_M	181177.0	2335.0	male	Fat	SCAT	nan	6	5
F12-B000827-3_38_F-1-1			3	F12.B000827.3_38_F.1.1-1-1	3_38_F	Thymus	False	1	False	F12.B000827.3_38_F.1.1-1-1	young_source_rule	F12.B000827.3_38_F.1.1-1-1-1	one_assay_suffix	3m	1	nan	DN4 thymocyte	CL:0002420	DN4 thymocyte	facs	3_38_F	383729.0	1943.0	female	Flowthrough	Thymus	nan	6	5
F12-B003291-3_39_F-1-1			3	F12.B003291.3_39_F.1.1-1-1	3_39_F	Thymus	False	1	False	F12.B003291.3_39_F.1.1-1-1	young_source_rule	F12.B003291.3_39_F.1.1-1-1-1	one_assay_suffix	3m	1	nan	thymocyte	CL:0002420	DN to DP transition (most are Cd8+/ Cd4+, some undergoing VDJ recombination)	facs	3_39_F	1519758.0	1803.0	female	Flowthrough	Thymus	nan	21	23
F12-D043526-3_39_F-1-1			3	F12.D043526.3_39_F.1.1-1-1	3_39_F	SCAT	False	1	False	F12.D043526.3_39_F.1.1-1-1	young_source_rule	F12.D043526.3_39_F.1.1-1-1-1	one_assay_suffix	3m	1	nan	myeloid cell	CL:0000763	nan	facs	3_39_F	198023.0	2898.0	female	Fat	SCAT	nan	2	4
F12-MAA000385-3_10_M-1-1			3	F12.MAA000385.3_10_M.1.1-1-1	3_10_M	SCAT	False	1	False	F12.MAA000385.3_10_M.1.1-1-1	young_source_rule	F12.MAA000385.3_10_M.1.1-1-1-1	one_assay_suffix	3m	1	nan	CD8-positive, alpha-beta T cell	CL:0000084	nan	facs	3_10_M	414700.0	2450.0	male	Fat	SCAT	nan	4	9
F12-MAA000607-3_9_M-1-1			3	F12.MAA000607.3_9_M.1.1-1-1	3_9_M	Thymus	False	1	False	F12.MAA000607.3_9_M.1.1-1-1	young_source_rule	F12.MAA000607.3_9_M.1.1-1-1-1	one_assay_suffix	3m	1	nan	DN4 thymocyte	CL:0002420	DN4 thymocyte	facs	3_9_M	611151.0	3634.0	male	nan	Thymus	nan	6	5
F12-MAA000877-3_11_M-1-1			3	F12.MAA000877.3_11_M.1.1-1-1	3_11_M	MAT	False	1	False	F12.MAA000877.3_11_M.1.1-1-1	young_source_rule	F12.MAA000877.3_11_M.1.1-1-1-1	one_assay_suffix	3m	1	nan	macrophage	CL:0000084	nan	facs	3_11_M	1634582.0	3845.0	male	Fat	MAT	nan	4	9
F12-MAA000880-3_11_M-1-1			3	F12.MAA000880.3_11_M.1.1-1-1	3_11_M	Thymus	False	1	False	F12.MAA000880.3_11_M.1.1-1-1	young_source_rule	F12.MAA000880.3_11_M.1.1-1-1-1	one_assay_suffix	3m	1	nan	DN4 thymocyte	CL:0002420	DN4 thymocyte	facs	3_11_M	508468.0	1099.0	male	nan	Thymus	nan	6	5
F12-MAA000934-3_9_M-1-1			3	F12.MAA000934.3_9_M.1.1-1-1	3_9_M	SCAT	False	1	False	F12.MAA000934.3_9_M.1.1-1-1	young_source_rule	F12.MAA000934.3_9_M.1.1-1-1-1	one_assay_suffix	3m	1	nan	NK cell	CL:0000084	nan	facs	3_9_M	138607.0	1758.0	male	Fat	SCAT	nan	4	21
F13-B000827-3_38_F-1-1			3	F13.B000827.3_38_F.1.1-1-1	3_38_F	Thymus	False	1	False	F13.B000827.3_38_F.1.1-1-1	young_source_rule	F13.B000827.3_38_F.1.1-1-1-1	one_assay_suffix	3m	1	nan	DN4 thymocyte	CL:0002420	DN4 thymocyte	facs	3_38_F	533977.0	2103.0	female	Flowthrough	Thymus	nan	6	5
F13-B003291-3_39_F-1-1			3	F13.B003291.3_39_F.1.1-1-1	3_39_F	Thymus	False	1	False	F13.B003291.3_39_F.1.1-1-1	young_source_rule	F13.B003291.3_39_F.1.1-1-1-1	one_assay_suffix	3m	1	nan	thymocyte	CL:0002420	DN to DP transition (most are Cd8+/ Cd4+, some undergoing VDJ recombination)	facs	3_39_F	723437.0	1620.0	female	Flowthrough	Thymus	nan	21	23
F13-MAA000388-3_11_M-1-1			3	F13.MAA000388.3_11_M.1.1-1-1	3_11_M	GAT	False	1	False	F13.MAA000388.3_11_M.1.1-1-1	young_source_rule	F13.MAA000388.3_11_M.1.1-1-1-1	one_assay_suffix	3m	1	nan	myeloid cell	CL:0000763	nan	facs	3_11_M	206472.0	3977.0	male	Fat	GAT	nan	15	17
F13-MAA000607-3_9_M-1-1			3	F13.MAA000607.3_9_M.1.1-1-1	3_9_M	Thymus	False	1	False	F13.MAA000607.3_9_M.1.1-1-1	young_source_rule	F13.MAA000607.3_9_M.1.1-1-1-1	one_assay_suffix	3m	1	nan	DN4 thymocyte	CL:0000894	DN4 thymocyte	facs	3_9_M	246440.0	1997.0	male	nan	Thymus	nan	4	9
F13-MAA000609-3_8_M-1-1			3	F13.MAA000609.3_8_M.1.1-1-1	3_8_M	Thymus	False	1	False	F13.MAA000609.3_8_M.1.1-1-1	young_source_rule	F13.MAA000609.3_8_M.1.1-1-1-1	one_assay_suffix	3m	1	nan	thymocyte	CL:0002420	DN to DP transition (most are Cd8+/ Cd4+, some undergoing VDJ recombination)	facs	3_8_M	95685.0	1202.0	male	nan	Thymus	nan	21	23
F13-MAA000779-3_11_M-1-1			3	F13.MAA000779.3_11_M.1.1-1-1	3_11_M	Spleen	False	1	False	F13.MAA000779.3_11_M.1.1-1-1	young_source_rule	F13.MAA000779.3_11_M.1.1-1-1-1	one_assay_suffix	3m	1	nan	CD8-positive, alpha-beta T cell	CL:0000084	Cd3e T cell	facs	3_11_M	167042.0	1593.0	male	nan	Spleen	nan	6	5
F13-MAA000880-3_11_M-1-1			3	F13.MAA000880.3_11_M.1.1-1-1	3_11_M	Thymus	False	1	False	F13.MAA000880.3_11_M.1.1-1-1	young_source_rule	F13.MAA000880.3_11_M.1.1-1-1-1	one_assay_suffix	3m	1	nan	DN4 thymocyte	CL:0002420	DN4 thymocyte	facs	3_11_M	568913.0	1345.0	male	nan	Thymus	nan	6	5
F13-MAA000913-3_9_M-1-1			3	F13.MAA000913.3_9_M.1.1-1-1	3_9_M	GAT	False	1	False	F13.MAA000913.3_9_M.1.1-1-1	young_source_rule	F13.MAA000913.3_9_M.1.1-1-1-1	one_assay_suffix	3m	1	nan	NK cell	CL:0000084	nan	facs	3_9_M	638220.0	2402.0	male	Fat	GAT	nan	40	9
F13-MAA000934-3_9_M-1-1			3	F13.MAA000934.3_9_M.1.1-1-1	3_9_M	SCAT	False	1	False	F13.MAA000934.3_9_M.1.1-1-1	young_source_rule	F13.MAA000934.3_9_M.1.1-1-1-1	one_assay_suffix	3m	1	nan	T cell	CL:0000084	nan	facs	3_9_M	161968.0	2056.0	male	Fat	SCAT	nan	6	9
F14-B003291-3_39_F-1-1			3	F14.B003291.3_39_F.1.1-1-1	3_39_F	Thymus	False	1	False	F14.B003291.3_39_F.1.1-1-1	young_source_rule	F14.B003291.3_39_F.1.1-1-1-1	one_assay_suffix	3m	1	nan	thymocyte	CL:0002420	DN to DP transition (most are Cd8+/ Cd4+, some undergoing VDJ recombination)	facs	3_39_F	939938.0	1656.0	female	Flowthrough	Thymus	nan	6	23
F14-MAA000607-3_9_M-1-1			3	F14.MAA000607.3_9_M.1.1-1-1	3_9_M	Thymus	False	1	False	F14.MAA000607.3_9_M.1.1-1-1	young_source_rule	F14.MAA000607.3_9_M.1.1-1-1-1	one_assay_suffix	3m	1	nan	DN4 thymocyte	CL:0002420	DN4 thymocyte	facs	3_9_M	183026.0	2006.0	male	nan	Thymus	nan	6	5
F14-MAA000844-3_10_M-1-1			3	F14.MAA000844.3_10_M.1.1-1-1	3_10_M	Marrow	False	1	False	F14.MAA000844.3_10_M.1.1-1-1	young_source_rule	F14.MAA000844.3_10_M.1.1-1-1-1	one_assay_suffix	3m	1	nan	mature alpha-beta T cell	CL:0002420	BM CD8 + CD4 T cell	facs	3_10_M	591606.0	2326.0	male	T-cells	Marrow	nan	4	9
F14-MAA000934-3_9_M-1-1			3	F14.MAA000934.3_9_M.1.1-1-1	3_9_M	SCAT	False	1	False	F14.MAA000934.3_9_M.1.1-1-1	young_source_rule	F14.MAA000934.3_9_M.1.1-1-1-1	one_assay_suffix	3m	1	nan	T cell	CL:0000084	nan	facs	3_9_M	224453.0	2605.0	male	Fat	SCAT	nan	4	48
F15-B000827-3_38_F-1-1			3	F15.B000827.3_38_F.1.1-1-1	3_38_F	Thymus	False	1	False	F15.B000827.3_38_F.1.1-1-1	young_source_rule	F15.B000827.3_38_F.1.1-1-1-1	one_assay_suffix	3m	1	nan	DN4 thymocyte	CL:0002420	DN4 thymocyte	facs	3_38_F	1858145.0	2177.0	female	Flowthrough	Thymus	nan	6	5
F15-B000971-3_39_F-1-1			3	F15.B000971.3_39_F.1.1-1-1	3_39_F	Spleen	False	1	False	F15.B000971.3_39_F.1.1-1-1	young_source_rule	F15.B000971.3_39_F.1.1-1-1-1	one_assay_suffix	3m	1	nan	CD4-positive, alpha-beta T cell	CL:0000084	Cd3e T cell	facs	3_39_F	1290229.0	1722.0	female	nan	Spleen	nan	6	5
F15-B001717-3_38_F-1-1			3	F15.B001717.3_38_F.1.1-1-1	3_38_F	Kidney	False	1	False	F15.B001717.3_38_F.1.1-1-1	young_source_rule	F15.B001717.3_38_F.1.1-1-1-1	one_assay_suffix	3m	1	nan	T cell	CL:0000738	T cell	facs	3_38_F	809295.0	1207.0	female	nan	Kidney	nan	6	5
F15-B002314-3_56_F-1-1			3	F15.B002314.3_56_F.1.1-1-1	3_56_F	MAT	False	1	False	F15.B002314.3_56_F.1.1-1-1	young_source_rule	F15.B002314.3_56_F.1.1-1-1-1	one_assay_suffix	3m	1	nan	CD4-positive, alpha-beta T cell	CL:0000084	nan	facs	3_56_F	1002983.0	1620.0	female	Fat	MAT	nan	4	21
F15-B003291-3_39_F-1-1			3	F15.B003291.3_39_F.1.1-1-1	3_39_F	Thymus	False	1	False	F15.B003291.3_39_F.1.1-1-1	young_source_rule	F15.B003291.3_39_F.1.1-1-1-1	one_assay_suffix	3m	1	nan	thymocyte	CL:0002420	DN to DP transition (most are Cd8+/ Cd4+, some undergoing VDJ recombination)	facs	3_39_F	1367570.0	1749.0	female	Flowthrough	Thymus	nan	21	23
F15-MAA001884-3_38_F-1-1			3	F15.MAA001884.3_38_F.1.1-1-1	3_38_F	Marrow	False	1	False	F15.MAA001884.3_38_F.1.1-1-1	young_source_rule	F15.MAA001884.3_38_F.1.1-1-1-1	one_assay_suffix	3m	1	nan	mature alpha-beta T cell	CL:0000236	BM CD8 + CD4 T cell	facs	3_38_F	1409314.0	2718.0	female	B-cells	Marrow	nan	4	9
F16-B000827-3_38_F-1-1			3	F16.B000827.3_38_F.1.1-1-1	3_38_F	Thymus	False	1	False	F16.B000827.3_38_F.1.1-1-1	young_source_rule	F16.B000827.3_38_F.1.1-1-1-1	one_assay_suffix	3m	1	nan	DN4 thymocyte	CL:0002420	DN4 thymocyte	facs	3_38_F	592868.0	2419.0	female	Flowthrough	Thymus	nan	6	5
F16-B002314-3_56_F-1-1			3	F16.B002314.3_56_F.1.1-1-1	3_56_F	MAT	False	1	False	F16.B002314.3_56_F.1.1-1-1	young_source_rule	F16.B002314.3_56_F.1.1-1-1-1	one_assay_suffix	3m	1	nan	CD4-positive, alpha-beta T cell	CL:0000084	nan	facs	3_56_F	760635.0	1647.0	female	Fat	MAT	nan	4	21
F16-B003291-3_39_F-1-1	30.0	2.0	3	F16.B003291.3_39_F.1.1-1-1	3_39_F	Thymus	True	1	False	F16.B003291.3_39_F.1.1-1-1	young_source_rule	F16.B003291.3_39_F.1.1-1-1-1	one_assay_suffix	3m	1	nan	thymocyte	CL:0002420	DN to DP transition (most are Cd8+/ Cd4+, some undergoing VDJ recombination)	facs	3_39_F	1876600.0	1414.0	female	Flowthrough	Thymus	nan	21	23
F16-D045140-3_38_F-1-1	38.0	2.0	3	F16.D045140.3_38_F.1.1-1-1	3_38_F	Marrow	True	1	False	F16.D045140.3_38_F.1.1-1-1	young_source_rule		unmatched																
F16-MAA000385-3_10_M-1-1			3	F16.MAA000385.3_10_M.1.1-1-1	3_10_M	SCAT	False	1	False	F16.MAA000385.3_10_M.1.1-1-1	young_source_rule	F16.MAA000385.3_10_M.1.1-1-1-1	one_assay_suffix	3m	1	nan	CD8-positive, alpha-beta T cell	CL:0000084	nan	facs	3_10_M	701849.0	2840.0	male	Fat	SCAT	nan	4	9
F16-MAA000607-3_9_M-1-1			3	F16.MAA000607.3_9_M.1.1-1-1	3_9_M	Thymus	False	1	False	F16.MAA000607.3_9_M.1.1-1-1	young_source_rule	F16.MAA000607.3_9_M.1.1-1-1-1	one_assay_suffix	3m	1	nan	DN4 thymocyte	CL:0002420	DN4 thymocyte	facs	3_9_M	176433.0	1655.0	male	nan	Thymus	nan	6	5
F16-MAA000877-3_11_M-1-1			3	F16.MAA000877.3_11_M.1.1-1-1	3_11_M	MAT	False	1	False	F16.MAA000877.3_11_M.1.1-1-1	young_source_rule	F16.MAA000877.3_11_M.1.1-1-1-1	one_assay_suffix	3m	1	nan	CD8-positive, alpha-beta T cell	CL:0000084	nan	facs	3_11_M	1728893.0	2166.0	male	Fat	MAT	nan	6	9
F16-MAA000880-3_11_M-1-1			3	F16.MAA000880.3_11_M.1.1-1-1	3_11_M	Thymus	False	1	False	F16.MAA000880.3_11_M.1.1-1-1	young_source_rule	F16.MAA000880.3_11_M.1.1-1-1-1	one_assay_suffix	3m	1	nan	thymocyte	CL:0002420	DN to DP transition (most are Cd8+/ Cd4+, some undergoing VDJ recombination)	facs	3_11_M	534765.0	1354.0	male	nan	Thymus	nan	21	23
F17-B000827-3_38_F-1-1			3	F17.B000827.3_38_F.1.1-1-1	3_38_F	Thymus	False	1	False	F17.B000827.3_38_F.1.1-1-1	young_source_rule	F17.B000827.3_38_F.1.1-1-1-1	one_assay_suffix	3m	1	nan	DN4 thymocyte	CL:0002420	DN4 thymocyte	facs	3_38_F	772591.0	2174.0	female	Flowthrough	Thymus	nan	6	5
F17-B003291-3_39_F-1-1			3	F17.B003291.3_39_F.1.1-1-1	3_39_F	Thymus	False	1	False	F17.B003291.3_39_F.1.1-1-1	young_source_rule	F17.B003291.3_39_F.1.1-1-1-1	one_assay_suffix	3m	1	nan	thymocyte	CL:0002420	DN to DP transition (most are Cd8+/ Cd4+, some undergoing VDJ recombination)	facs	3_39_F	924687.0	1500.0	female	Flowthrough	Thymus	nan	21	23
F17-MAA000607-3_9_M-1-1			3	F17.MAA000607.3_9_M.1.1-1-1	3_9_M	Thymus	False	1	False	F17.MAA000607.3_9_M.1.1-1-1	young_source_rule	F17.MAA000607.3_9_M.1.1-1-1-1	one_assay_suffix	3m	1	nan	thymocyte	CL:0002420	DN to DP transition (most are Cd8+/ Cd4+, some undergoing VDJ recombination)	facs	3_9_M	187814.0	2034.0	male	nan	Thymus	nan	21	23
F18-B000827-3_38_F-1-1			3	F18.B000827.3_38_F.1.1-1-1	3_38_F	Thymus	False	1	False	F18.B000827.3_38_F.1.1-1-1	young_source_rule	F18.B000827.3_38_F.1.1-1-1-1	one_assay_suffix	3m	1	nan	DN4 thymocyte	CL:0002420	DN4 thymocyte	facs	3_38_F	359057.0	2307.0	female	Flowthrough	Thymus	nan	6	5
F18-B003275-3_38_F-1-1			3	F18.B003275.3_38_F.1.1-1-1	3_38_F	Brain_Non-Myeloid	False	1	False	F18.B003275.3_38_F.1.1-1-1	young_source_rule	F18.B003275.3_38_F.1.1-1-1-1	one_assay_suffix	3m	1	nan	CD8-positive, alpha-beta T cell	CL:0000128	nan	facs	3_38_F	635356.0	2083.0	female	Hippocampus	Brain_Non-Myeloid	nan	4	9
F18-B003291-3_39_F-1-1			3	F18.B003291.3_39_F.1.1-1-1	3_39_F	Thymus	False	1	False	F18.B003291.3_39_F.1.1-1-1	young_source_rule	F18.B003291.3_39_F.1.1-1-1-1	one_assay_suffix	3m	1	nan	thymocyte	CL:0002420	DN to DP transition (most are Cd8+/ Cd4+, some undergoing VDJ recombination)	facs	3_39_F	1307241.0	1237.0	female	Flowthrough	Thymus	nan	21	23
F18-MAA000607-3_9_M-1-1			3	F18.MAA000607.3_9_M.1.1-1-1	3_9_M	Thymus	False	1	False	F18.MAA000607.3_9_M.1.1-1-1	young_source_rule	F18.MAA000607.3_9_M.1.1-1-1-1	one_assay_suffix	3m	1	nan	thymocyte	CL:0002420	DN to DP transition (most are Cd8+/ Cd4+, some undergoing VDJ recombination)	facs	3_9_M	119260.0	1255.0	male	nan	Thymus	nan	21	23
F18-MAA000880-3_11_M-1-1			3	F18.MAA000880.3_11_M.1.1-1-1	3_11_M	Thymus	False	1	False	F18.MAA000880.3_11_M.1.1-1-1	young_source_rule	F18.MAA000880.3_11_M.1.1-1-1-1	one_assay_suffix	3m	1	nan	thymocyte	CL:0002420	proliferating thymocyte; DN to DP transition, dividing (some are Cd8+/ Cd4+, some undergoing VDJ recombination)	facs	3_11_M	942735.0	2588.0	male	nan	Thymus	nan	21	23
F19-B000827-3_38_F-1-1			3	F19.B000827.3_38_F.1.1-1-1	3_38_F	Thymus	False	1	False	F19.B000827.3_38_F.1.1-1-1	young_source_rule	F19.B000827.3_38_F.1.1-1-1-1	one_assay_suffix	3m	1	nan	DN4 thymocyte	CL:0002420	DN4 thymocyte	facs	3_38_F	516832.0	1783.0	female	Flowthrough	Thymus	nan	6	5
F19-B001750-3_38_F-1-1			3	F19.B001750.3_38_F.1.1-1-1	3_38_F	Spleen	False	1	False	F19.B001750.3_38_F.1.1-1-1	young_source_rule	F19.B001750.3_38_F.1.1-1-1-1	one_assay_suffix	3m	1	nan	CD8-positive, alpha-beta T cell	CL:0000084	Cd3e T cell	facs	3_38_F	349899.0	2016.0	female	nan	Spleen	nan	6	5
F19-B003291-3_39_F-1-1			3	F19.B003291.3_39_F.1.1-1-1	3_39_F	Thymus	False	1	False	F19.B003291.3_39_F.1.1-1-1	young_source_rule	F19.B003291.3_39_F.1.1-1-1-1	one_assay_suffix	3m	1	nan	thymocyte	CL:0002420	DN to DP transition (most are Cd8+/ Cd4+, some undergoing VDJ recombination)	facs	3_39_F	2099271.0	1236.0	female	Flowthrough	Thymus	nan	21	23
F19-MAA000607-3_9_M-1-1			3	F19.MAA000607.3_9_M.1.1-1-1	3_9_M	Thymus	False	1	False	F19.MAA000607.3_9_M.1.1-1-1	young_source_rule	F19.MAA000607.3_9_M.1.1-1-1-1	one_assay_suffix	3m	1	nan	DN4 thymocyte	CL:0002420	DN4 thymocyte	facs	3_9_M	234060.0	1896.0	male	nan	Thymus	nan	6	5
F19-MAA000880-3_11_M-1-1			3	F19.MAA000880.3_11_M.1.1-1-1	3_11_M	Thymus	False	1	False	F19.MAA000880.3_11_M.1.1-1-1	young_source_rule	F19.MAA000880.3_11_M.1.1-1-1-1	one_assay_suffix	3m	1	nan	DN4 thymocyte	CL:0002420	DN4 thymocyte	facs	3_11_M	1086914.0	1501.0	male	nan	Thymus	nan	6	5
F2-B000827-3_38_F-1-1			3	F2.B000827.3_38_F.1.1-1-1	3_38_F	Thymus	False	1	False	F2.B000827.3_38_F.1.1-1-1	young_source_rule	F2.B000827.3_38_F.1.1-1-1-1	one_assay_suffix	3m	1	nan	DN4 thymocyte	CL:0002420	DN4 thymocyte	facs	3_38_F	601046.0	1810.0	female	Flowthrough	Thymus	nan	6	5
F2-B000971-3_39_F-1-1			3	F2.B000971.3_39_F.1.1-1-1	3_39_F	Spleen	False	1	False	F2.B000971.3_39_F.1.1-1-1	young_source_rule	F2.B000971.3_39_F.1.1-1-1-1	one_assay_suffix	3m	1	nan	CD8-positive, alpha-beta T cell	CL:0000084	nan	facs	3_39_F	717110.0	1913.0	female	nan	Spleen	nan	4	9
F2-B003291-3_39_F-1-1			3	F2.B003291.3_39_F.1.1-1-1	3_39_F	Thymus	False	1	False	F2.B003291.3_39_F.1.1-1-1	young_source_rule	F2.B003291.3_39_F.1.1-1-1-1	one_assay_suffix	3m	1	nan	thymocyte	CL:0002420	DN to DP transition (most are Cd8+/ Cd4+, some undergoing VDJ recombination)	facs	3_39_F	703551.0	1663.0	female	Flowthrough	Thymus	nan	21	23
F2-MAA000607-3_9_M-1-1			3	F2.MAA000607.3_9_M.1.1-1-1	3_9_M	Thymus	False	1	False	F2.MAA000607.3_9_M.1.1-1-1	young_source_rule	F2.MAA000607.3_9_M.1.1-1-1-1	one_assay_suffix	3m	1	nan	DN4 thymocyte	CL:0002420	DN4 thymocyte	facs	3_9_M	342669.0	2673.0	male	nan	Thymus	nan	6	5
F2-MAA000779-3_11_M-1-1			3	F2.MAA000779.3_11_M.1.1-1-1	3_11_M	Spleen	False	1	False	F2.MAA000779.3_11_M.1.1-1-1	young_source_rule	F2.MAA000779.3_11_M.1.1-1-1-1	one_assay_suffix	3m	1	nan	CD8-positive, alpha-beta T cell	CL:0000084	Cd3e T cell	facs	3_11_M	242280.0	1560.0	male	nan	Spleen	nan	6	5
F20-B000827-3_38_F-1-1			3	F20.B000827.3_38_F.1.1-1-1	3_38_F	Thymus	False	1	False	F20.B000827.3_38_F.1.1-1-1	young_source_rule	F20.B000827.3_38_F.1.1-1-1-1	one_assay_suffix	3m	1	nan	DN4 thymocyte	CL:0002420	DN4 thymocyte	facs	3_38_F	578910.0	2019.0	female	Flowthrough	Thymus	nan	6	5
F20-B003291-3_39_F-1-1			3	F20.B003291.3_39_F.1.1-1-1	3_39_F	Thymus	False	1	False	F20.B003291.3_39_F.1.1-1-1	young_source_rule	F20.B003291.3_39_F.1.1-1-1-1	one_assay_suffix	3m	1	nan	thymocyte	CL:0002420	DN to DP transition (most are Cd8+/ Cd4+, some undergoing VDJ recombination)	facs	3_39_F	2148431.0	1133.0	female	Flowthrough	Thymus	nan	21	23
F20-MAA000607-3_9_M-1-1			3	F20.MAA000607.3_9_M.1.1-1-1	3_9_M	Thymus	False	1	False	F20.MAA000607.3_9_M.1.1-1-1	young_source_rule	F20.MAA000607.3_9_M.1.1-1-1-1	one_assay_suffix	3m	1	nan	thymocyte	CL:0002420	DN to DP transition (most are Cd8+/ Cd4+, some undergoing VDJ recombination)	facs	3_9_M	174203.0	1406.0	male	nan	Thymus	nan	21	23
F20-MAA000880-3_11_M-1-1			3	F20.MAA000880.3_11_M.1.1-1-1	3_11_M	Thymus	False	1	False	F20.MAA000880.3_11_M.1.1-1-1	young_source_rule	F20.MAA000880.3_11_M.1.1-1-1-1	one_assay_suffix	3m	1	nan	DN4 thymocyte	CL:0002420	DN4 thymocyte	facs	3_11_M	865056.0	1406.0	male	nan	Thymus	nan	6	5
F21-B000827-3_38_F-1-1			3	F21.B000827.3_38_F.1.1-1-1	3_38_F	Thymus	False	1	False	F21.B000827.3_38_F.1.1-1-1	young_source_rule	F21.B000827.3_38_F.1.1-1-1-1	one_assay_suffix	3m	1	nan	DN4 thymocyte	CL:0002420	DN4 thymocyte	facs	3_38_F	964305.0	2166.0	female	Flowthrough	Thymus	nan	6	5
F21-B003291-3_39_F-1-1			3	F21.B003291.3_39_F.1.1-1-1	3_39_F	Thymus	False	1	False	F21.B003291.3_39_F.1.1-1-1	young_source_rule	F21.B003291.3_39_F.1.1-1-1-1	one_assay_suffix	3m	1	nan	thymocyte	CL:0002420	DN to DP transition (most are Cd8+/ Cd4+, some undergoing VDJ recombination)	facs	3_39_F	1419033.0	945.0	female	Flowthrough	Thymus	nan	21	23
F21-MAA000508-3_9_M-1-1			3	F21.MAA000508.3_9_M.1.1-1-1	3_9_M	Spleen	False	1	False	F21.MAA000508.3_9_M.1.1-1-1	young_source_rule	F21.MAA000508.3_9_M.1.1-1-1-1	one_assay_suffix	3m	1	nan	CD8-positive, alpha-beta T cell	CL:0000084	Cd3e T cell	facs	3_9_M	253966.0	2218.0	male	nan	Spleen	nan	6	5
F21-MAA000530-3_8_M-1-1			3	F21.MAA000530.3_8_M.1.1-1-1	3_8_M	Lung	False	1	False	F21.MAA000530.3_8_M.1.1-1-1	young_source_rule	F21.MAA000530.3_8_M.1.1-1-1-1	one_assay_suffix	3m	1	nan	CD4-positive, alpha-beta T cell	CL:0000084	CD4+ T	facs	3_8_M	850317.0	2019.0	male	nan	Lung	nan	4	21
F21-MAA000607-3_9_M-1-1			3	F21.MAA000607.3_9_M.1.1-1-1	3_9_M	Thymus	False	1	False	F21.MAA000607.3_9_M.1.1-1-1	young_source_rule	F21.MAA000607.3_9_M.1.1-1-1-1	one_assay_suffix	3m	1	nan	thymocyte	CL:0002420	DN to DP transition (most are Cd8+/ Cd4+, some undergoing VDJ recombination)	facs	3_9_M	130053.0	1511.0	male	nan	Thymus	nan	21	23
F21-MAA000880-3_11_M-1-1			3	F21.MAA000880.3_11_M.1.1-1-1	3_11_M	Thymus	False	1	False	F21.MAA000880.3_11_M.1.1-1-1	young_source_rule	F21.MAA000880.3_11_M.1.1-1-1-1	one_assay_suffix	3m	1	nan	DN4 thymocyte	CL:0002420	DN4 thymocyte	facs	3_11_M	488916.0	1495.0	male	nan	Thymus	nan	6	5
F21-MAA000891-3_10_M-1-1			3	F21.MAA000891.3_10_M.1.1-1-1	3_10_M	Lung	False	1	False	F21.MAA000891.3_10_M.1.1-1-1	young_source_rule	F21.MAA000891.3_10_M.1.1-1-1-1	one_assay_suffix	3m	1	nan	NK cell	CL:0000623	Natural Killer	facs	3_10_M	1523611.0	2868.0	male	nan	Lung	nan	40	47
F21-MAA000907-3_11_M-1-1			3	F21.MAA000907.3_11_M.1.1-1-1	3_11_M	Liver	False	1	False	F21.MAA000907.3_11_M.1.1-1-1	young_source_rule	F21.MAA000907.3_11_M.1.1-1-1-1	one_assay_suffix	3m	1	nan	T cell	CL:0000623	nan	facs	3_11_M	311365.0	1782.0	male	Non-hepatocytes	Liver	nan	6	5
F22-B003291-3_39_F-1-1			3	F22.B003291.3_39_F.1.1-1-1	3_39_F	Thymus	False	1	False	F22.B003291.3_39_F.1.1-1-1	young_source_rule	F22.B003291.3_39_F.1.1-1-1-1	one_assay_suffix	3m	1	nan	thymocyte	CL:0002420	DN to DP transition (most are Cd8+/ Cd4+, some undergoing VDJ recombination)	facs	3_39_F	1701672.0	1043.0	female	Flowthrough	Thymus	nan	21	23
F22-MAA000607-3_9_M-1-1			3	F22.MAA000607.3_9_M.1.1-1-1	3_9_M	Thymus	False	1	False	F22.MAA000607.3_9_M.1.1-1-1	young_source_rule	F22.MAA000607.3_9_M.1.1-1-1-1	one_assay_suffix	3m	1	nan	DN4 thymocyte	CL:0002420	DN4 thymocyte	facs	3_9_M	110547.0	1434.0	male	nan	Thymus	nan	21	23
F22-MAA000609-3_8_M-1-1			3	F22.MAA000609.3_8_M.1.1-1-1	3_8_M	Thymus	False	1	False	F22.MAA000609.3_8_M.1.1-1-1	young_source_rule	F22.MAA000609.3_8_M.1.1-1-1-1	one_assay_suffix	3m	1	nan	thymocyte	CL:0002420	DN to DP transition (most are Cd8+/ Cd4+, some undergoing VDJ recombination)	facs	3_8_M	425259.0	2537.0	male	nan	Thymus	nan	21	23
F22-MAA000880-3_11_M-1-1			3	F22.MAA000880.3_11_M.1.1-1-1	3_11_M	Thymus	False	1	False	F22.MAA000880.3_11_M.1.1-1-1	young_source_rule	F22.MAA000880.3_11_M.1.1-1-1-1	one_assay_suffix	3m	1	nan	DN4 thymocyte	CL:0002420	DN4 thymocyte	facs	3_11_M	710603.0	1694.0	male	nan	Thymus	nan	6	5
F3-B000827-3_38_F-1-1			3	F3.B000827.3_38_F.1.1-1-1	3_38_F	Thymus	False	1	False	F3.B000827.3_38_F.1.1-1-1	young_source_rule	F3.B000827.3_38_F.1.1-1-1-1	one_assay_suffix	3m	1	nan	DN4 thymocyte	CL:0002420	DN4 thymocyte	facs	3_38_F	655548.0	1984.0	female	Flowthrough	Thymus	nan	6	5
F3-B003291-3_39_F-1-1			3	F3.B003291.3_39_F.1.1-1-1	3_39_F	Thymus	False	1	False	F3.B003291.3_39_F.1.1-1-1	young_source_rule	F3.B003291.3_39_F.1.1-1-1-1	one_assay_suffix	3m	1	nan	DN4 thymocyte	CL:0002420	DN4 thymocyte	facs	3_39_F	2350007.0	2579.0	female	Flowthrough	Thymus	nan	6	5
F3-MAA000607-3_9_M-1-1			3	F3.MAA000607.3_9_M.1.1-1-1	3_9_M	Thymus	False	1	False	F3.MAA000607.3_9_M.1.1-1-1	young_source_rule	F3.MAA000607.3_9_M.1.1-1-1-1	one_assay_suffix	3m	1	nan	DN4 thymocyte	CL:0002420	DN4 thymocyte	facs	3_9_M	318048.0	2370.0	male	nan	Thymus	nan	6	5
F4-B000827-3_38_F-1-1			3	F4.B000827.3_38_F.1.1-1-1	3_38_F	Thymus	False	1	False	F4.B000827.3_38_F.1.1-1-1	young_source_rule	F4.B000827.3_38_F.1.1-1-1-1	one_assay_suffix	3m	1	nan	DN4 thymocyte	CL:0002420	DN4 thymocyte	facs	3_38_F	540894.0	1814.0	female	Flowthrough	Thymus	nan	6	5
F4-B000971-3_39_F-1-1			3	F4.B000971.3_39_F.1.1-1-1	3_39_F	Spleen	False	1	False	F4.B000971.3_39_F.1.1-1-1	young_source_rule	F4.B000971.3_39_F.1.1-1-1-1	one_assay_suffix	3m	1	nan	CD4-positive, alpha-beta T cell	CL:0000084	Cd3e T cell	facs	3_39_F	2161995.0	2268.0	female	nan	Spleen	nan	4	21
F4-B003291-3_39_F-1-1			3	F4.B003291.3_39_F.1.1-1-1	3_39_F	Thymus	False	1	False	F4.B003291.3_39_F.1.1-1-1	young_source_rule	F4.B003291.3_39_F.1.1-1-1-1	one_assay_suffix	3m	1	nan	thymocyte	CL:0002420	DN to DP transition (most are Cd8+/ Cd4+, some undergoing VDJ recombination)	facs	3_39_F	1653474.0	1610.0	female	Flowthrough	Thymus	nan	21	23
F4-MAA000607-3_9_M-1-1			3	F4.MAA000607.3_9_M.1.1-1-1	3_9_M	Thymus	False	1	False	F4.MAA000607.3_9_M.1.1-1-1	young_source_rule	F4.MAA000607.3_9_M.1.1-1-1-1	one_assay_suffix	3m	1	nan	DN4 thymocyte	CL:0002420	DN4 thymocyte	facs	3_9_M	270627.0	1994.0	male	nan	Thymus	nan	6	5
F5-B000827-3_38_F-1-1			3	F5.B000827.3_38_F.1.1-1-1	3_38_F	Thymus	False	1	False	F5.B000827.3_38_F.1.1-1-1	young_source_rule	F5.B000827.3_38_F.1.1-1-1-1	one_assay_suffix	3m	1	nan	DN4 thymocyte	CL:0002420	DN4 thymocyte	facs	3_38_F	641802.0	1993.0	female	Flowthrough	Thymus	nan	6	5
F5-MAA000607-3_9_M-1-1			3	F5.MAA000607.3_9_M.1.1-1-1	3_9_M	Thymus	False	1	False	F5.MAA000607.3_9_M.1.1-1-1	young_source_rule	F5.MAA000607.3_9_M.1.1-1-1-1	one_assay_suffix	3m	1	nan	DN4 thymocyte	CL:0002420	DN4 thymocyte	facs	3_9_M	321674.0	2192.0	male	nan	Thymus	nan	6	5
F6-B000827-3_38_F-1-1			3	F6.B000827.3_38_F.1.1-1-1	3_38_F	Thymus	False	1	False	F6.B000827.3_38_F.1.1-1-1	young_source_rule	F6.B000827.3_38_F.1.1-1-1-1	one_assay_suffix	3m	1	nan	DN4 thymocyte	CL:0002420	DN4 thymocyte	facs	3_38_F	1122174.0	2713.0	female	Flowthrough	Thymus	nan	6	5
F6-B003291-3_39_F-1-1			3	F6.B003291.3_39_F.1.1-1-1	3_39_F	Thymus	False	1	False	F6.B003291.3_39_F.1.1-1-1	young_source_rule	F6.B003291.3_39_F.1.1-1-1-1	one_assay_suffix	3m	1	nan	thymocyte	CL:0002420	DN to DP transition (most are Cd8+/ Cd4+, some undergoing VDJ recombination)	facs	3_39_F	1341989.0	1865.0	female	Flowthrough	Thymus	nan	21	23
F6-MAA000607-3_9_M-1-1			3	F6.MAA000607.3_9_M.1.1-1-1	3_9_M	Thymus	False	1	False	F6.MAA000607.3_9_M.1.1-1-1	young_source_rule	F6.MAA000607.3_9_M.1.1-1-1-1	one_assay_suffix	3m	1	nan	thymocyte	CL:0002420	DN to DP transition (most are Cd8+/ Cd4+, some undergoing VDJ recombination)	facs	3_9_M	135235.0	1311.0	male	nan	Thymus	nan	21	23
F7-B000827-3_38_F-1-1			3	F7.B000827.3_38_F.1.1-1-1	3_38_F	Thymus	False	1	False	F7.B000827.3_38_F.1.1-1-1	young_source_rule	F7.B000827.3_38_F.1.1-1-1-1	one_assay_suffix	3m	1	nan	DN4 thymocyte	CL:0002420	DN4 thymocyte	facs	3_38_F	803326.0	1879.0	female	Flowthrough	Thymus	nan	6	5
F7-MAA000607-3_9_M-1-1			3	F7.MAA000607.3_9_M.1.1-1-1	3_9_M	Thymus	False	1	False	F7.MAA000607.3_9_M.1.1-1-1	young_source_rule	F7.MAA000607.3_9_M.1.1-1-1-1	one_assay_suffix	3m	1	nan	thymocyte	CL:0002420	DN to DP transition (most are Cd8+/ Cd4+, some undergoing VDJ recombination)	facs	3_9_M	260623.0	2103.0	male	nan	Thymus	nan	21	23
F7-MAA000609-3_8_M-1-1			3	F7.MAA000609.3_8_M.1.1-1-1	3_8_M	Thymus	False	1	False	F7.MAA000609.3_8_M.1.1-1-1	young_source_rule	F7.MAA000609.3_8_M.1.1-1-1-1	one_assay_suffix	3m	1	nan	DN4 thymocyte	CL:0002420	DN4 thymocyte	facs	3_8_M	1213552.0	2501.0	male	nan	Thymus	nan	6	5
F8-B000827-3_38_F-1-1			3	F8.B000827.3_38_F.1.1-1-1	3_38_F	Thymus	False	1	False	F8.B000827.3_38_F.1.1-1-1	young_source_rule	F8.B000827.3_38_F.1.1-1-1-1	one_assay_suffix	3m	1	nan	DN4 thymocyte	CL:0002420	DN4 thymocyte	facs	3_38_F	416178.0	1897.0	female	Flowthrough	Thymus	nan	6	5
F8-B003291-3_39_F-1-1			3	F8.B003291.3_39_F.1.1-1-1	3_39_F	Thymus	False	1	False	F8.B003291.3_39_F.1.1-1-1	young_source_rule	F8.B003291.3_39_F.1.1-1-1-1	one_assay_suffix	3m	1	nan	thymocyte	CL:0002420	DN to DP transition (most are Cd8+/ Cd4+, some undergoing VDJ recombination)	facs	3_39_F	798456.0	1291.0	female	Flowthrough	Thymus	nan	21	23
F8-MAA000442-3_11_M-1-1			3	F8.MAA000442.3_11_M.1.1-1-1	3_11_M	BAT	False	1	False	F8.MAA000442.3_11_M.1.1-1-1	young_source_rule	F8.MAA000442.3_11_M.1.1-1-1-1	one_assay_suffix	3m	1	nan	T cell	CL:0000084	nan	facs	3_11_M	791189.0	2108.0	male	Fat	BAT	nan	4	5
F8-MAA000556-3_9_M-1-1			3	F8.MAA000556.3_9_M.1.1-1-1	3_9_M	BAT	False	1	False	F8.MAA000556.3_9_M.1.1-1-1	young_source_rule	F8.MAA000556.3_9_M.1.1-1-1-1	one_assay_suffix	3m	1	nan	T cell	CL:0000084	nan	facs	3_9_M	626361.0	2430.0	male	Fat	BAT	nan	6	5
F8-MAA000607-3_9_M-1-1			3	F8.MAA000607.3_9_M.1.1-1-1	3_9_M	Thymus	False	1	False	F8.MAA000607.3_9_M.1.1-1-1	young_source_rule	F8.MAA000607.3_9_M.1.1-1-1-1	one_assay_suffix	3m	1	nan	thymocyte	CL:0002420	DN to DP transition (most are Cd8+/ Cd4+, some undergoing VDJ recombination)	facs	3_9_M	154580.0	1343.0	male	nan	Thymus	nan	21	23
F9-B003291-3_39_F-1-1			3	F9.B003291.3_39_F.1.1-1-1	3_39_F	Thymus	False	1	False	F9.B003291.3_39_F.1.1-1-1	young_source_rule	F9.B003291.3_39_F.1.1-1-1-1	one_assay_suffix	3m	1	nan	thymocyte	CL:0002420	DN to DP transition (most are Cd8+/ Cd4+, some undergoing VDJ recombination)	facs	3_39_F	446794.0	1331.0	female	Flowthrough	Thymus	nan	21	23
F9-D045067-3_38_F-1-1			3	F9.D045067.3_38_F.1.1-1-1	3_38_F	GAT	False	1	False	F9.D045067.3_38_F.1.1-1-1	young_source_rule	F9.D045067.3_38_F.1.1-1-1-1	one_assay_suffix	3m	1	nan	CD4-positive, alpha-beta T cell	CL:0000084	nan	facs	3_38_F	727490.0	1381.0	female	Fat	GAT	nan	6	5
F9-MAA000385-3_10_M-1-1			3	F9.MAA000385.3_10_M.1.1-1-1	3_10_M	SCAT	False	1	False	F9.MAA000385.3_10_M.1.1-1-1	young_source_rule	F9.MAA000385.3_10_M.1.1-1-1-1	one_assay_suffix	3m	1	nan	T cell	CL:0000084	nan	facs	3_10_M	794939.0	2746.0	male	Fat	SCAT	nan	6	5
F9-MAA000607-3_9_M-1-1			3	F9.MAA000607.3_9_M.1.1-1-1	3_9_M	Thymus	False	1	False	F9.MAA000607.3_9_M.1.1-1-1	young_source_rule	F9.MAA000607.3_9_M.1.1-1-1-1	one_assay_suffix	3m	1	nan	DN4 thymocyte	CL:0002420	DN4 thymocyte	facs	3_9_M	213972.0	2022.0	male	nan	Thymus	nan	6	5
F9-MAA000609-3_8_M-1-1			3	F9.MAA000609.3_8_M.1.1-1-1	3_8_M	Thymus	False	1	False	F9.MAA000609.3_8_M.1.1-1-1	young_source_rule	F9.MAA000609.3_8_M.1.1-1-1-1	one_assay_suffix	3m	1	nan	thymocyte	CL:0002420	DN to DP transition (most are Cd8+/ Cd4+, some undergoing VDJ recombination)	facs	3_8_M	55379.0	973.0	male	nan	Thymus	nan	21	23
F9-MAA000877-3_11_M-1-1			3	F9.MAA000877.3_11_M.1.1-1-1	3_11_M	MAT	False	1	False	F9.MAA000877.3_11_M.1.1-1-1	young_source_rule	F9.MAA000877.3_11_M.1.1-1-1-1	one_assay_suffix	3m	1	nan	CD8-positive, alpha-beta T cell	CL:0000084	nan	facs	3_11_M	617992.0	1609.0	male	Fat	MAT	nan	4	9
F9-MAA000880-3_11_M-1-1			3	F9.MAA000880.3_11_M.1.1-1-1	3_11_M	Thymus	False	1	False	F9.MAA000880.3_11_M.1.1-1-1	young_source_rule	F9.MAA000880.3_11_M.1.1-1-1-1	one_assay_suffix	3m	1	nan	DN4 thymocyte	CL:0002420	DN4 thymocyte	facs	3_11_M	405902.0	1100.0	male	nan	Thymus	nan	6	5
F9-MAA001865-3_38_F-1-1			3	F9.MAA001865.3_38_F.1.1-1-1	3_38_F	Trachea	False	1	False	F9.MAA001865.3_38_F.1.1-1-1	young_source_rule	F9.MAA001865.3_38_F.1.1-1-1-1	one_assay_suffix	3m	1	nan	T cell	CL:0000081	nan	facs	3_38_F	777644.0	3955.0	female	nan	Trachea	nan	21	23
G1-B000827-3_38_F-1-1	43.0	2.0	3	G1.B000827.3_38_F.1.1-1-1	3_38_F	Thymus	True	1	False	G1.B000827.3_38_F.1.1-1-1	young_source_rule	G1.B000827.3_38_F.1.1-1-1-1	one_assay_suffix	3m	1	nan	DN4 thymocyte	CL:0002420	DN4 thymocyte	facs	3_38_F	1583901.0	1940.0	female	Flowthrough	Thymus	nan	6	5
G1-B003291-3_39_F-1-1			3	G1.B003291.3_39_F.1.1-1-1	3_39_F	Thymus	False	1	False	G1.B003291.3_39_F.1.1-1-1	young_source_rule	G1.B003291.3_39_F.1.1-1-1-1	one_assay_suffix	3m	1	nan	thymocyte	CL:0002420	DN to DP transition (most are Cd8+/ Cd4+, some undergoing VDJ recombination)	facs	3_39_F	1590010.0	1933.0	female	Flowthrough	Thymus	nan	21	23
G1-MAA000607-3_9_M-1-1			3	G1.MAA000607.3_9_M.1.1-1-1	3_9_M	Thymus	False	1	False	G1.MAA000607.3_9_M.1.1-1-1	young_source_rule	G1.MAA000607.3_9_M.1.1-1-1-1	one_assay_suffix	3m	1	nan	thymocyte	CL:0002420	DN to DP transition (most are Cd8+/ Cd4+, some undergoing VDJ recombination)	facs	3_9_M	294162.0	1912.0	male	nan	Thymus	nan	6	23
G10-B000827-3_38_F-1-1			3	G10.B000827.3_38_F.1.1-1-1	3_38_F	Thymus	False	1	False	G10.B000827.3_38_F.1.1-1-1	young_source_rule	G10.B000827.3_38_F.1.1-1-1-1	one_assay_suffix	3m	1	nan	DN4 thymocyte	CL:0002420	DN4 thymocyte	facs	3_38_F	493097.0	1549.0	female	Flowthrough	Thymus	nan	6	5
G10-B001960-3_56_F-1-1			3	G10.B001960.3_56_F.1.1-1-1	3_56_F	BAT	False	1	False	G10.B001960.3_56_F.1.1-1-1	young_source_rule	G10.B001960.3_56_F.1.1-1-1-1	one_assay_suffix	3m	1	nan	NK cell	CL:0000084	nan	facs	3_56_F	3150442.0	2073.0	female	Fat	BAT	nan	4	9
G10-B002314-3_56_F-1-1			3	G10.B002314.3_56_F.1.1-1-1	3_56_F	MAT	False	1	False	G10.B002314.3_56_F.1.1-1-1	young_source_rule	G10.B002314.3_56_F.1.1-1-1-1	one_assay_suffix	3m	1	nan	CD8-positive, alpha-beta T cell	CL:0000084	nan	facs	3_56_F	2001280.0	2760.0	female	Fat	MAT	nan	4	9
G10-B003291-3_39_F-1-1			3	G10.B003291.3_39_F.1.1-1-1	3_39_F	Thymus	False	1	False	G10.B003291.3_39_F.1.1-1-1	young_source_rule	G10.B003291.3_39_F.1.1-1-1-1	one_assay_suffix	3m	1	nan	thymocyte	CL:0002420	DN to DP transition (most are Cd8+/ Cd4+, some undergoing VDJ recombination)	facs	3_39_F	1283442.0	1778.0	female	Flowthrough	Thymus	nan	21	23
G10-MAA000556-3_9_M-1-1			3	G10.MAA000556.3_9_M.1.1-1-1	3_9_M	BAT	False	1	False	G10.MAA000556.3_9_M.1.1-1-1	young_source_rule	G10.MAA000556.3_9_M.1.1-1-1-1	one_assay_suffix	3m	1	nan	T cell	CL:0000084	nan	facs	3_9_M	547052.0	2672.0	male	Fat	BAT	nan	6	5
G10-MAA000607-3_9_M-1-1			3	G10.MAA000607.3_9_M.1.1-1-1	3_9_M	Thymus	False	1	False	G10.MAA000607.3_9_M.1.1-1-1	young_source_rule	G10.MAA000607.3_9_M.1.1-1-1-1	one_assay_suffix	3m	1	nan	thymocyte	CL:0002420	proliferating thymocyte; DN to DP transition, dividing (some are Cd8+/ Cd4+, some undergoing VDJ recombination)	facs	3_9_M	581138.0	3143.0	male	nan	Thymus	nan	21	23
G10-MAA000877-3_11_M-1-1			3	G10.MAA000877.3_11_M.1.1-1-1	3_11_M	MAT	False	1	False	G10.MAA000877.3_11_M.1.1-1-1	young_source_rule	G10.MAA000877.3_11_M.1.1-1-1-1	one_assay_suffix	3m	1	nan	CD4-positive, alpha-beta T cell	CL:0000084	nan	facs	3_11_M	1127149.0	3261.0	male	Fat	MAT	nan	4	21
G10-MAA000880-3_11_M-1-1			3	G10.MAA000880.3_11_M.1.1-1-1	3_11_M	Thymus	False	1	False	G10.MAA000880.3_11_M.1.1-1-1	young_source_rule	G10.MAA000880.3_11_M.1.1-1-1-1	one_assay_suffix	3m	1	nan	DN4 thymocyte	CL:0002420	DN4 thymocyte	facs	3_11_M	529886.0	1123.0	male	nan	Thymus	nan	6	5
G10-MAA000934-3_9_M-1-1			3	G10.MAA000934.3_9_M.1.1-1-1	3_9_M	SCAT	False	1	False	G10.MAA000934.3_9_M.1.1-1-1	young_source_rule	G10.MAA000934.3_9_M.1.1-1-1-1	one_assay_suffix	3m	1	nan	T cell	CL:0000084	nan	facs	3_9_M	125054.0	1826.0	male	Fat	SCAT	nan	4	21
G11-B000827-3_38_F-1-1			3	G11.B000827.3_38_F.1.1-1-1	3_38_F	Thymus	False	1	False	G11.B000827.3_38_F.1.1-1-1	young_source_rule	G11.B000827.3_38_F.1.1-1-1-1	one_assay_suffix	3m	1	nan	DN4 thymocyte	CL:0002420	DN4 thymocyte	facs	3_38_F	505661.0	2084.0	female	Flowthrough	Thymus	nan	6	5
G11-B001216-3_38_F-1-1			3	G11.B001216.3_38_F.1.1-1-1	3_38_F	BAT	False	1	False	G11.B001216.3_38_F.1.1-1-1	young_source_rule	G11.B001216.3_38_F.1.1-1-1-1	one_assay_suffix	3m	1	nan	T cell	CL:0000084	nan	facs	3_38_F	738649.0	1328.0	female	Fat	BAT	nan	4	5
G11-B003291-3_39_F-1-1			3	G11.B003291.3_39_F.1.1-1-1	3_39_F	Thymus	False	1	False	G11.B003291.3_39_F.1.1-1-1	young_source_rule	G11.B003291.3_39_F.1.1-1-1-1	one_assay_suffix	3m	1	nan	thymocyte	CL:0002420	DN to DP transition (most are Cd8+/ Cd4+, some undergoing VDJ recombination)	facs	3_39_F	950835.0	1548.0	female	Flowthrough	Thymus	nan	21	23
G11-D045064-3_38_F-1-1			3	G11.D045064.3_38_F.1.1-1-1	3_38_F	MAT	False	1	False	G11.D045064.3_38_F.1.1-1-1	young_source_rule	G11.D045064.3_38_F.1.1-1-1-1	one_assay_suffix	3m	1	nan	CD4-positive, alpha-beta T cell	CL:0000084	nan	facs	3_38_F	757007.0	1238.0	female	Fat	MAT	nan	4	5
G11-MAA000607-3_9_M-1-1			3	G11.MAA000607.3_9_M.1.1-1-1	3_9_M	Thymus	False	1	False	G11.MAA000607.3_9_M.1.1-1-1	young_source_rule	G11.MAA000607.3_9_M.1.1-1-1-1	one_assay_suffix	3m	1	nan	thymocyte	CL:0002420	DN to DP transition (most are Cd8+/ Cd4+, some undergoing VDJ recombination)	facs	3_9_M	127120.0	1288.0	male	nan	Thymus	nan	21	23
G12-B000827-3_38_F-1-1			3	G12.B000827.3_38_F.1.1-1-1	3_38_F	Thymus	False	1	False	G12.B000827.3_38_F.1.1-1-1	young_source_rule	G12.B000827.3_38_F.1.1-1-1-1	one_assay_suffix	3m	1	nan	DN4 thymocyte	CL:0002420	DN4 thymocyte	facs	3_38_F	567671.0	1905.0	female	Flowthrough	Thymus	nan	6	5
G12-B000971-3_39_F-1-1			3	G12.B000971.3_39_F.1.1-1-1	3_39_F	Spleen	False	1	False	G12.B000971.3_39_F.1.1-1-1	young_source_rule	G12.B000971.3_39_F.1.1-1-1-1	one_assay_suffix	3m	1	nan	CD4-positive, alpha-beta T cell	CL:0000084	Cd3e T cell	facs	3_39_F	1506947.0	2045.0	female	nan	Spleen	nan	6	5
G12-B002314-3_56_F-1-1			3	G12.B002314.3_56_F.1.1-1-1	3_56_F	MAT	False	1	False	G12.B002314.3_56_F.1.1-1-1	young_source_rule	G12.B002314.3_56_F.1.1-1-1-1	one_assay_suffix	3m	1	nan	CD4-positive, alpha-beta T cell	CL:0000084	nan	facs	3_56_F	1219755.0	1677.0	female	Fat	MAT	nan	6	5
G12-B003291-3_39_F-1-1			3	G12.B003291.3_39_F.1.1-1-1	3_39_F	Thymus	False	1	False	G12.B003291.3_39_F.1.1-1-1	young_source_rule	G12.B003291.3_39_F.1.1-1-1-1	one_assay_suffix	3m	1	nan	thymocyte	CL:0002420	DN to DP transition (most are Cd8+/ Cd4+, some undergoing VDJ recombination)	facs	3_39_F	1382638.0	1638.0	female	Flowthrough	Thymus	nan	21	23
G12-MAA000442-3_11_M-1-1			3	G12.MAA000442.3_11_M.1.1-1-1	3_11_M	BAT	False	1	False	G12.MAA000442.3_11_M.1.1-1-1	young_source_rule	G12.MAA000442.3_11_M.1.1-1-1-1	one_assay_suffix	3m	1	nan	T cell	CL:0000084	nan	facs	3_11_M	536946.0	2001.0	male	Fat	BAT	nan	4	5
G12-MAA000607-3_9_M-1-1			3	G12.MAA000607.3_9_M.1.1-1-1	3_9_M	Thymus	False	1	False	G12.MAA000607.3_9_M.1.1-1-1	young_source_rule	G12.MAA000607.3_9_M.1.1-1-1-1	one_assay_suffix	3m	1	nan	DN4 thymocyte	CL:0002420	DN4 thymocyte	facs	3_9_M	264610.0	2186.0	male	nan	Thymus	nan	6	5
G13-B000827-3_38_F-1-1			3	G13.B000827.3_38_F.1.1-1-1	3_38_F	Thymus	False	1	False	G13.B000827.3_38_F.1.1-1-1	young_source_rule	G13.B000827.3_38_F.1.1-1-1-1	one_assay_suffix	3m	1	nan	DN4 thymocyte	CL:0002420	DN4 thymocyte	facs	3_38_F	791482.0	1779.0	female	Flowthrough	Thymus	nan	6	5
G13-B003291-3_39_F-1-1			3	G13.B003291.3_39_F.1.1-1-1	3_39_F	Thymus	False	1	False	G13.B003291.3_39_F.1.1-1-1	young_source_rule	G13.B003291.3_39_F.1.1-1-1-1	one_assay_suffix	3m	1	nan	thymocyte	CL:0002420	DN to DP transition (most are Cd8+/ Cd4+, some undergoing VDJ recombination)	facs	3_39_F	1150101.0	1419.0	female	Flowthrough	Thymus	nan	21	23
G13-D045064-3_38_F-1-1			3	G13.D045064.3_38_F.1.1-1-1	3_38_F	MAT	False	1	False	G13.D045064.3_38_F.1.1-1-1	young_source_rule	G13.D045064.3_38_F.1.1-1-1-1	one_assay_suffix	3m	1	nan	CD4-positive, alpha-beta T cell	CL:0000084	nan	facs	3_38_F	906619.0	1652.0	female	Fat	MAT	nan	6	5
G13-MAA000607-3_9_M-1-1			3	G13.MAA000607.3_9_M.1.1-1-1	3_9_M	Thymus	False	1	False	G13.MAA000607.3_9_M.1.1-1-1	young_source_rule	G13.MAA000607.3_9_M.1.1-1-1-1	one_assay_suffix	3m	1	nan	thymocyte	CL:0002420	DN to DP transition (most are Cd8+/ Cd4+, some undergoing VDJ recombination)	facs	3_9_M	136895.0	1335.0	male	nan	Thymus	nan	21	23
G13-MAA000844-3_10_M-1-1			3	G13.MAA000844.3_10_M.1.1-1-1	3_10_M	Marrow	False	1	False	G13.MAA000844.3_10_M.1.1-1-1	young_source_rule	G13.MAA000844.3_10_M.1.1-1-1-1	one_assay_suffix	3m	1	nan	mature alpha-beta T cell	CL:0002420	BM CD8 + CD4 T cell	facs	3_10_M	601170.0	2503.0	male	T-cells	Marrow	nan	4	9
G13-MAA000877-3_11_M-1-1			3	G13.MAA000877.3_11_M.1.1-1-1	3_11_M	MAT	False	1	False	G13.MAA000877.3_11_M.1.1-1-1	young_source_rule	G13.MAA000877.3_11_M.1.1-1-1-1	one_assay_suffix	3m	1	nan	CD4-positive, alpha-beta T cell	CL:0000084	nan	facs	3_11_M	398370.0	1542.0	male	Fat	MAT	nan	6	5
G14-B000827-3_38_F-1-1			3	G14.B000827.3_38_F.1.1-1-1	3_38_F	Thymus	False	1	False	G14.B000827.3_38_F.1.1-1-1	young_source_rule	G14.B000827.3_38_F.1.1-1-1-1	one_assay_suffix	3m	1	nan	DN4 thymocyte	CL:0002420	DN4 thymocyte	facs	3_38_F	518268.0	1630.0	female	Flowthrough	Thymus	nan	6	5
G14-B003291-3_39_F-1-1			3	G14.B003291.3_39_F.1.1-1-1	3_39_F	Thymus	False	1	False	G14.B003291.3_39_F.1.1-1-1	young_source_rule	G14.B003291.3_39_F.1.1-1-1-1	one_assay_suffix	3m	1	nan	thymocyte	CL:0002420	DN to DP transition (most are Cd8+/ Cd4+, some undergoing VDJ recombination)	facs	3_39_F	1556489.0	1906.0	female	Flowthrough	Thymus	nan	21	23
G14-MAA000607-3_9_M-1-1			3	G14.MAA000607.3_9_M.1.1-1-1	3_9_M	Thymus	False	1	False	G14.MAA000607.3_9_M.1.1-1-1	young_source_rule	G14.MAA000607.3_9_M.1.1-1-1-1	one_assay_suffix	3m	1	nan	thymocyte	CL:0002420	proliferating thymocyte; DN to DP transition, dividing (some are Cd8+/ Cd4+, some undergoing VDJ recombination)	facs	3_9_M	986202.0	5468.0	male	nan	Thymus	nan	21	23
G14-MAA000844-3_10_M-1-1			3	G14.MAA000844.3_10_M.1.1-1-1	3_10_M	Marrow	False	1	False	G14.MAA000844.3_10_M.1.1-1-1	young_source_rule	G14.MAA000844.3_10_M.1.1-1-1-1	one_assay_suffix	3m	1	nan	mature alpha-beta T cell	CL:0002420	BM CD8 + CD4 T cell	facs	3_10_M	876882.0	3289.0	male	T-cells	Marrow	nan	4	21
G15-B000827-3_38_F-1-1			3	G15.B000827.3_38_F.1.1-1-1	3_38_F	Thymus	False	1	False	G15.B000827.3_38_F.1.1-1-1	young_source_rule	G15.B000827.3_38_F.1.1-1-1-1	one_assay_suffix	3m	1	nan	DN4 thymocyte	CL:0002420	DN4 thymocyte	facs	3_38_F	577429.0	2172.0	female	Flowthrough	Thymus	nan	6	5
G15-B002314-3_56_F-1-1			3	G15.B002314.3_56_F.1.1-1-1	3_56_F	MAT	False	1	False	G15.B002314.3_56_F.1.1-1-1	young_source_rule	G15.B002314.3_56_F.1.1-1-1-1	one_assay_suffix	3m	1	nan	CD8-positive, alpha-beta T cell	CL:0000084	nan	facs	3_56_F	1088938.0	1820.0	female	Fat	MAT	nan	4	9
G15-B002431-3_39_F-1-1	36.0	2.0	3	G15.B002431.3_39_F.1.1-1-1	3_39_F	Aorta	True	1	False	G15.B002431.3_39_F.1.1-1-1	young_source_rule	G15.B002431.3_39_F.1.1-1-1-1	one_assay_suffix	3m	1	nan	professional antigen presenting cell	CL:0000145	nan	facs	3_39_F	1767596.0	1867.0	female	Heart	Aorta	nan	21	23
G15-B003291-3_39_F-1-1			3	G15.B003291.3_39_F.1.1-1-1	3_39_F	Thymus	False	1	False	G15.B003291.3_39_F.1.1-1-1	young_source_rule	G15.B003291.3_39_F.1.1-1-1-1	one_assay_suffix	3m	1	nan	thymocyte	CL:0002420	DN to DP transition (most are Cd8+/ Cd4+, some undergoing VDJ recombination)	facs	3_39_F	1372429.0	1313.0	female	Flowthrough	Thymus	nan	21	23
G15-D043520-3_39_F-1-1			3	G15.D043520.3_39_F.1.1-1-1	3_39_F	MAT	False	1	False	G15.D043520.3_39_F.1.1-1-1	young_source_rule	G15.D043520.3_39_F.1.1-1-1-1	one_assay_suffix	3m	1	nan	CD8-positive, alpha-beta T cell	CL:0000084	nan	facs	3_39_F	386570.0	1852.0	female	Fat	MAT	nan	6	5
G15-MAA000607-3_9_M-1-1			3	G15.MAA000607.3_9_M.1.1-1-1	3_9_M	Thymus	False	1	False	G15.MAA000607.3_9_M.1.1-1-1	young_source_rule	G15.MAA000607.3_9_M.1.1-1-1-1	one_assay_suffix	3m	1	nan	thymocyte	CL:0002420	DN to DP transition (most are Cd8+/ Cd4+, some undergoing VDJ recombination)	facs	3_9_M	128008.0	1551.0	male	nan	Thymus	nan	21	23
G15-MAA000779-3_11_M-1-1			3	G15.MAA000779.3_11_M.1.1-1-1	3_11_M	Spleen	False	1	False	G15.MAA000779.3_11_M.1.1-1-1	young_source_rule	G15.MAA000779.3_11_M.1.1-1-1-1	one_assay_suffix	3m	1	nan	CD8-positive, alpha-beta T cell	CL:0000084	Cd3e T cell	facs	3_11_M	225679.0	1488.0	male	nan	Spleen	nan	6	5
G15-MAA000880-3_11_M-1-1			3	G15.MAA000880.3_11_M.1.1-1-1	3_11_M	Thymus	False	1	False	G15.MAA000880.3_11_M.1.1-1-1	young_source_rule	G15.MAA000880.3_11_M.1.1-1-1-1	one_assay_suffix	3m	1	nan	DN4 thymocyte	CL:0002420	DN4 thymocyte	facs	3_11_M	1280216.0	2517.0	male	nan	Thymus	nan	6	5
G16-B000827-3_38_F-1-1			3	G16.B000827.3_38_F.1.1-1-1	3_38_F	Thymus	False	1	False	G16.B000827.3_38_F.1.1-1-1	young_source_rule	G16.B000827.3_38_F.1.1-1-1-1	one_assay_suffix	3m	1	nan	DN4 thymocyte	CL:0000894	DN4 thymocyte	facs	3_38_F	629683.0	1971.0	female	Flowthrough	Thymus	nan	4	9
G16-B000971-3_39_F-1-1			3	G16.B000971.3_39_F.1.1-1-1	3_39_F	Spleen	False	1	False	G16.B000971.3_39_F.1.1-1-1	young_source_rule	G16.B000971.3_39_F.1.1-1-1-1	one_assay_suffix	3m	1	nan	CD4-positive, alpha-beta T cell	CL:0000084	Cd3e T cell	facs	3_39_F	968126.0	2167.0	female	nan	Spleen	nan	4	21
G16-B002314-3_56_F-1-1			3	G16.B002314.3_56_F.1.1-1-1	3_56_F	MAT	False	1	False	G16.B002314.3_56_F.1.1-1-1	young_source_rule	G16.B002314.3_56_F.1.1-1-1-1	one_assay_suffix	3m	1	nan	CD4-positive, alpha-beta T cell	CL:0000084	nan	facs	3_56_F	878051.0	1963.0	female	Fat	MAT	nan	6	5
G16-D045067-3_38_F-1-1			3	G16.D045067.3_38_F.1.1-1-1	3_38_F	GAT	False	1	False	G16.D045067.3_38_F.1.1-1-1	young_source_rule	G16.D045067.3_38_F.1.1-1-1-1	one_assay_suffix	3m	1	nan	CD4-positive, alpha-beta T cell	CL:0000084	nan	facs	3_38_F	1165431.0	1566.0	female	Fat	GAT	nan	4	21
G16-MAA000607-3_9_M-1-1			3	G16.MAA000607.3_9_M.1.1-1-1	3_9_M	Thymus	False	1	False	G16.MAA000607.3_9_M.1.1-1-1	young_source_rule	G16.MAA000607.3_9_M.1.1-1-1-1	one_assay_suffix	3m	1	nan	DN4 thymocyte	CL:0002420	DN4 thymocyte	facs	3_9_M	253517.0	2093.0	male	nan	Thymus	nan	6	5
G16-MAA000880-3_11_M-1-1			3	G16.MAA000880.3_11_M.1.1-1-1	3_11_M	Thymus	False	1	False	G16.MAA000880.3_11_M.1.1-1-1	young_source_rule	G16.MAA000880.3_11_M.1.1-1-1-1	one_assay_suffix	3m	1	nan	DN4 thymocyte	CL:0002420	DN4 thymocyte	facs	3_11_M	530991.0	1743.0	male	nan	Thymus	nan	6	5
G16-MAA000914-3_9_M-1-1			3	G16.MAA000914.3_9_M.1.1-1-1	3_9_M	MAT	False	1	False	G16.MAA000914.3_9_M.1.1-1-1	young_source_rule	G16.MAA000914.3_9_M.1.1-1-1-1	one_assay_suffix	3m	1	nan	CD4-positive, alpha-beta T cell	CL:0000084	nan	facs	3_9_M	378802.0	3221.0	male	Fat	MAT	nan	6	5
G17-B000827-3_38_F-1-1			3	G17.B000827.3_38_F.1.1-1-1	3_38_F	Thymus	False	1	False	G17.B000827.3_38_F.1.1-1-1	young_source_rule	G17.B000827.3_38_F.1.1-1-1-1	one_assay_suffix	3m	1	nan	DN4 thymocyte	CL:0002420	DN4 thymocyte	facs	3_38_F	958501.0	2215.0	female	Flowthrough	Thymus	nan	4	5
G17-B003291-3_39_F-1-1			3	G17.B003291.3_39_F.1.1-1-1	3_39_F	Thymus	False	1	False	G17.B003291.3_39_F.1.1-1-1	young_source_rule	G17.B003291.3_39_F.1.1-1-1-1	one_assay_suffix	3m	1	nan	thymocyte	CL:0002420	DN to DP transition (most are Cd8+/ Cd4+, some undergoing VDJ recombination)	facs	3_39_F	2397312.0	2021.0	female	Flowthrough	Thymus	nan	21	23
G17-MAA000880-3_11_M-1-1			3	G17.MAA000880.3_11_M.1.1-1-1	3_11_M	Thymus	False	1	False	G17.MAA000880.3_11_M.1.1-1-1	young_source_rule	G17.MAA000880.3_11_M.1.1-1-1-1	one_assay_suffix	3m	1	nan	DN4 thymocyte	CL:0002420	DN4 thymocyte	facs	3_11_M	746833.0	1358.0	male	nan	Thymus	nan	6	5
G18-B000827-3_38_F-1-1			3	G18.B000827.3_38_F.1.1-1-1	3_38_F	Thymus	False	1	False	G18.B000827.3_38_F.1.1-1-1	young_source_rule	G18.B000827.3_38_F.1.1-1-1-1	one_assay_suffix	3m	1	nan	DN4 thymocyte	CL:0002420	DN4 thymocyte	facs	3_38_F	801249.0	2318.0	female	Flowthrough	Thymus	nan	6	5
G18-B003291-3_39_F-1-1	14.0	2.0	3	G18.B003291.3_39_F.1.1-1-1	3_39_F	Thymus	True	1	False	G18.B003291.3_39_F.1.1-1-1	young_source_rule	G18.B003291.3_39_F.1.1-1-1-1	one_assay_suffix	3m	1	nan	DN4 thymocyte	CL:0002420	DN4 thymocyte	facs	3_39_F	1091838.0	1513.0	female	Flowthrough	Thymus	nan	6	5
G18-MAA000508-3_9_M-1-1			3	G18.MAA000508.3_9_M.1.1-1-1	3_9_M	Spleen	False	1	False	G18.MAA000508.3_9_M.1.1-1-1	young_source_rule	G18.MAA000508.3_9_M.1.1-1-1-1	one_assay_suffix	3m	1	nan	CD8-positive, alpha-beta T cell	CL:0000084	Cd3e T cell	facs	3_9_M	240043.0	1839.0	male	nan	Spleen	nan	6	5
G18-MAA000607-3_9_M-1-1			3	G18.MAA000607.3_9_M.1.1-1-1	3_9_M	Thymus	False	1	False	G18.MAA000607.3_9_M.1.1-1-1	young_source_rule	G18.MAA000607.3_9_M.1.1-1-1-1	one_assay_suffix	3m	1	nan	thymocyte	CL:0002420	DN to DP transition (most are Cd8+/ Cd4+, some undergoing VDJ recombination)	facs	3_9_M	105565.0	1233.0	male	nan	Thymus	nan	21	23
G19-B000827-3_38_F-1-1			3	G19.B000827.3_38_F.1.1-1-1	3_38_F	Thymus	False	1	False	G19.B000827.3_38_F.1.1-1-1	young_source_rule	G19.B000827.3_38_F.1.1-1-1-1	one_assay_suffix	3m	1	nan	DN4 thymocyte	CL:0002420	DN4 thymocyte	facs	3_38_F	690462.0	2328.0	female	Flowthrough	Thymus	nan	6	5
G19-B003291-3_39_F-1-1			3	G19.B003291.3_39_F.1.1-1-1	3_39_F	Thymus	False	1	False	G19.B003291.3_39_F.1.1-1-1	young_source_rule	G19.B003291.3_39_F.1.1-1-1-1	one_assay_suffix	3m	1	nan	thymocyte	CL:0002420	proliferating thymocyte; DN to DP transition, dividing (some are Cd8+/ Cd4+, some undergoing VDJ recombination)	facs	3_39_F	3551591.0	2836.0	female	Flowthrough	Thymus	nan	21	23
G19-MAA000609-3_8_M-1-1			3	G19.MAA000609.3_8_M.1.1-1-1	3_8_M	Thymus	False	1	False	G19.MAA000609.3_8_M.1.1-1-1	young_source_rule	G19.MAA000609.3_8_M.1.1-1-1-1	one_assay_suffix	3m	1	nan	thymocyte	CL:0002420	DN to DP transition (most are Cd8+/ Cd4+, some undergoing VDJ recombination)	facs	3_8_M	192109.0	2152.0	male	nan	Thymus	nan	21	23
G19-MAA000880-3_11_M-1-1			3	G19.MAA000880.3_11_M.1.1-1-1	3_11_M	Thymus	False	1	False	G19.MAA000880.3_11_M.1.1-1-1	young_source_rule	G19.MAA000880.3_11_M.1.1-1-1-1	one_assay_suffix	3m	1	nan	thymocyte	CL:0002420	proliferating thymocyte; DN to DP transition, dividing (some are Cd8+/ Cd4+, some undergoing VDJ recombination)	facs	3_11_M	1321769.0	2967.0	male	nan	Thymus	nan	21	23
G2-B000827-3_38_F-1-1			3	G2.B000827.3_38_F.1.1-1-1	3_38_F	Thymus	False	1	False	G2.B000827.3_38_F.1.1-1-1	young_source_rule	G2.B000827.3_38_F.1.1-1-1-1	one_assay_suffix	3m	1	nan	DN4 thymocyte	CL:0002420	DN4 thymocyte	facs	3_38_F	1529351.0	2873.0	female	Flowthrough	Thymus	nan	6	5
G2-B003291-3_39_F-1-1			3	G2.B003291.3_39_F.1.1-1-1	3_39_F	Thymus	False	1	False	G2.B003291.3_39_F.1.1-1-1	young_source_rule	G2.B003291.3_39_F.1.1-1-1-1	one_assay_suffix	3m	1	nan	thymocyte	CL:0002420	DN to DP transition (most are Cd8+/ Cd4+, some undergoing VDJ recombination)	facs	3_39_F	1005744.0	1332.0	female	Flowthrough	Thymus	nan	21	23
G2-MAA000508-3_9_M-1-1			3	G2.MAA000508.3_9_M.1.1-1-1	3_9_M	Spleen	False	1	False	G2.MAA000508.3_9_M.1.1-1-1	young_source_rule	G2.MAA000508.3_9_M.1.1-1-1-1	one_assay_suffix	3m	1	nan	CD4-positive, alpha-beta T cell	CL:0000084	Cd3e T cell	facs	3_9_M	339738.0	1823.0	male	nan	Spleen	nan	6	5
G2-MAA000607-3_9_M-1-1			3	G2.MAA000607.3_9_M.1.1-1-1	3_9_M	Thymus	False	1	False	G2.MAA000607.3_9_M.1.1-1-1	young_source_rule	G2.MAA000607.3_9_M.1.1-1-1-1	one_assay_suffix	3m	1	nan	thymocyte	CL:0002420	DN to DP transition (most are Cd8+/ Cd4+, some undergoing VDJ recombination)	facs	3_9_M	308344.0	2223.0	male	nan	Thymus	nan	21	23
G2-MAA000844-3_10_M-1-1			3	G2.MAA000844.3_10_M.1.1-1-1	3_10_M	Marrow	False	1	False	G2.MAA000844.3_10_M.1.1-1-1	young_source_rule	G2.MAA000844.3_10_M.1.1-1-1-1	one_assay_suffix	3m	1	nan	CD4-positive, alpha-beta T cell	CL:0000815	BM CD4 T cell	facs	3_10_M	753902.0	2502.0	male	T-cells	Marrow	nan	4	21
G2-MAA001888-3_39_F-1-1			3	G2.MAA001888.3_39_F.1.1-1-1	3_39_F	Marrow	False	1	False	G2.MAA001888.3_39_F.1.1-1-1	young_source_rule	G2.MAA001888.3_39_F.1.1-1-1-1	one_assay_suffix	3m	1	nan	mature alpha-beta T cell	CL:0002420	BM CD8 + CD4 T cell	facs	3_39_F	211544.0	2061.0	female	T-cells	Marrow	nan	4	9
G20-B000827-3_38_F-1-1			3	G20.B000827.3_38_F.1.1-1-1	3_38_F	Thymus	False	1	False	G20.B000827.3_38_F.1.1-1-1	young_source_rule	G20.B000827.3_38_F.1.1-1-1-1	one_assay_suffix	3m	1	nan	DN4 thymocyte	CL:0002420	DN4 thymocyte	facs	3_38_F	497653.0	1841.0	female	Flowthrough	Thymus	nan	4	5
G20-B000971-3_39_F-1-1			3	G20.B000971.3_39_F.1.1-1-1	3_39_F	Spleen	False	1	False	G20.B000971.3_39_F.1.1-1-1	young_source_rule	G20.B000971.3_39_F.1.1-1-1-1	one_assay_suffix	3m	1	nan	CD4-positive, alpha-beta T cell	CL:0000084	Cd3e T cell	facs	3_39_F	893401.0	1826.0	female	nan	Spleen	nan	6	5
G20-B003291-3_39_F-1-1			3	G20.B003291.3_39_F.1.1-1-1	3_39_F	Thymus	False	1	False	G20.B003291.3_39_F.1.1-1-1	young_source_rule	G20.B003291.3_39_F.1.1-1-1-1	one_assay_suffix	3m	1	nan	thymocyte	CL:0002420	DN to DP transition (most are Cd8+/ Cd4+, some undergoing VDJ recombination)	facs	3_39_F	2164373.0	1372.0	female	Flowthrough	Thymus	nan	21	23
G20-MAA000607-3_9_M-1-1			3	G20.MAA000607.3_9_M.1.1-1-1	3_9_M	Thymus	False	1	False	G20.MAA000607.3_9_M.1.1-1-1	young_source_rule	G20.MAA000607.3_9_M.1.1-1-1-1	one_assay_suffix	3m	1	nan	thymocyte	CL:0002420	DN to DP transition (most are Cd8+/ Cd4+, some undergoing VDJ recombination)	facs	3_9_M	198398.0	1701.0	male	nan	Thymus	nan	21	23
G20-MAA000844-3_10_M-1-1			3	G20.MAA000844.3_10_M.1.1-1-1	3_10_M	Marrow	False	1	False	G20.MAA000844.3_10_M.1.1-1-1	young_source_rule	G20.MAA000844.3_10_M.1.1-1-1-1	one_assay_suffix	3m	1	nan	NK cell	CL:0000914	NK cell	facs	3_10_M	772802.0	2822.0	male	T-cells	Marrow	nan	4	9
G20-MAA000907-3_11_M-1-1			3	G20.MAA000907.3_11_M.1.1-1-1	3_11_M	Liver	False	1	False	G20.MAA000907.3_11_M.1.1-1-1	young_source_rule	G20.MAA000907.3_11_M.1.1-1-1-1	one_assay_suffix	3m	1	nan	NK cell	CL:0000623	nan	facs	3_11_M	717478.0	3172.0	male	Non-hepatocytes	Liver	nan	40	47
G21-B000827-3_38_F-1-1			3	G21.B000827.3_38_F.1.1-1-1	3_38_F	Thymus	False	1	False	G21.B000827.3_38_F.1.1-1-1	young_source_rule	G21.B000827.3_38_F.1.1-1-1-1	one_assay_suffix	3m	1	nan	DN4 thymocyte	CL:0002420	DN4 thymocyte	facs	3_38_F	916301.0	2049.0	female	Flowthrough	Thymus	nan	6	5
G21-B003291-3_39_F-1-1			3	G21.B003291.3_39_F.1.1-1-1	3_39_F	Thymus	False	1	False	G21.B003291.3_39_F.1.1-1-1	young_source_rule	G21.B003291.3_39_F.1.1-1-1-1	one_assay_suffix	3m	1	nan	thymocyte	CL:0002420	DN to DP transition (most are Cd8+/ Cd4+, some undergoing VDJ recombination)	facs	3_39_F	2272827.0	2092.0	female	Flowthrough	Thymus	nan	21	23
G21-MAA000526-3_9_M-1-1			3	G21.MAA000526.3_9_M.1.1-1-1	3_9_M	Lung	False	1	False	G21.MAA000526.3_9_M.1.1-1-1	young_source_rule	G21.MAA000526.3_9_M.1.1-1-1-1	one_assay_suffix	3m	1	nan	CD4-positive, alpha-beta T cell	CL:0000084	CD4+ T	facs	3_9_M	369515.0	1504.0	male	nan	Lung	nan	4	5
G21-MAA000577-3_8_M-1-1			3	G21.MAA000577.3_8_M.1.1-1-1	3_8_M	Pancreas	False	1	False	G21.MAA000577.3_8_M.1.1-1-1	young_source_rule	G21.MAA000577.3_8_M.1.1-1-1-1	one_assay_suffix	3m	1	nan	leukocyte	CL:0000738	nan	facs	3_8_M	1481279.0	1992.0	male	Endocrine	Pancreas	nan	4	9
G21-MAA000607-3_9_M-1-1			3	G21.MAA000607.3_9_M.1.1-1-1	3_9_M	Thymus	False	1	False	G21.MAA000607.3_9_M.1.1-1-1	young_source_rule	G21.MAA000607.3_9_M.1.1-1-1-1	one_assay_suffix	3m	1	nan	thymocyte	CL:0002420	DN to DP transition (most are Cd8+/ Cd4+, some undergoing VDJ recombination)	facs	3_9_M	116835.0	1421.0	male	nan	Thymus	nan	21	23
G21-MAA000609-3_8_M-1-1			3	G21.MAA000609.3_8_M.1.1-1-1	3_8_M	Thymus	False	1	False	G21.MAA000609.3_8_M.1.1-1-1	young_source_rule	G21.MAA000609.3_8_M.1.1-1-1-1	one_assay_suffix	3m	1	nan	thymocyte	CL:0002420	proliferating thymocyte; DN to DP transition, dividing (some are Cd8+/ Cd4+, some undergoing VDJ recombination)	facs	3_8_M	719735.0	4297.0	male	nan	Thymus	nan	21	23
G21-MAA000880-3_11_M-1-1			3	G21.MAA000880.3_11_M.1.1-1-1	3_11_M	Thymus	False	1	False	G21.MAA000880.3_11_M.1.1-1-1	young_source_rule	G21.MAA000880.3_11_M.1.1-1-1-1	one_assay_suffix	3m	1	nan	DN4 thymocyte	CL:0002420	DN4 thymocyte	facs	3_11_M	286025.0	1127.0	male	nan	Thymus	nan	6	5
G22-B000827-3_38_F-1-1			3	G22.B000827.3_38_F.1.1-1-1	3_38_F	Thymus	False	1	False	G22.B000827.3_38_F.1.1-1-1	young_source_rule	G22.B000827.3_38_F.1.1-1-1-1	one_assay_suffix	3m	1	nan	DN4 thymocyte	CL:0002420	DN4 thymocyte	facs	3_38_F	1111808.0	2074.0	female	Flowthrough	Thymus	nan	6	5
G22-B003291-3_39_F-1-1			3	G22.B003291.3_39_F.1.1-1-1	3_39_F	Thymus	False	1	False	G22.B003291.3_39_F.1.1-1-1	young_source_rule	G22.B003291.3_39_F.1.1-1-1-1	one_assay_suffix	3m	1	nan	thymocyte	CL:0002420	proliferating thymocyte; DN to DP transition, dividing (some are Cd8+/ Cd4+, some undergoing VDJ recombination)	facs	3_39_F	3838767.0	2398.0	female	Flowthrough	Thymus	nan	21	23
G22-MAA000607-3_9_M-1-1			3	G22.MAA000607.3_9_M.1.1-1-1	3_9_M	Thymus	False	1	False	G22.MAA000607.3_9_M.1.1-1-1	young_source_rule	G22.MAA000607.3_9_M.1.1-1-1-1	one_assay_suffix	3m	1	nan	DN4 thymocyte	CL:0002420	DN4 thymocyte	facs	3_9_M	156908.0	1549.0	male	nan	Thymus	nan	6	5
G22-MAA000880-3_11_M-1-1			3	G22.MAA000880.3_11_M.1.1-1-1	3_11_M	Thymus	False	1	False	G22.MAA000880.3_11_M.1.1-1-1	young_source_rule	G22.MAA000880.3_11_M.1.1-1-1-1	one_assay_suffix	3m	1	nan	thymocyte	CL:0002420	proliferating thymocyte; DN to DP transition, dividing (some are Cd8+/ Cd4+, some undergoing VDJ recombination)	facs	3_11_M	1192439.0	2216.0	male	nan	Thymus	nan	21	23
G22-MAA001888-3_39_F-1-1			3	G22.MAA001888.3_39_F.1.1-1-1	3_39_F	Marrow	False	1	False	G22.MAA001888.3_39_F.1.1-1-1	young_source_rule	G22.MAA001888.3_39_F.1.1-1-1-1	one_assay_suffix	3m	1	nan	mature alpha-beta T cell	CL:0000914	BM CD8 + CD4 T cell	facs	3_39_F	230270.0	3166.0	female	T-cells	Marrow	nan	4	9
G3-B000971-3_39_F-1-1	47.0	3.0	3	G3.B000971.3_39_F.1.1-1-1	3_39_F	Spleen	True	3	True	G3.B000971.3_39_F.1.1-1-1	young_source_rule	G3.B000971.3_39_F.1.1-1-1-1	one_assay_suffix	3m	1	nan	CD8-positive, alpha-beta T cell	CL:0000084	nan	facs	3_39_F	457603.0	1949.0	female	nan	Spleen	nan	6	5
G3-B003291-3_39_F-1-1			3	G3.B003291.3_39_F.1.1-1-1	3_39_F	Thymus	False	1	False	G3.B003291.3_39_F.1.1-1-1	young_source_rule	G3.B003291.3_39_F.1.1-1-1-1	one_assay_suffix	3m	1	nan	thymocyte	CL:0002420	DN to DP transition (most are Cd8+/ Cd4+, some undergoing VDJ recombination)	facs	3_39_F	1311096.0	1606.0	female	Flowthrough	Thymus	nan	21	23
G3-MAA000607-3_9_M-1-1			3	G3.MAA000607.3_9_M.1.1-1-1	3_9_M	Thymus	False	1	False	G3.MAA000607.3_9_M.1.1-1-1	young_source_rule	G3.MAA000607.3_9_M.1.1-1-1-1	one_assay_suffix	3m	1	nan	thymocyte	CL:0002420	DN to DP transition (most are Cd8+/ Cd4+, some undergoing VDJ recombination)	facs	3_9_M	165367.0	1507.0	male	nan	Thymus	nan	21	23
G3-MAA000779-3_11_M-1-1			3	G3.MAA000779.3_11_M.1.1-1-1	3_11_M	Spleen	False	1	False	G3.MAA000779.3_11_M.1.1-1-1	young_source_rule	G3.MAA000779.3_11_M.1.1-1-1-1	one_assay_suffix	3m	1	nan	CD4-positive, alpha-beta T cell	CL:0000084	Cd3e T cell	facs	3_11_M	201540.0	1385.0	male	nan	Spleen	nan	4	21
G4-B000827-3_38_F-1-1			3	G4.B000827.3_38_F.1.1-1-1	3_38_F	Thymus	False	1	False	G4.B000827.3_38_F.1.1-1-1	young_source_rule	G4.B000827.3_38_F.1.1-1-1-1	one_assay_suffix	3m	1	nan	DN4 thymocyte	CL:0002420	DN4 thymocyte	facs	3_38_F	802226.0	2087.0	female	Flowthrough	Thymus	nan	6	5
G4-B003291-3_39_F-1-1			3	G4.B003291.3_39_F.1.1-1-1	3_39_F	Thymus	False	1	False	G4.B003291.3_39_F.1.1-1-1	young_source_rule	G4.B003291.3_39_F.1.1-1-1-1	one_assay_suffix	3m	1	nan	thymocyte	CL:0002420	DN to DP transition (most are Cd8+/ Cd4+, some undergoing VDJ recombination)	facs	3_39_F	1625737.0	1678.0	female	Flowthrough	Thymus	nan	21	23
G4-MAA000607-3_9_M-1-1			3	G4.MAA000607.3_9_M.1.1-1-1	3_9_M	Thymus	False	1	False	G4.MAA000607.3_9_M.1.1-1-1	young_source_rule	G4.MAA000607.3_9_M.1.1-1-1-1	one_assay_suffix	3m	1	nan	thymocyte	CL:0002420	DN to DP transition (most are Cd8+/ Cd4+, some undergoing VDJ recombination)	facs	3_9_M	159120.0	1708.0	male	nan	Thymus	nan	6	23
G5-B000827-3_38_F-1-1			3	G5.B000827.3_38_F.1.1-1-1	3_38_F	Thymus	False	1	False	G5.B000827.3_38_F.1.1-1-1	young_source_rule	G5.B000827.3_38_F.1.1-1-1-1	one_assay_suffix	3m	1	nan	DN4 thymocyte	CL:0002420	DN4 thymocyte	facs	3_38_F	795619.0	1632.0	female	Flowthrough	Thymus	nan	6	5
G5-MAA000607-3_9_M-1-1			3	G5.MAA000607.3_9_M.1.1-1-1	3_9_M	Thymus	False	1	False	G5.MAA000607.3_9_M.1.1-1-1	young_source_rule	G5.MAA000607.3_9_M.1.1-1-1-1	one_assay_suffix	3m	1	nan	thymocyte	CL:0002420	DN to DP transition (most are Cd8+/ Cd4+, some undergoing VDJ recombination)	facs	3_9_M	171764.0	1688.0	male	nan	Thymus	nan	21	23
G6-B000827-3_38_F-1-1			3	G6.B000827.3_38_F.1.1-1-1	3_38_F	Thymus	False	1	False	G6.B000827.3_38_F.1.1-1-1	young_source_rule	G6.B000827.3_38_F.1.1-1-1-1	one_assay_suffix	3m	1	nan	DN4 thymocyte	CL:0002420	DN4 thymocyte	facs	3_38_F	849517.0	2240.0	female	Flowthrough	Thymus	nan	6	5
G6-B000971-3_39_F-1-1			3	G6.B000971.3_39_F.1.1-1-1	3_39_F	Spleen	False	1	False	G6.B000971.3_39_F.1.1-1-1	young_source_rule	G6.B000971.3_39_F.1.1-1-1-1	one_assay_suffix	3m	1	nan	CD8-positive, alpha-beta T cell	CL:0000084	Cd3e T cell	facs	3_39_F	1043734.0	2353.0	female	nan	Spleen	nan	6	5
G6-B003291-3_39_F-1-1			3	G6.B003291.3_39_F.1.1-1-1	3_39_F	Thymus	False	1	False	G6.B003291.3_39_F.1.1-1-1	young_source_rule	G6.B003291.3_39_F.1.1-1-1-1	one_assay_suffix	3m	1	nan	thymocyte	CL:0002420	DN to DP transition (most are Cd8+/ Cd4+, some undergoing VDJ recombination)	facs	3_39_F	1684235.0	1850.0	female	Flowthrough	Thymus	nan	21	23
G6-MAA000607-3_9_M-1-1			3	G6.MAA000607.3_9_M.1.1-1-1	3_9_M	Thymus	False	1	False	G6.MAA000607.3_9_M.1.1-1-1	young_source_rule	G6.MAA000607.3_9_M.1.1-1-1-1	one_assay_suffix	3m	1	nan	DN4 thymocyte	CL:0002420	DN4 thymocyte	facs	3_9_M	321689.0	2131.0	male	nan	Thymus	nan	6	5
G6-MAA000844-3_10_M-1-1			3	G6.MAA000844.3_10_M.1.1-1-1	3_10_M	Marrow	False	1	False	G6.MAA000844.3_10_M.1.1-1-1	young_source_rule	G6.MAA000844.3_10_M.1.1-1-1-1	one_assay_suffix	3m	1	nan	promonocyte	CL:0000576	monocyte + promonocyte	facs	3_10_M	873026.0	4862.0	male	T-cells	Marrow	nan	2	56
G6-MAA001888-3_39_F-1-1			3	G6.MAA001888.3_39_F.1.1-1-1	3_39_F	Marrow	False	1	False	G6.MAA001888.3_39_F.1.1-1-1	young_source_rule	G6.MAA001888.3_39_F.1.1-1-1-1	one_assay_suffix	3m	1	nan	NK cell	CL:0000914	NK cell	facs	3_39_F	235437.0	2863.0	female	T-cells	Marrow	nan	4	9
G7-B000827-3_38_F-1-1			3	G7.B000827.3_38_F.1.1-1-1	3_38_F	Thymus	False	1	False	G7.B000827.3_38_F.1.1-1-1	young_source_rule	G7.B000827.3_38_F.1.1-1-1-1	one_assay_suffix	3m	1	nan	DN4 thymocyte	CL:0002420	DN4 thymocyte	facs	3_38_F	765573.0	2040.0	female	Flowthrough	Thymus	nan	6	5
G7-B001750-3_38_F-1-1			3	G7.B001750.3_38_F.1.1-1-1	3_38_F	Spleen	False	1	False	G7.B001750.3_38_F.1.1-1-1	young_source_rule	G7.B001750.3_38_F.1.1-1-1-1	one_assay_suffix	3m	1	nan	CD4-positive, alpha-beta T cell	CL:0000084	Cd3e T cell	facs	3_38_F	477887.0	2524.0	female	nan	Spleen	nan	4	21
G7-B002428-3_38_F-1-1			3	G7.B002428.3_38_F.1.1-1-1	3_38_F	Heart	False	1	False	G7.B002428.3_38_F.1.1-1-1	young_source_rule	G7.B002428.3_38_F.1.1-1-1-1	one_assay_suffix	3m	1	nan	T cell	CL:0000738	T cell	facs	3_38_F	626163.0	1454.0	female	LA	Heart	nan	6	9
G7-B003291-3_39_F-1-1			3	G7.B003291.3_39_F.1.1-1-1	3_39_F	Thymus	False	1	False	G7.B003291.3_39_F.1.1-1-1	young_source_rule	G7.B003291.3_39_F.1.1-1-1-1	one_assay_suffix	3m	1	nan	thymocyte	CL:0002420	DN to DP transition (most are Cd8+/ Cd4+, some undergoing VDJ recombination)	facs	3_39_F	1858284.0	2066.0	female	Flowthrough	Thymus	nan	21	23
G7-D041904-3_10_M-1-1	16.0	2.0	3	G7.D041904.3_10_M.1.1-1-1	3_10_M	Tongue	True	1	False	G7.D041904.3_10_M.1.1-1-1	young_source_rule	G7.D041904.3_10_M.1.1-1-1-1	one_assay_suffix	3m	1	nan	basal cell of epidermis	CL:0002187	nan	facs	3_10_M	1245047.0	6713.0	male	nan	Tongue	nan	5	3
G7-D043526-3_39_F-1-1			3	G7.D043526.3_39_F.1.1-1-1	3_39_F	SCAT	False	1	False	G7.D043526.3_39_F.1.1-1-1	young_source_rule	G7.D043526.3_39_F.1.1-1-1-1	one_assay_suffix	3m	1	nan	T cell	CL:0000084	nan	facs	3_39_F	824110.0	1744.0	female	Fat	SCAT	nan	4	9
G7-MAA000556-3_9_M-1-1			3	G7.MAA000556.3_9_M.1.1-1-1	3_9_M	BAT	False	1	False	G7.MAA000556.3_9_M.1.1-1-1	young_source_rule	G7.MAA000556.3_9_M.1.1-1-1-1	one_assay_suffix	3m	1	nan	T cell	CL:0000084	nan	facs	3_9_M	360074.0	2049.0	male	Fat	BAT	nan	6	5
G7-MAA000607-3_9_M-1-1			3	G7.MAA000607.3_9_M.1.1-1-1	3_9_M	Thymus	False	1	False	G7.MAA000607.3_9_M.1.1-1-1	young_source_rule	G7.MAA000607.3_9_M.1.1-1-1-1	one_assay_suffix	3m	1	nan	DN4 thymocyte	CL:0002420	DN4 thymocyte	facs	3_9_M	224075.0	1833.0	male	nan	Thymus	nan	6	5
G7-MAA000844-3_10_M-1-1			3	G7.MAA000844.3_10_M.1.1-1-1	3_10_M	Marrow	False	1	False	G7.MAA000844.3_10_M.1.1-1-1	young_source_rule	G7.MAA000844.3_10_M.1.1-1-1-1	one_assay_suffix	3m	1	nan	macrophage	CL:0000235	CD4+ macrophage	facs	3_10_M	597448.0	3559.0	male	T-cells	Marrow	nan	4	48
G8-B000827-3_38_F-1-1			3	G8.B000827.3_38_F.1.1-1-1	3_38_F	Thymus	False	1	False	G8.B000827.3_38_F.1.1-1-1	young_source_rule	G8.B000827.3_38_F.1.1-1-1-1	one_assay_suffix	3m	1	nan	DN4 thymocyte	CL:0002420	DN4 thymocyte	facs	3_38_F	670637.0	1891.0	female	Flowthrough	Thymus	nan	4	21
G8-B003291-3_39_F-1-1	44.0	2.0	3	G8.B003291.3_39_F.1.1-1-1	3_39_F	Thymus	True	2	True	G8.B003291.3_39_F.1.1-1-1	young_source_rule	G8.B003291.3_39_F.1.1-1-1-1	one_assay_suffix	3m	1	nan	thymocyte	CL:0002420	DN to DP transition (most are Cd8+/ Cd4+, some undergoing VDJ recombination)	facs	3_39_F	1288530.0	1448.0	female	Flowthrough	Thymus	nan	21	23
G8-MAA000556-3_9_M-1-1			3	G8.MAA000556.3_9_M.1.1-1-1	3_9_M	BAT	False	1	False	G8.MAA000556.3_9_M.1.1-1-1	young_source_rule	G8.MAA000556.3_9_M.1.1-1-1-1	one_assay_suffix	3m	1	nan	T cell	CL:0000084	nan	facs	3_9_M	472360.0	2341.0	male	Fat	BAT	nan	4	21
G8-MAA000607-3_9_M-1-1			3	G8.MAA000607.3_9_M.1.1-1-1	3_9_M	Thymus	False	1	False	G8.MAA000607.3_9_M.1.1-1-1	young_source_rule	G8.MAA000607.3_9_M.1.1-1-1-1	one_assay_suffix	3m	1	nan	thymocyte	CL:0002420	DN to DP transition (most are Cd8+/ Cd4+, some undergoing VDJ recombination)	facs	3_9_M	131409.0	1338.0	male	nan	Thymus	nan	21	23
G8-MAA000880-3_11_M-1-1			3	G8.MAA000880.3_11_M.1.1-1-1	3_11_M	Thymus	False	1	False	G8.MAA000880.3_11_M.1.1-1-1	young_source_rule	G8.MAA000880.3_11_M.1.1-1-1-1	one_assay_suffix	3m	1	nan	DN4 thymocyte	CL:0002420	DN4 thymocyte	facs	3_11_M	1124387.0	1748.0	male	nan	Thymus	nan	6	5
G8-MAA001865-3_38_F-1-1			3	G8.MAA001865.3_38_F.1.1-1-1	3_38_F	Trachea	False	1	False	G8.MAA001865.3_38_F.1.1-1-1	young_source_rule	G8.MAA001865.3_38_F.1.1-1-1-1	one_assay_suffix	3m	1	nan	T cell	CL:0000081	nan	facs	3_38_F	197399.0	2401.0	female	nan	Trachea	nan	21	23
G9-B000827-3_38_F-1-1			3	G9.B000827.3_38_F.1.1-1-1	3_38_F	Thymus	False	1	False	G9.B000827.3_38_F.1.1-1-1	young_source_rule	G9.B000827.3_38_F.1.1-1-1-1	one_assay_suffix	3m	1	nan	DN4 thymocyte	CL:0002420	DN4 thymocyte	facs	3_38_F	687692.0	1869.0	female	Flowthrough	Thymus	nan	6	5
G9-B001216-3_38_F-1-1			3	G9.B001216.3_38_F.1.1-1-1	3_38_F	BAT	False	1	False	G9.B001216.3_38_F.1.1-1-1	young_source_rule	G9.B001216.3_38_F.1.1-1-1-1	one_assay_suffix	3m	1	nan	T cell	CL:0000084	nan	facs	3_38_F	715217.0	2125.0	female	Fat	BAT	nan	4	21
G9-B001750-3_38_F-1-1	34.0	2.0	3	G9.B001750.3_38_F.1.1-1-1	3_38_F	Spleen	True	2	True	G9.B001750.3_38_F.1.1-1-1	young_source_rule	G9.B001750.3_38_F.1.1-1-1-1	one_assay_suffix	3m	1	nan	B cell	CL:0000236	CD79a B cell	facs	3_38_F	777941.0	2965.0	female	nan	Spleen	nan	0	0
G9-B002955-3_56_F-1-1			3	G9.B002955.3_56_F.1.1-1-1	3_56_F	GAT	False	1	False	G9.B002955.3_56_F.1.1-1-1	young_source_rule	G9.B002955.3_56_F.1.1-1-1-1	one_assay_suffix	3m	1	nan	CD8-positive, alpha-beta T cell	CL:0000084	nan	facs	3_56_F	746253.0	2701.0	female	Fat	GAT	nan	4	5
G9-B003291-3_39_F-1-1			3	G9.B003291.3_39_F.1.1-1-1	3_39_F	Thymus	False	1	False	G9.B003291.3_39_F.1.1-1-1	young_source_rule	G9.B003291.3_39_F.1.1-1-1-1	one_assay_suffix	3m	1	nan	thymocyte	CL:0002420	DN to DP transition (most are Cd8+/ Cd4+, some undergoing VDJ recombination)	facs	3_39_F	956576.0	1300.0	female	Flowthrough	Thymus	nan	21	23
G9-MAA000607-3_9_M-1-1			3	G9.MAA000607.3_9_M.1.1-1-1	3_9_M	Thymus	False	1	False	G9.MAA000607.3_9_M.1.1-1-1	young_source_rule	G9.MAA000607.3_9_M.1.1-1-1-1	one_assay_suffix	3m	1	nan	thymocyte	CL:0002420	DN to DP transition (most are Cd8+/ Cd4+, some undergoing VDJ recombination)	facs	3_9_M	225351.0	1669.0	male	nan	Thymus	nan	21	23
G9-MAA001865-3_38_F-1-1			3	G9.MAA001865.3_38_F.1.1-1-1	3_38_F	Trachea	False	1	False	G9.MAA001865.3_38_F.1.1-1-1	young_source_rule	G9.MAA001865.3_38_F.1.1-1-1-1	one_assay_suffix	3m	1	nan	T cell	CL:0000081	nan	facs	3_38_F	1370668.0	6296.0	female	nan	Trachea	nan	21	23
H1-B000827-3_38_F-1-1			3	H1.B000827.3_38_F.1.1-1-1	3_38_F	Thymus	False	1	False	H1.B000827.3_38_F.1.1-1-1	young_source_rule	H1.B000827.3_38_F.1.1-1-1-1	one_assay_suffix	3m	1	nan	DN4 thymocyte	CL:0002420	DN4 thymocyte	facs	3_38_F	1570202.0	1662.0	female	Flowthrough	Thymus	nan	6	5
H1-B003291-3_39_F-1-1			3	H1.B003291.3_39_F.1.1-1-1	3_39_F	Thymus	False	1	False	H1.B003291.3_39_F.1.1-1-1	young_source_rule	H1.B003291.3_39_F.1.1-1-1-1	one_assay_suffix	3m	1	nan	thymocyte	CL:0000738	DN to DP transition (most are Cd8+/ Cd4+, some undergoing VDJ recombination)	facs	3_39_F	839002.0	2905.0	female	Flowthrough	Thymus	nan	21	23
H1-MAA000607-3_9_M-1-1			3	H1.MAA000607.3_9_M.1.1-1-1	3_9_M	Thymus	False	1	False	H1.MAA000607.3_9_M.1.1-1-1	young_source_rule	H1.MAA000607.3_9_M.1.1-1-1-1	one_assay_suffix	3m	1	nan	macrophage	CL:0000738	macrophage	facs	3_9_M	317284.0	2733.0	male	nan	Thymus	nan	15	17
H1-MAA000779-3_11_M-1-1			3	H1.MAA000779.3_11_M.1.1-1-1	3_11_M	Spleen	False	1	False	H1.MAA000779.3_11_M.1.1-1-1	young_source_rule	H1.MAA000779.3_11_M.1.1-1-1-1	one_assay_suffix	3m	1	nan	CD8-positive, alpha-beta T cell	CL:0000084	nan	facs	3_11_M	469737.0	2017.0	male	nan	Spleen	nan	6	5
H1-MAA001889-3_38_F-1-1	8.0	3.0	3	H1.MAA001889.3_38_F.1.1-1-1	3_38_F	Lung	True	3	True	H1.MAA001889.3_38_F.1.1-1-1	young_source_rule		unmatched																
H10-B000827-3_38_F-1-1			3	H10.B000827.3_38_F.1.1-1-1	3_38_F	Thymus	False	1	False	H10.B000827.3_38_F.1.1-1-1	young_source_rule	H10.B000827.3_38_F.1.1-1-1-1	one_assay_suffix	3m	1	nan	DN4 thymocyte	CL:0002420	DN4 thymocyte	facs	3_38_F	1126267.0	2580.0	female	Flowthrough	Thymus	nan	6	5
H10-B003291-3_39_F-1-1			3	H10.B003291.3_39_F.1.1-1-1	3_39_F	Thymus	False	1	False	H10.B003291.3_39_F.1.1-1-1	young_source_rule	H10.B003291.3_39_F.1.1-1-1-1	one_assay_suffix	3m	1	nan	thymocyte	CL:0002420	DN to DP transition (most are Cd8+/ Cd4+, some undergoing VDJ recombination)	facs	3_39_F	1557022.0	1677.0	female	Flowthrough	Thymus	nan	21	23
H10-MAA000508-3_9_M-1-1			3	H10.MAA000508.3_9_M.1.1-1-1	3_9_M	Spleen	False	1	False	H10.MAA000508.3_9_M.1.1-1-1	young_source_rule	H10.MAA000508.3_9_M.1.1-1-1-1	one_assay_suffix	3m	1	nan	CD8-positive, alpha-beta T cell	CL:0000084	Cd3e T cell	facs	3_9_M	294387.0	2271.0	male	nan	Spleen	nan	4	9
H10-MAA000607-3_9_M-1-1			3	H10.MAA000607.3_9_M.1.1-1-1	3_9_M	Thymus	False	1	False	H10.MAA000607.3_9_M.1.1-1-1	young_source_rule	H10.MAA000607.3_9_M.1.1-1-1-1	one_assay_suffix	3m	1	nan	thymocyte	CL:0002420	DN to DP transition (most are Cd8+/ Cd4+, some undergoing VDJ recombination)	facs	3_9_M	167488.0	1414.0	male	nan	Thymus	nan	21	23
H11-B000827-3_38_F-1-1			3	H11.B000827.3_38_F.1.1-1-1	3_38_F	Thymus	False	1	False	H11.B000827.3_38_F.1.1-1-1	young_source_rule	H11.B000827.3_38_F.1.1-1-1-1	one_assay_suffix	3m	1	nan	DN4 thymocyte	CL:0002420	DN4 thymocyte	facs	3_38_F	510448.0	1951.0	female	Flowthrough	Thymus	nan	4	21
H11-B000971-3_39_F-1-1			3	H11.B000971.3_39_F.1.1-1-1	3_39_F	Spleen	False	1	False	H11.B000971.3_39_F.1.1-1-1	young_source_rule	H11.B000971.3_39_F.1.1-1-1-1	one_assay_suffix	3m	1	nan	CD4-positive, alpha-beta T cell	CL:0000084	Cd3e T cell	facs	3_39_F	667605.0	1637.0	female	nan	Spleen	nan	6	5
H11-B003291-3_39_F-1-1			3	H11.B003291.3_39_F.1.1-1-1	3_39_F	Thymus	False	1	False	H11.B003291.3_39_F.1.1-1-1	young_source_rule	H11.B003291.3_39_F.1.1-1-1-1	one_assay_suffix	3m	1	nan	thymocyte	CL:0002420	proliferating thymocyte; DN to DP transition, dividing (some are Cd8+/ Cd4+, some undergoing VDJ recombination)	facs	3_39_F	2673769.0	3011.0	female	Flowthrough	Thymus	nan	21	23
H11-MAA000607-3_9_M-1-1			3	H11.MAA000607.3_9_M.1.1-1-1	3_9_M	Thymus	False	1	False	H11.MAA000607.3_9_M.1.1-1-1	young_source_rule	H11.MAA000607.3_9_M.1.1-1-1-1	one_assay_suffix	3m	1	nan	thymocyte	CL:0002420	DN to DP transition (most are Cd8+/ Cd4+, some undergoing VDJ recombination)	facs	3_9_M	264852.0	2034.0	male	nan	Thymus	nan	6	5
H11-MAA000880-3_11_M-1-1			3	H11.MAA000880.3_11_M.1.1-1-1	3_11_M	Thymus	False	1	False	H11.MAA000880.3_11_M.1.1-1-1	young_source_rule	H11.MAA000880.3_11_M.1.1-1-1-1	one_assay_suffix	3m	1	nan	DN4 thymocyte	CL:0002420	DN4 thymocyte	facs	3_11_M	559332.0	2148.0	male	nan	Thymus	nan	6	5
H11-MAA000934-3_9_M-1-1			3	H11.MAA000934.3_9_M.1.1-1-1	3_9_M	SCAT	False	1	False	H11.MAA000934.3_9_M.1.1-1-1	young_source_rule	H11.MAA000934.3_9_M.1.1-1-1-1	one_assay_suffix	3m	1	nan	NK cell	CL:0000084	nan	facs	3_9_M	126573.0	1816.0	male	Fat	SCAT	nan	4	21
H12-B000827-3_38_F-1-1			3	H12.B000827.3_38_F.1.1-1-1	3_38_F	Thymus	False	1	False	H12.B000827.3_38_F.1.1-1-1	young_source_rule	H12.B000827.3_38_F.1.1-1-1-1	one_assay_suffix	3m	1	nan	DN4 thymocyte	CL:0000894	DN4 thymocyte	facs	3_38_F	645511.0	2147.0	female	Flowthrough	Thymus	nan	4	9
H12-B002314-3_56_F-1-1			3	H12.B002314.3_56_F.1.1-1-1	3_56_F	MAT	False	1	False	H12.B002314.3_56_F.1.1-1-1	young_source_rule	H12.B002314.3_56_F.1.1-1-1-1	one_assay_suffix	3m	1	nan	CD4-positive, alpha-beta T cell	CL:0000084	nan	facs	3_56_F	1084935.0	2546.0	female	Fat	MAT	nan	4	9
H12-B003291-3_39_F-1-1			3	H12.B003291.3_39_F.1.1-1-1	3_39_F	Thymus	False	1	False	H12.B003291.3_39_F.1.1-1-1	young_source_rule	H12.B003291.3_39_F.1.1-1-1-1	one_assay_suffix	3m	1	nan	thymocyte	CL:0002420	DN to DP transition (most are Cd8+/ Cd4+, some undergoing VDJ recombination)	facs	3_39_F	1439663.0	1695.0	female	Flowthrough	Thymus	nan	21	23
H12-MAA000607-3_9_M-1-1			3	H12.MAA000607.3_9_M.1.1-1-1	3_9_M	Thymus	False	1	False	H12.MAA000607.3_9_M.1.1-1-1	young_source_rule	H12.MAA000607.3_9_M.1.1-1-1-1	one_assay_suffix	3m	1	nan	DN4 thymocyte	CL:0002420	DN4 thymocyte	facs	3_9_M	421160.0	2368.0	male	nan	Thymus	nan	6	5
H12-MAA000609-3_8_M-1-1			3	H12.MAA000609.3_8_M.1.1-1-1	3_8_M	Thymus	False	1	False	H12.MAA000609.3_8_M.1.1-1-1	young_source_rule	H12.MAA000609.3_8_M.1.1-1-1-1	one_assay_suffix	3m	1	nan	thymocyte	CL:0002420	proliferating thymocyte; DN to DP transition, dividing (some are Cd8+/ Cd4+, some undergoing VDJ recombination)	facs	3_8_M	490055.0	3085.0	male	nan	Thymus	nan	21	23
H12-MAA000914-3_9_M-1-1			3	H12.MAA000914.3_9_M.1.1-1-1	3_9_M	MAT	False	1	False	H12.MAA000914.3_9_M.1.1-1-1	young_source_rule	H12.MAA000914.3_9_M.1.1-1-1-1	one_assay_suffix	3m	1	nan	CD4-positive, alpha-beta T cell	CL:0000084	nan	facs	3_9_M	713443.0	3411.0	male	Fat	MAT	nan	4	21
H13-B000827-3_38_F-1-1			3	H13.B000827.3_38_F.1.1-1-1	3_38_F	Thymus	False	1	False	H13.B000827.3_38_F.1.1-1-1	young_source_rule	H13.B000827.3_38_F.1.1-1-1-1	one_assay_suffix	3m	1	nan	DN4 thymocyte	CL:0002420	DN4 thymocyte	facs	3_38_F	613137.0	2175.0	female	Flowthrough	Thymus	nan	6	5
H13-B002955-3_56_F-1-1			3	H13.B002955.3_56_F.1.1-1-1	3_56_F	GAT	False	1	False	H13.B002955.3_56_F.1.1-1-1	young_source_rule	H13.B002955.3_56_F.1.1-1-1-1	one_assay_suffix	3m	1	nan	CD8-positive, alpha-beta T cell	CL:0000084	nan	facs	3_56_F	468309.0	2286.0	female	Fat	GAT	nan	4	21
H13-B003291-3_39_F-1-1			3	H13.B003291.3_39_F.1.1-1-1	3_39_F	Thymus	False	1	False	H13.B003291.3_39_F.1.1-1-1	young_source_rule	H13.B003291.3_39_F.1.1-1-1-1	one_assay_suffix	3m	1	nan	DN4 thymocyte	CL:0002420	DN4 thymocyte	facs	3_39_F	1497863.0	1900.0	female	Flowthrough	Thymus	nan	6	5
H13-D043526-3_39_F-1-1			3	H13.D043526.3_39_F.1.1-1-1	3_39_F	SCAT	False	1	False	H13.D043526.3_39_F.1.1-1-1	young_source_rule	H13.D043526.3_39_F.1.1-1-1-1	one_assay_suffix	3m	1	nan	T cell	CL:0000084	nan	facs	3_39_F	272136.0	1521.0	female	Fat	SCAT	nan	6	5
H13-MAA000607-3_9_M-1-1			3	H13.MAA000607.3_9_M.1.1-1-1	3_9_M	Thymus	False	1	False	H13.MAA000607.3_9_M.1.1-1-1	young_source_rule	H13.MAA000607.3_9_M.1.1-1-1-1	one_assay_suffix	3m	1	nan	DN4 thymocyte	CL:0002420	DN4 thymocyte	facs	3_9_M	54379.0	1654.0	male	nan	Thymus	nan	6	5
H13-MAA000844-3_10_M-1-1			3	H13.MAA000844.3_10_M.1.1-1-1	3_10_M	Marrow	False	1	False	H13.MAA000844.3_10_M.1.1-1-1	young_source_rule	H13.MAA000844.3_10_M.1.1-1-1-1	one_assay_suffix	3m	1	nan	granulocytopoietic cell	CL:0002191	granulocytopoietic cell	facs	3_10_M	1826479.0	5029.0	male	T-cells	Marrow	nan	12	18
H13-MAA000880-3_11_M-1-1			3	H13.MAA000880.3_11_M.1.1-1-1	3_11_M	Thymus	False	1	False	H13.MAA000880.3_11_M.1.1-1-1	young_source_rule	H13.MAA000880.3_11_M.1.1-1-1-1	one_assay_suffix	3m	1	nan	DN4 thymocyte	CL:0002420	DN4 thymocyte	facs	3_11_M	631196.0	1321.0	male	nan	Thymus	nan	6	5
H14-B000827-3_38_F-1-1			3	H14.B000827.3_38_F.1.1-1-1	3_38_F	Thymus	False	1	False	H14.B000827.3_38_F.1.1-1-1	young_source_rule	H14.B000827.3_38_F.1.1-1-1-1	one_assay_suffix	3m	1	nan	DN4 thymocyte	CL:0002420	DN4 thymocyte	facs	3_38_F	586840.0	1778.0	female	Flowthrough	Thymus	nan	4	21
H14-B003291-3_39_F-1-1			3	H14.B003291.3_39_F.1.1-1-1	3_39_F	Thymus	False	1	False	H14.B003291.3_39_F.1.1-1-1	young_source_rule	H14.B003291.3_39_F.1.1-1-1-1	one_assay_suffix	3m	1	nan	thymocyte	CL:0002420	DN to DP transition (most are Cd8+/ Cd4+, some undergoing VDJ recombination)	facs	3_39_F	1957740.0	1681.0	female	Flowthrough	Thymus	nan	21	23
H14-D043520-3_39_F-1-1			3	H14.D043520.3_39_F.1.1-1-1	3_39_F	MAT	False	1	False	H14.D043520.3_39_F.1.1-1-1	young_source_rule	H14.D043520.3_39_F.1.1-1-1-1	one_assay_suffix	3m	1	nan	CD8-positive, alpha-beta T cell	CL:0000084	nan	facs	3_39_F	546028.0	1942.0	female	Fat	MAT	nan	6	5
H14-MAA000607-3_9_M-1-1			3	H14.MAA000607.3_9_M.1.1-1-1	3_9_M	Thymus	False	1	False	H14.MAA000607.3_9_M.1.1-1-1	young_source_rule	H14.MAA000607.3_9_M.1.1-1-1-1	one_assay_suffix	3m	1	nan	thymocyte	CL:0002420	DN to DP transition (most are Cd8+/ Cd4+, some undergoing VDJ recombination)	facs	3_9_M	203648.0	1646.0	male	nan	Thymus	nan	21	23
H14-MAA000779-3_11_M-1-1			3	H14.MAA000779.3_11_M.1.1-1-1	3_11_M	Spleen	False	1	False	H14.MAA000779.3_11_M.1.1-1-1	young_source_rule	H14.MAA000779.3_11_M.1.1-1-1-1	one_assay_suffix	3m	1	nan	CD4-positive, alpha-beta T cell	CL:0000084	Cd3e T cell	facs	3_11_M	183156.0	1334.0	male	nan	Spleen	nan	6	5
H14-MAA000877-3_11_M-1-1			3	H14.MAA000877.3_11_M.1.1-1-1	3_11_M	MAT	False	1	False	H14.MAA000877.3_11_M.1.1-1-1	young_source_rule	H14.MAA000877.3_11_M.1.1-1-1-1	one_assay_suffix	3m	1	nan	CD8-positive, alpha-beta T cell	CL:0000084	nan	facs	3_11_M	900834.0	1801.0	male	Fat	MAT	nan	6	5
H14-MAA000880-3_11_M-1-1			3	H14.MAA000880.3_11_M.1.1-1-1	3_11_M	Thymus	False	1	False	H14.MAA000880.3_11_M.1.1-1-1	young_source_rule	H14.MAA000880.3_11_M.1.1-1-1-1	one_assay_suffix	3m	1	nan	thymocyte	CL:0002420	proliferating thymocyte; DN to DP transition, dividing (some are Cd8+/ Cd4+, some undergoing VDJ recombination)	facs	3_11_M	1134221.0	3355.0	male	nan	Thymus	nan	21	23
H14-MAA000914-3_9_M-1-1			3	H14.MAA000914.3_9_M.1.1-1-1	3_9_M	MAT	False	1	False	H14.MAA000914.3_9_M.1.1-1-1	young_source_rule	H14.MAA000914.3_9_M.1.1-1-1-1	one_assay_suffix	3m	1	nan	CD4-positive, alpha-beta T cell	CL:0000084	nan	facs	3_9_M	222735.0	1487.0	male	Fat	MAT	nan	6	5
H15-B000827-3_38_F-1-1			3	H15.B000827.3_38_F.1.1-1-1	3_38_F	Thymus	False	1	False	H15.B000827.3_38_F.1.1-1-1	young_source_rule	H15.B000827.3_38_F.1.1-1-1-1	one_assay_suffix	3m	1	nan	DN4 thymocyte	CL:0002420	DN4 thymocyte	facs	3_38_F	612157.0	2127.0	female	Flowthrough	Thymus	nan	6	5
H15-B003291-3_39_F-1-1			3	H15.B003291.3_39_F.1.1-1-1	3_39_F	Thymus	False	1	False	H15.B003291.3_39_F.1.1-1-1	young_source_rule	H15.B003291.3_39_F.1.1-1-1-1	one_assay_suffix	3m	1	nan	thymocyte	CL:0002420	DN to DP transition (most are Cd8+/ Cd4+, some undergoing VDJ recombination)	facs	3_39_F	1587266.0	1394.0	female	Flowthrough	Thymus	nan	21	23
H15-MAA000607-3_9_M-1-1			3	H15.MAA000607.3_9_M.1.1-1-1	3_9_M	Thymus	False	1	False	H15.MAA000607.3_9_M.1.1-1-1	young_source_rule	H15.MAA000607.3_9_M.1.1-1-1-1	one_assay_suffix	3m	1	nan	thymocyte	CL:0002420	DN to DP transition (most are Cd8+/ Cd4+, some undergoing VDJ recombination)	facs	3_9_M	100781.0	1339.0	male	nan	Thymus	nan	21	23
H15-MAA000880-3_11_M-1-1			3	H15.MAA000880.3_11_M.1.1-1-1	3_11_M	Thymus	False	1	False	H15.MAA000880.3_11_M.1.1-1-1	young_source_rule	H15.MAA000880.3_11_M.1.1-1-1-1	one_assay_suffix	3m	1	nan	thymocyte	CL:0002420	proliferating thymocyte; DN to DP transition, dividing (some are Cd8+/ Cd4+, some undergoing VDJ recombination)	facs	3_11_M	940081.0	3298.0	male	nan	Thymus	nan	21	23
H16-B000827-3_38_F-1-1			3	H16.B000827.3_38_F.1.1-1-1	3_38_F	Thymus	False	1	False	H16.B000827.3_38_F.1.1-1-1	young_source_rule	H16.B000827.3_38_F.1.1-1-1-1	one_assay_suffix	3m	1	nan	DN4 thymocyte	CL:0002420	DN4 thymocyte	facs	3_38_F	462520.0	2464.0	female	Flowthrough	Thymus	nan	6	5
H16-D045058-3_39_F-1-1			3	H16.D045058.3_39_F.1.1-1-1	3_39_F	GAT	False	1	False	H16.D045058.3_39_F.1.1-1-1	young_source_rule	H16.D045058.3_39_F.1.1-1-1-1	one_assay_suffix	3m	1	nan	T cell	CL:0000084	nan	facs	3_39_F	1031905.0	2447.0	female	Fat	GAT	nan	4	21
H16-MAA000607-3_9_M-1-1			3	H16.MAA000607.3_9_M.1.1-1-1	3_9_M	Thymus	False	1	False	H16.MAA000607.3_9_M.1.1-1-1	young_source_rule	H16.MAA000607.3_9_M.1.1-1-1-1	one_assay_suffix	3m	1	nan	thymocyte	CL:0002420	DN to DP transition (most are Cd8+/ Cd4+, some undergoing VDJ recombination)	facs	3_9_M	132290.0	1504.0	male	nan	Thymus	nan	21	23
H16-MAA000779-3_11_M-1-1			3	H16.MAA000779.3_11_M.1.1-1-1	3_11_M	Spleen	False	1	False	H16.MAA000779.3_11_M.1.1-1-1	young_source_rule	H16.MAA000779.3_11_M.1.1-1-1-1	one_assay_suffix	3m	1	nan	CD4-positive, alpha-beta T cell	CL:0000084	Cd3e T cell	facs	3_11_M	242835.0	3148.0	male	nan	Spleen	nan	4	21
H16-MAA000880-3_11_M-1-1			3	H16.MAA000880.3_11_M.1.1-1-1	3_11_M	Thymus	False	1	False	H16.MAA000880.3_11_M.1.1-1-1	young_source_rule	H16.MAA000880.3_11_M.1.1-1-1-1	one_assay_suffix	3m	1	nan	thymocyte	CL:0002420	DN to DP transition (most are Cd8+/ Cd4+, some undergoing VDJ recombination)	facs	3_11_M	771609.0	2386.0	male	nan	Thymus	nan	21	23
H17-B000971-3_39_F-1-1			3	H17.B000971.3_39_F.1.1-1-1	3_39_F	Spleen	False	1	False	H17.B000971.3_39_F.1.1-1-1	young_source_rule	H17.B000971.3_39_F.1.1-1-1-1	one_assay_suffix	3m	1	nan	CD8-positive, alpha-beta T cell	CL:0000084	Cd3e T cell	facs	3_39_F	540234.0	1691.0	female	nan	Spleen	nan	6	5
H17-B003291-3_39_F-1-1			3	H17.B003291.3_39_F.1.1-1-1	3_39_F	Thymus	False	1	False	H17.B003291.3_39_F.1.1-1-1	young_source_rule	H17.B003291.3_39_F.1.1-1-1-1	one_assay_suffix	3m	1	nan	thymocyte	CL:0002420	DN to DP transition (most are Cd8+/ Cd4+, some undergoing VDJ recombination)	facs	3_39_F	1901287.0	1560.0	female	Flowthrough	Thymus	nan	21	23
H17-D045139-3_39_F-1-1	44.0	2.0	3	H17.D045139.3_39_F.1.1-1-1	3_39_F	Marrow	True	2	True	H17.D045139.3_39_F.1.1-1-1	young_source_rule	H17.D045139.3_39_F.1.1-1-1-1	one_assay_suffix	3m	1	nan	promonocyte	CL:0000557	monocyte + promonocyte	facs	3_39_F	444924.0	3039.0	female	Granulocytes	Marrow	nan	15	17
H17-MAA000607-3_9_M-1-1			3	H17.MAA000607.3_9_M.1.1-1-1	3_9_M	Thymus	False	1	False	H17.MAA000607.3_9_M.1.1-1-1	young_source_rule	H17.MAA000607.3_9_M.1.1-1-1-1	one_assay_suffix	3m	1	nan	thymocyte	CL:0002420	DN to DP transition (most are Cd8+/ Cd4+, some undergoing VDJ recombination)	facs	3_9_M	131267.0	1411.0	male	nan	Thymus	nan	21	23
H18-B003291-3_39_F-1-1			3	H18.B003291.3_39_F.1.1-1-1	3_39_F	Thymus	False	1	False	H18.B003291.3_39_F.1.1-1-1	young_source_rule	H18.B003291.3_39_F.1.1-1-1-1	one_assay_suffix	3m	1	nan	thymocyte	CL:0002420	DN to DP transition (most are Cd8+/ Cd4+, some undergoing VDJ recombination)	facs	3_39_F	2406011.0	1293.0	female	Flowthrough	Thymus	nan	21	23
H18-MAA000607-3_9_M-1-1			3	H18.MAA000607.3_9_M.1.1-1-1	3_9_M	Thymus	False	1	False	H18.MAA000607.3_9_M.1.1-1-1	young_source_rule	H18.MAA000607.3_9_M.1.1-1-1-1	one_assay_suffix	3m	1	nan	thymocyte	CL:0002420	DN to DP transition (most are Cd8+/ Cd4+, some undergoing VDJ recombination)	facs	3_9_M	173381.0	1730.0	male	nan	Thymus	nan	21	23
H19-B000827-3_38_F-1-1			3	H19.B000827.3_38_F.1.1-1-1	3_38_F	Thymus	False	1	False	H19.B000827.3_38_F.1.1-1-1	young_source_rule	H19.B000827.3_38_F.1.1-1-1-1	one_assay_suffix	3m	1	nan	DN4 thymocyte	CL:0002420	DN4 thymocyte	facs	3_38_F	818087.0	2119.0	female	Flowthrough	Thymus	nan	6	5
H19-MAA000607-3_9_M-1-1			3	H19.MAA000607.3_9_M.1.1-1-1	3_9_M	Thymus	False	1	False	H19.MAA000607.3_9_M.1.1-1-1	young_source_rule	H19.MAA000607.3_9_M.1.1-1-1-1	one_assay_suffix	3m	1	nan	DN4 thymocyte	CL:0002420	DN4 thymocyte	facs	3_9_M	218824.0	2301.0	male	nan	Thymus	nan	6	5
H2-B000827-3_38_F-1-1			3	H2.B000827.3_38_F.1.1-1-1	3_38_F	Thymus	False	1	False	H2.B000827.3_38_F.1.1-1-1	young_source_rule	H2.B000827.3_38_F.1.1-1-1-1	one_assay_suffix	3m	1	nan	DN4 thymocyte	CL:0002420	DN4 thymocyte	facs	3_38_F	870400.0	1806.0	female	Flowthrough	Thymus	nan	6	5
H2-B000971-3_39_F-1-1	25.0	2.0	3	H2.B000971.3_39_F.1.1-1-1	3_39_F	Spleen	True	2	True	H2.B000971.3_39_F.1.1-1-1	young_source_rule	H2.B000971.3_39_F.1.1-1-1-1	one_assay_suffix	3m	1	nan	CD8-positive, alpha-beta T cell	CL:0000084	nan	facs	3_39_F	871508.0	3760.0	female	nan	Spleen	nan	40	9
H2-B003291-3_39_F-1-1			3	H2.B003291.3_39_F.1.1-1-1	3_39_F	Thymus	False	1	False	H2.B003291.3_39_F.1.1-1-1	young_source_rule	H2.B003291.3_39_F.1.1-1-1-1	one_assay_suffix	3m	1	nan	thymocyte	CL:0002420	proliferating thymocyte; DN to DP transition, dividing (some are Cd8+/ Cd4+, some undergoing VDJ recombination)	facs	3_39_F	3343436.0	4201.0	female	Flowthrough	Thymus	nan	21	23
H2-MAA000607-3_9_M-1-1			3	H2.MAA000607.3_9_M.1.1-1-1	3_9_M	Thymus	False	1	False	H2.MAA000607.3_9_M.1.1-1-1	young_source_rule	H2.MAA000607.3_9_M.1.1-1-1-1	one_assay_suffix	3m	1	nan	thymocyte	CL:0002420	DN to DP transition (most are Cd8+/ Cd4+, some undergoing VDJ recombination)	facs	3_9_M	167740.0	1505.0	male	nan	Thymus	nan	21	23
H20-B003291-3_39_F-1-1			3	H20.B003291.3_39_F.1.1-1-1	3_39_F	Thymus	False	1	False	H20.B003291.3_39_F.1.1-1-1	young_source_rule	H20.B003291.3_39_F.1.1-1-1-1	one_assay_suffix	3m	1	nan	thymocyte	CL:0002420	DN to DP transition (most are Cd8+/ Cd4+, some undergoing VDJ recombination)	facs	3_39_F	2969255.0	1802.0	female	Flowthrough	Thymus	nan	21	23
H20-MAA000496-3_10_M-1-1			3	H20.MAA000496.3_10_M.1.1-1-1	3_10_M	Trachea	False	1	False	H20.MAA000496.3_10_M.1.1-1-1	young_source_rule	H20.MAA000496.3_10_M.1.1-1-1-1	one_assay_suffix	3m	1	nan	T cell	CL:0000081	nan	facs	3_10_M	625310.0	2740.0	male	nan	Trachea	nan	4	21
H20-MAA000607-3_9_M-1-1			3	H20.MAA000607.3_9_M.1.1-1-1	3_9_M	Thymus	False	1	False	H20.MAA000607.3_9_M.1.1-1-1	young_source_rule	H20.MAA000607.3_9_M.1.1-1-1-1	one_assay_suffix	3m	1	nan	thymocyte	CL:0002420	DN to DP transition (most are Cd8+/ Cd4+, some undergoing VDJ recombination)	facs	3_9_M	85550.0	1270.0	male	nan	Thymus	nan	21	23
H20-MAA000779-3_11_M-1-1			3	H20.MAA000779.3_11_M.1.1-1-1	3_11_M	Spleen	False	1	False	H20.MAA000779.3_11_M.1.1-1-1	young_source_rule	H20.MAA000779.3_11_M.1.1-1-1-1	one_assay_suffix	3m	1	nan	CD8-positive, alpha-beta T cell	CL:0000084	Cd3e T cell	facs	3_11_M	174840.0	1283.0	male	nan	Spleen	nan	6	5
H21-B000827-3_38_F-1-1			3	H21.B000827.3_38_F.1.1-1-1	3_38_F	Thymus	False	1	False	H21.B000827.3_38_F.1.1-1-1	young_source_rule	H21.B000827.3_38_F.1.1-1-1-1	one_assay_suffix	3m	1	nan	DN4 thymocyte	CL:0002420	DN4 thymocyte	facs	3_38_F	2290268.0	2035.0	female	Flowthrough	Thymus	nan	6	5
H21-B003291-3_39_F-1-1			3	H21.B003291.3_39_F.1.1-1-1	3_39_F	Thymus	False	1	False	H21.B003291.3_39_F.1.1-1-1	young_source_rule	H21.B003291.3_39_F.1.1-1-1-1	one_assay_suffix	3m	1	nan	thymocyte	CL:0002420	DN to DP transition (most are Cd8+/ Cd4+, some undergoing VDJ recombination)	facs	3_39_F	2515452.0	1023.0	female	Flowthrough	Thymus	nan	21	23
H21-MAA000607-3_9_M-1-1			3	H21.MAA000607.3_9_M.1.1-1-1	3_9_M	Thymus	False	1	False	H21.MAA000607.3_9_M.1.1-1-1	young_source_rule	H21.MAA000607.3_9_M.1.1-1-1-1	one_assay_suffix	3m	1	nan	DN4 thymocyte	CL:0002420	DN4 thymocyte	facs	3_9_M	300871.0	2465.0	male	nan	Thymus	nan	6	5
H21-MAA000880-3_11_M-1-1			3	H21.MAA000880.3_11_M.1.1-1-1	3_11_M	Thymus	False	1	False	H21.MAA000880.3_11_M.1.1-1-1	young_source_rule	H21.MAA000880.3_11_M.1.1-1-1-1	one_assay_suffix	3m	1	nan	DN4 thymocyte	CL:0000738	DN4 thymocyte	facs	3_11_M	580055.0	2356.0	male	nan	Thymus	nan	6	5
H21-MAA000891-3_10_M-1-1			3	H21.MAA000891.3_10_M.1.1-1-1	3_10_M	Lung	False	1	False	H21.MAA000891.3_10_M.1.1-1-1	young_source_rule	H21.MAA000891.3_10_M.1.1-1-1-1	one_assay_suffix	3m	1	nan	CD8-positive, alpha-beta T cell	CL:0000084	CD8+ T	facs	3_10_M	1974188.0	2555.0	male	nan	Lung	nan	4	9
H21-MAA001847-3_39_F-1-1			3	H21.MAA001847.3_39_F.1.1-1-1	3_39_F	Lung	False	1	False	H21.MAA001847.3_39_F.1.1-1-1	young_source_rule	H21.MAA001847.3_39_F.1.1-1-1-1	one_assay_suffix	3m	1	nan	CD4-positive, alpha-beta T cell	CL:0000084	CD4+ T	facs	3_39_F	343229.0	2657.0	female	EPCAM	Lung	nan	6	5
H21-MAA001865-3_38_F-1-1			3	H21.MAA001865.3_38_F.1.1-1-1	3_38_F	Trachea	False	1	False	H21.MAA001865.3_38_F.1.1-1-1	young_source_rule	H21.MAA001865.3_38_F.1.1-1-1-1	one_assay_suffix	3m	1	nan	T cell	CL:0000081	nan	facs	3_38_F	399987.0	4023.0	female	nan	Trachea	nan	21	23
H22-B000827-3_38_F-1-1			3	H22.B000827.3_38_F.1.1-1-1	3_38_F	Thymus	False	1	False	H22.B000827.3_38_F.1.1-1-1	young_source_rule	H22.B000827.3_38_F.1.1-1-1-1	one_assay_suffix	3m	1	nan	DN4 thymocyte	CL:0002420	DN4 thymocyte	facs	3_38_F	1635775.0	2856.0	female	Flowthrough	Thymus	nan	6	5
H22-B003290-3_38_F-1-1			3	H22.B003290.3_38_F.1.1-1-1	3_38_F	Brain_Non-Myeloid	False	1	False	H22.B003290.3_38_F.1.1-1-1	young_source_rule	H22.B003290.3_38_F.1.1-1-1-1	one_assay_suffix	3m	1	nan	T cell	CL:0000128	nan	facs	3_38_F	443368.0	1156.0	female	Striatum	Brain_Non-Myeloid	nan	6	5
H22-B003291-3_39_F-1-1			3	H22.B003291.3_39_F.1.1-1-1	3_39_F	Thymus	False	1	False	H22.B003291.3_39_F.1.1-1-1	young_source_rule	H22.B003291.3_39_F.1.1-1-1-1	one_assay_suffix	3m	1	nan	thymocyte	CL:0002420	DN to DP transition (most are Cd8+/ Cd4+, some undergoing VDJ recombination)	facs	3_39_F	2492681.0	1307.0	female	Flowthrough	Thymus	nan	21	23
H22-MAA000607-3_9_M-1-1			3	H22.MAA000607.3_9_M.1.1-1-1	3_9_M	Thymus	False	1	False	H22.MAA000607.3_9_M.1.1-1-1	young_source_rule	H22.MAA000607.3_9_M.1.1-1-1-1	one_assay_suffix	3m	1	nan	thymocyte	CL:0002420	DN to DP transition (most are Cd8+/ Cd4+, some undergoing VDJ recombination)	facs	3_9_M	200187.0	1812.0	male	nan	Thymus	nan	21	23
H22-MAA000609-3_8_M-1-1			3	H22.MAA000609.3_8_M.1.1-1-1	3_8_M	Thymus	False	1	False	H22.MAA000609.3_8_M.1.1-1-1	young_source_rule	H22.MAA000609.3_8_M.1.1-1-1-1	one_assay_suffix	3m	1	nan	thymocyte	CL:0002420	proliferating thymocyte; DN to DP transition, dividing (some are Cd8+/ Cd4+, some undergoing VDJ recombination)	facs	3_8_M	443322.0	3067.0	male	nan	Thymus	nan	21	23
H22-MAA000779-3_11_M-1-1			3	H22.MAA000779.3_11_M.1.1-1-1	3_11_M	Spleen	False	1	False	H22.MAA000779.3_11_M.1.1-1-1	young_source_rule	H22.MAA000779.3_11_M.1.1-1-1-1	one_assay_suffix	3m	1	nan	CD4-positive, alpha-beta T cell	CL:0000084	Cd3e T cell	facs	3_11_M	222283.0	1346.0	male	nan	Spleen	nan	6	5
H3-B000827-3_38_F-1-1			3	H3.B000827.3_38_F.1.1-1-1	3_38_F	Thymus	False	1	False	H3.B000827.3_38_F.1.1-1-1	young_source_rule	H3.B000827.3_38_F.1.1-1-1-1	one_assay_suffix	3m	1	nan	DN4 thymocyte	CL:0002420	DN4 thymocyte	facs	3_38_F	714110.0	2058.0	female	Flowthrough	Thymus	nan	6	5
H3-B000971-3_39_F-1-1	47.0	3.0	3	H3.B000971.3_39_F.1.1-1-1	3_39_F	Spleen	True	3	True	H3.B000971.3_39_F.1.1-1-1	young_source_rule	H3.B000971.3_39_F.1.1-1-1-1	one_assay_suffix	3m	1	nan	B cell	CL:0000236	CD79a B cell	facs	3_39_F	567841.0	3777.0	female	nan	Spleen	nan	0	48
H3-MAA000607-3_9_M-1-1			3	H3.MAA000607.3_9_M.1.1-1-1	3_9_M	Thymus	False	1	False	H3.MAA000607.3_9_M.1.1-1-1	young_source_rule	H3.MAA000607.3_9_M.1.1-1-1-1	one_assay_suffix	3m	1	nan	DN4 thymocyte	CL:0002420	DN4 thymocyte	facs	3_9_M	263506.0	2568.0	male	nan	Thymus	nan	6	5
H3-MAA001845-3_39_F-1-1	4.0	2.0	3	H3.MAA001845.3_39_F.1.1-1-1	3_39_F	Brain_Non-Myeloid	True	1	False	H3.MAA001845.3_39_F.1.1-1-1	young_source_rule		unmatched																
H4-B000827-3_38_F-1-1			3	H4.B000827.3_38_F.1.1-1-1	3_38_F	Thymus	False	1	False	H4.B000827.3_38_F.1.1-1-1	young_source_rule	H4.B000827.3_38_F.1.1-1-1-1	one_assay_suffix	3m	1	nan	DN4 thymocyte	CL:0002420	DN4 thymocyte	facs	3_38_F	639973.0	2065.0	female	Flowthrough	Thymus	nan	6	5
H4-B001717-3_38_F-1-1			3	H4.B001717.3_38_F.1.1-1-1	3_38_F	Kidney	False	1	False	H4.B001717.3_38_F.1.1-1-1	young_source_rule	H4.B001717.3_38_F.1.1-1-1-1	one_assay_suffix	3m	1	nan	T cell	CL:0002306	T cell	facs	3_38_F	456126.0	974.0	female	nan	Kidney	nan	6	5
H4-B003284-3_39_F-1-1			3	H4.B003284.3_39_F.1.1-1-1	3_39_F	Thymus	False	1	False	H4.B003284.3_39_F.1.1-1-1	young_source_rule		unmatched																
H4-B003291-3_39_F-1-1			3	H4.B003291.3_39_F.1.1-1-1	3_39_F	Thymus	False	1	False	H4.B003291.3_39_F.1.1-1-1	young_source_rule	H4.B003291.3_39_F.1.1-1-1-1	one_assay_suffix	3m	1	nan	thymocyte	CL:0002420	DN to DP transition (most are Cd8+/ Cd4+, some undergoing VDJ recombination)	facs	3_39_F	1445541.0	1621.0	female	Flowthrough	Thymus	nan	21	23
H4-MAA000607-3_9_M-1-1			3	H4.MAA000607.3_9_M.1.1-1-1	3_9_M	Thymus	False	1	False	H4.MAA000607.3_9_M.1.1-1-1	young_source_rule	H4.MAA000607.3_9_M.1.1-1-1-1	one_assay_suffix	3m	1	nan	thymocyte	CL:0002420	DN to DP transition (most are Cd8+/ Cd4+, some undergoing VDJ recombination)	facs	3_9_M	145119.0	1959.0	male	nan	Thymus	nan	21	23
H5-B000827-3_38_F-1-1			3	H5.B000827.3_38_F.1.1-1-1	3_38_F	Thymus	False	1	False	H5.B000827.3_38_F.1.1-1-1	young_source_rule	H5.B000827.3_38_F.1.1-1-1-1	one_assay_suffix	3m	1	nan	DN4 thymocyte	CL:0002420	DN4 thymocyte	facs	3_38_F	977055.0	1985.0	female	Flowthrough	Thymus	nan	6	5
H5-B000971-3_39_F-1-1			3	H5.B000971.3_39_F.1.1-1-1	3_39_F	Spleen	False	1	False	H5.B000971.3_39_F.1.1-1-1	young_source_rule	H5.B000971.3_39_F.1.1-1-1-1	one_assay_suffix	3m	1	nan	CD8-positive, alpha-beta T cell	CL:0000084	Cd3e T cell	facs	3_39_F	370811.0	1202.0	female	nan	Spleen	nan	6	5
H5-B003291-3_39_F-1-1			3	H5.B003291.3_39_F.1.1-1-1	3_39_F	Thymus	False	1	False	H5.B003291.3_39_F.1.1-1-1	young_source_rule	H5.B003291.3_39_F.1.1-1-1-1	one_assay_suffix	3m	1	nan	thymocyte	CL:0002420	proliferating thymocyte; DN to DP transition, dividing (some are Cd8+/ Cd4+, some undergoing VDJ recombination)	facs	3_39_F	3077201.0	3480.0	female	Flowthrough	Thymus	nan	21	23
H5-MAA000607-3_9_M-1-1			3	H5.MAA000607.3_9_M.1.1-1-1	3_9_M	Thymus	False	1	False	H5.MAA000607.3_9_M.1.1-1-1	young_source_rule	H5.MAA000607.3_9_M.1.1-1-1-1	one_assay_suffix	3m	1	nan	DN4 thymocyte	CL:0002420	DN4 thymocyte	facs	3_9_M	210736.0	1873.0	male	nan	Thymus	nan	6	5
H6-B000827-3_38_F-1-1			3	H6.B000827.3_38_F.1.1-1-1	3_38_F	Thymus	False	1	False	H6.B000827.3_38_F.1.1-1-1	young_source_rule	H6.B000827.3_38_F.1.1-1-1-1	one_assay_suffix	3m	1	nan	DN4 thymocyte	CL:0002420	DN4 thymocyte	facs	3_38_F	676421.0	1862.0	female	Flowthrough	Thymus	nan	6	5
H6-MAA000607-3_9_M-1-1			3	H6.MAA000607.3_9_M.1.1-1-1	3_9_M	Thymus	False	1	False	H6.MAA000607.3_9_M.1.1-1-1	young_source_rule	H6.MAA000607.3_9_M.1.1-1-1-1	one_assay_suffix	3m	1	nan	DN4 thymocyte	CL:0002420	DN4 thymocyte	facs	3_9_M	163804.0	1670.0	male	nan	Thymus	nan	4	21
H6-MAA000844-3_10_M-1-1			3	H6.MAA000844.3_10_M.1.1-1-1	3_10_M	Marrow	False	1	False	H6.MAA000844.3_10_M.1.1-1-1	young_source_rule	H6.MAA000844.3_10_M.1.1-1-1-1	one_assay_suffix	3m	1	nan	NK cell	CL:0000914	NK cell	facs	3_10_M	1232101.0	3289.0	male	T-cells	Marrow	nan	4	9
H7-B000827-3_38_F-1-1			3	H7.B000827.3_38_F.1.1-1-1	3_38_F	Thymus	False	1	False	H7.B000827.3_38_F.1.1-1-1	young_source_rule	H7.B000827.3_38_F.1.1-1-1-1	one_assay_suffix	3m	1	nan	DN4 thymocyte	CL:0002420	DN4 thymocyte	facs	3_38_F	633218.0	1833.0	female	Flowthrough	Thymus	nan	6	5
H7-B003291-3_39_F-1-1			3	H7.B003291.3_39_F.1.1-1-1	3_39_F	Thymus	False	1	False	H7.B003291.3_39_F.1.1-1-1	young_source_rule	H7.B003291.3_39_F.1.1-1-1-1	one_assay_suffix	3m	1	nan	DN4 thymocyte	CL:0002420	DN4 thymocyte	facs	3_39_F	1854044.0	1975.0	female	Flowthrough	Thymus	nan	6	5
H7-MAA000496-3_10_M-1-1			3	H7.MAA000496.3_10_M.1.1-1-1	3_10_M	Trachea	False	1	False	H7.MAA000496.3_10_M.1.1-1-1	young_source_rule	H7.MAA000496.3_10_M.1.1-1-1-1	one_assay_suffix	3m	1	nan	T cell	CL:0000081	nan	facs	3_10_M	551142.0	5007.0	male	nan	Trachea	nan	4	21
H7-MAA000607-3_9_M-1-1			3	H7.MAA000607.3_9_M.1.1-1-1	3_9_M	Thymus	False	1	False	H7.MAA000607.3_9_M.1.1-1-1	young_source_rule	H7.MAA000607.3_9_M.1.1-1-1-1	one_assay_suffix	3m	1	nan	thymocyte	CL:0002420	DN to DP transition (most are Cd8+/ Cd4+, some undergoing VDJ recombination)	facs	3_9_M	118411.0	1441.0	male	nan	Thymus	nan	21	23
H7-MAA000609-3_8_M-1-1			3	H7.MAA000609.3_8_M.1.1-1-1	3_8_M	Thymus	False	1	False	H7.MAA000609.3_8_M.1.1-1-1	young_source_rule	H7.MAA000609.3_8_M.1.1-1-1-1	one_assay_suffix	3m	1	nan	thymocyte	CL:0002420	DN to DP transition (most are Cd8+/ Cd4+, some undergoing VDJ recombination)	facs	3_8_M	1173486.0	2687.0	male	nan	Thymus	nan	21	23
H7-MAA000907-3_11_M-1-1			3	H7.MAA000907.3_11_M.1.1-1-1	3_11_M	Liver	False	1	False	H7.MAA000907.3_11_M.1.1-1-1	young_source_rule	H7.MAA000907.3_11_M.1.1-1-1-1	one_assay_suffix	3m	1	nan	mature NK T cell	CL:0000623	nan	facs	3_11_M	847937.0	4123.0	male	Non-hepatocytes	Liver	nan	4	9
H8-B000827-3_38_F-1-1			3	H8.B000827.3_38_F.1.1-1-1	3_38_F	Thymus	False	1	False	H8.B000827.3_38_F.1.1-1-1	young_source_rule	H8.B000827.3_38_F.1.1-1-1-1	one_assay_suffix	3m	1	nan	DN4 thymocyte	CL:0002420	DN4 thymocyte	facs	3_38_F	634548.0	1832.0	female	Flowthrough	Thymus	nan	6	5
H8-B001750-3_38_F-1-1			3	H8.B001750.3_38_F.1.1-1-1	3_38_F	Spleen	False	1	False	H8.B001750.3_38_F.1.1-1-1	young_source_rule	H8.B001750.3_38_F.1.1-1-1-1	one_assay_suffix	3m	1	nan	CD4-positive, alpha-beta T cell	CL:0000084	Cd3e T cell	facs	3_38_F	624099.0	2108.0	female	nan	Spleen	nan	6	5
H8-B002428-3_38_F-1-1			3	H8.B002428.3_38_F.1.1-1-1	3_38_F	Heart	False	1	False	H8.B002428.3_38_F.1.1-1-1	young_source_rule	H8.B002428.3_38_F.1.1-1-1-1	one_assay_suffix	3m	1	nan	T cell	CL:0000738	T cell	facs	3_38_F	497177.0	1242.0	female	LA	Heart	nan	6	5
H8-B002431-3_39_F-1-1			3	H8.B002431.3_39_F.1.1-1-1	3_39_F	Aorta	False	1	False	H8.B002431.3_39_F.1.1-1-1	young_source_rule		unmatched																
H8-B003291-3_39_F-1-1			3	H8.B003291.3_39_F.1.1-1-1	3_39_F	Thymus	False	1	False	H8.B003291.3_39_F.1.1-1-1	young_source_rule	H8.B003291.3_39_F.1.1-1-1-1	one_assay_suffix	3m	1	nan	thymocyte	CL:0002420	DN to DP transition (most are Cd8+/ Cd4+, some undergoing VDJ recombination)	facs	3_39_F	2083155.0	2187.0	female	Flowthrough	Thymus	nan	21	23
H8-D043526-3_39_F-1-1			3	H8.D043526.3_39_F.1.1-1-1	3_39_F	SCAT	False	1	False	H8.D043526.3_39_F.1.1-1-1	young_source_rule	H8.D043526.3_39_F.1.1-1-1-1	one_assay_suffix	3m	1	nan	T cell	CL:0000084	nan	facs	3_39_F	790104.0	1756.0	female	Fat	SCAT	nan	6	5
H8-MAA000607-3_9_M-1-1			3	H8.MAA000607.3_9_M.1.1-1-1	3_9_M	Thymus	False	1	False	H8.MAA000607.3_9_M.1.1-1-1	young_source_rule	H8.MAA000607.3_9_M.1.1-1-1-1	one_assay_suffix	3m	1	nan	DN4 thymocyte	CL:0002420	DN4 thymocyte	facs	3_9_M	198982.0	1947.0	male	nan	Thymus	nan	6	5
H8-MAA000880-3_11_M-1-1			3	H8.MAA000880.3_11_M.1.1-1-1	3_11_M	Thymus	False	1	False	H8.MAA000880.3_11_M.1.1-1-1	young_source_rule	H8.MAA000880.3_11_M.1.1-1-1-1	one_assay_suffix	3m	1	nan	thymocyte	CL:0002420	proliferating thymocyte; DN to DP transition, dividing (some are Cd8+/ Cd4+, some undergoing VDJ recombination)	facs	3_11_M	1441286.0	2864.0	male	nan	Thymus	nan	21	23
H9-B000827-3_38_F-1-1			3	H9.B000827.3_38_F.1.1-1-1	3_38_F	Thymus	False	1	False	H9.B000827.3_38_F.1.1-1-1	young_source_rule	H9.B000827.3_38_F.1.1-1-1-1	one_assay_suffix	3m	1	nan	DN4 thymocyte	CL:0002420	DN4 thymocyte	facs	3_38_F	772449.0	1653.0	female	Flowthrough	Thymus	nan	6	5
H9-B003291-3_39_F-1-1	5.0	2.0	3	H9.B003291.3_39_F.1.1-1-1	3_39_F	Thymus	True	1	False	H9.B003291.3_39_F.1.1-1-1	young_source_rule	H9.B003291.3_39_F.1.1-1-1-1	one_assay_suffix	3m	1	nan	thymocyte	CL:0002420	DN to DP transition (most are Cd8+/ Cd4+, some undergoing VDJ recombination)	facs	3_39_F	1355903.0	1536.0	female	Flowthrough	Thymus	nan	21	23
H9-MAA000607-3_9_M-1-1			3	H9.MAA000607.3_9_M.1.1-1-1	3_9_M	Thymus	False	1	False	H9.MAA000607.3_9_M.1.1-1-1	young_source_rule	H9.MAA000607.3_9_M.1.1-1-1-1	one_assay_suffix	3m	1	nan	thymocyte	CL:0002420	DN to DP transition (most are Cd8+/ Cd4+, some undergoing VDJ recombination)	facs	3_9_M	182010.0	1520.0	male	nan	Thymus	nan	21	23
H9-MAA000609-3_8_M-1-1			3	H9.MAA000609.3_8_M.1.1-1-1	3_8_M	Thymus	False	1	False	H9.MAA000609.3_8_M.1.1-1-1	young_source_rule	H9.MAA000609.3_8_M.1.1-1-1-1	one_assay_suffix	3m	1	nan	thymocyte	CL:0002420	DN to DP transition (most are Cd8+/ Cd4+, some undergoing VDJ recombination)	facs	3_8_M	275349.0	1439.0	male	nan	Thymus	nan	21	23
H9-MAA001889-3_38_F-1-1			3	H9.MAA001889.3_38_F.1.1-1-1	3_38_F	Lung	False	1	False	H9.MAA001889.3_38_F.1.1-1-1	young_source_rule		unmatched																
I1-B000827-3_38_F-1-1			3	I1.B000827.3_38_F.1.1-1-1	3_38_F	Thymus	False	1	False	I1.B000827.3_38_F.1.1-1-1	young_source_rule	I1.B000827.3_38_F.1.1-1-1-1	one_assay_suffix	3m	1	nan	DN4 thymocyte	CL:0002420	DN4 thymocyte	facs	3_38_F	803743.0	2092.0	female	Flowthrough	Thymus	nan	6	5
I1-B003291-3_39_F-1-1			3	I1.B003291.3_39_F.1.1-1-1	3_39_F	Thymus	False	1	False	I1.B003291.3_39_F.1.1-1-1	young_source_rule	I1.B003291.3_39_F.1.1-1-1-1	one_assay_suffix	3m	1	nan	thymocyte	CL:0002420	proliferating thymocyte; DN to DP transition, dividing (some are Cd8+/ Cd4+, some undergoing VDJ recombination)	facs	3_39_F	1253802.0	2872.0	female	Flowthrough	Thymus	nan	21	23
I1-MAA000844-3_10_M-1-1			3	I1.MAA000844.3_10_M.1.1-1-1	3_10_M	Marrow	False	1	False	I1.MAA000844.3_10_M.1.1-1-1	young_source_rule	I1.MAA000844.3_10_M.1.1-1-1-1	one_assay_suffix	3m	1	nan	mature alpha-beta T cell	CL:0000914	BM CD8 + CD4 T cell	facs	3_10_M	1149637.0	3786.0	male	T-cells	Marrow	nan	4	9
I1-MAA001847-3_39_F-1-1			3	I1.MAA001847.3_39_F.1.1-1-1	3_39_F	Lung	False	1	False	I1.MAA001847.3_39_F.1.1-1-1	young_source_rule	I1.MAA001847.3_39_F.1.1-1-1-1	one_assay_suffix	3m	1	nan	CD4-positive, alpha-beta T cell	CL:0000084	CD4+ T	facs	3_39_F	148837.0	2181.0	female	EPCAM	Lung	nan	6	5
I1-MAA001889-3_38_F-1-1	8.0	3.0	3	I1.MAA001889.3_38_F.1.1-1-1	3_38_F	Lung	True	3	True	I1.MAA001889.3_38_F.1.1-1-1	young_source_rule		unmatched																
I10-B000827-3_38_F-1-1			3	I10.B000827.3_38_F.1.1-1-1	3_38_F	Thymus	False	1	False	I10.B000827.3_38_F.1.1-1-1	young_source_rule	I10.B000827.3_38_F.1.1-1-1-1	one_assay_suffix	3m	1	nan	DN4 thymocyte	CL:0002420	DN4 thymocyte	facs	3_38_F	623273.0	2371.0	female	Flowthrough	Thymus	nan	6	5
I10-B002314-3_56_F-1-1			3	I10.B002314.3_56_F.1.1-1-1	3_56_F	MAT	False	1	False	I10.B002314.3_56_F.1.1-1-1	young_source_rule	I10.B002314.3_56_F.1.1-1-1-1	one_assay_suffix	3m	1	nan	CD4-positive, alpha-beta T cell	CL:0000084	nan	facs	3_56_F	841834.0	2685.0	female	Fat	MAT	nan	6	5
I10-B003291-3_39_F-1-1			3	I10.B003291.3_39_F.1.1-1-1	3_39_F	Thymus	False	1	False	I10.B003291.3_39_F.1.1-1-1	young_source_rule	I10.B003291.3_39_F.1.1-1-1-1	one_assay_suffix	3m	1	nan	DN4 thymocyte	CL:0002420	DN4 thymocyte	facs	3_39_F	866453.0	1929.0	female	Flowthrough	Thymus	nan	6	5
I10-D043526-3_39_F-1-1			3	I10.D043526.3_39_F.1.1-1-1	3_39_F	SCAT	False	1	False	I10.D043526.3_39_F.1.1-1-1	young_source_rule	I10.D043526.3_39_F.1.1-1-1-1	one_assay_suffix	3m	1	nan	T cell	CL:0000084	nan	facs	3_39_F	297740.0	1797.0	female	Fat	SCAT	nan	6	9
I10-D045064-3_38_F-1-1	28.0	2.0	3	I10.D045064.3_38_F.1.1-1-1	3_38_F	MAT	True	1	False	I10.D045064.3_38_F.1.1-1-1	young_source_rule	I10.D045064.3_38_F.1.1-1-1-1	one_assay_suffix	3m	1	nan	CD4-positive, alpha-beta T cell	CL:0000084	nan	facs	3_38_F	794711.0	1198.0	female	Fat	MAT	nan	6	5
I10-MAA000508-3_9_M-1-1			3	I10.MAA000508.3_9_M.1.1-1-1	3_9_M	Spleen	False	1	False	I10.MAA000508.3_9_M.1.1-1-1	young_source_rule	I10.MAA000508.3_9_M.1.1-1-1-1	one_assay_suffix	3m	1	nan	CD8-positive, alpha-beta T cell	CL:0000084	nan	facs	3_9_M	355047.0	2692.0	male	nan	Spleen	nan	4	9
I10-MAA000607-3_9_M-1-1			3	I10.MAA000607.3_9_M.1.1-1-1	3_9_M	Thymus	False	1	False	I10.MAA000607.3_9_M.1.1-1-1	young_source_rule	I10.MAA000607.3_9_M.1.1-1-1-1	one_assay_suffix	3m	1	nan	thymocyte	CL:0002420	DN to DP transition (most are Cd8+/ Cd4+, some undergoing VDJ recombination)	facs	3_9_M	170458.0	1476.0	male	nan	Thymus	nan	21	23
I10-MAA000880-3_11_M-1-1			3	I10.MAA000880.3_11_M.1.1-1-1	3_11_M	Thymus	False	1	False	I10.MAA000880.3_11_M.1.1-1-1	young_source_rule	I10.MAA000880.3_11_M.1.1-1-1-1	one_assay_suffix	3m	1	nan	DN4 thymocyte	CL:0002420	DN4 thymocyte	facs	3_11_M	396888.0	1298.0	male	nan	Thymus	nan	6	5
I11-B000827-3_38_F-1-1			3	I11.B000827.3_38_F.1.1-1-1	3_38_F	Thymus	False	1	False	I11.B000827.3_38_F.1.1-1-1	young_source_rule	I11.B000827.3_38_F.1.1-1-1-1	one_assay_suffix	3m	1	nan	DN4 thymocyte	CL:0002420	DN4 thymocyte	facs	3_38_F	489240.0	1859.0	female	Flowthrough	Thymus	nan	4	21
I11-B003291-3_39_F-1-1			3	I11.B003291.3_39_F.1.1-1-1	3_39_F	Thymus	False	1	False	I11.B003291.3_39_F.1.1-1-1	young_source_rule	I11.B003291.3_39_F.1.1-1-1-1	one_assay_suffix	3m	1	nan	thymocyte	CL:0002420	DN to DP transition (most are Cd8+/ Cd4+, some undergoing VDJ recombination)	facs	3_39_F	1127140.0	1415.0	female	Flowthrough	Thymus	nan	21	23
I11-D043526-3_39_F-1-1			3	I11.D043526.3_39_F.1.1-1-1	3_39_F	SCAT	False	1	False	I11.D043526.3_39_F.1.1-1-1	young_source_rule	I11.D043526.3_39_F.1.1-1-1-1	one_assay_suffix	3m	1	nan	CD8-positive, alpha-beta T cell	CL:0000084	nan	facs	3_39_F	585805.0	2369.0	female	Fat	SCAT	nan	4	9
I11-MAA000607-3_9_M-1-1			3	I11.MAA000607.3_9_M.1.1-1-1	3_9_M	Thymus	False	1	False	I11.MAA000607.3_9_M.1.1-1-1	young_source_rule	I11.MAA000607.3_9_M.1.1-1-1-1	one_assay_suffix	3m	1	nan	thymocyte	CL:0002420	DN to DP transition (most are Cd8+/ Cd4+, some undergoing VDJ recombination)	facs	3_9_M	329352.0	2814.0	male	nan	Thymus	nan	21	23
I11-MAA000934-3_9_M-1-1			3	I11.MAA000934.3_9_M.1.1-1-1	3_9_M	SCAT	False	1	False	I11.MAA000934.3_9_M.1.1-1-1	young_source_rule	I11.MAA000934.3_9_M.1.1-1-1-1	one_assay_suffix	3m	1	nan	T cell	CL:0000084	nan	facs	3_9_M	471716.0	4077.0	male	Fat	SCAT	nan	4	21
I12-B000826-3_39_F-1-1	0.0	2.0	3	I12.B000826.3_39_F.1.1-1-1	3_39_F	Brain_Myeloid	True	2	True	I12.B000826.3_39_F.1.1-1-1	young_source_rule	I12.B000826.3_39_F.1.1-1-1-1	one_assay_suffix	3m	1	nan	microglial cell	CL:0000129	nan	facs	3_39_F	519666.0	3051.0	female	Cortex	Brain_Myeloid	nan	3	2
I12-B000827-3_38_F-1-1			3	I12.B000827.3_38_F.1.1-1-1	3_38_F	Thymus	False	1	False	I12.B000827.3_38_F.1.1-1-1	young_source_rule	I12.B000827.3_38_F.1.1-1-1-1	one_assay_suffix	3m	1	nan	DN4 thymocyte	CL:0002420	DN4 thymocyte	facs	3_38_F	662950.0	2064.0	female	Flowthrough	Thymus	nan	6	5
I12-B001750-3_38_F-1-1			3	I12.B001750.3_38_F.1.1-1-1	3_38_F	Spleen	False	1	False	I12.B001750.3_38_F.1.1-1-1	young_source_rule	I12.B001750.3_38_F.1.1-1-1-1	one_assay_suffix	3m	1	nan	CD4-positive, alpha-beta T cell	CL:0000084	Cd3e T cell	facs	3_38_F	795459.0	1738.0	female	nan	Spleen	nan	4	5
I12-MAA000607-3_9_M-1-1			3	I12.MAA000607.3_9_M.1.1-1-1	3_9_M	Thymus	False	1	False	I12.MAA000607.3_9_M.1.1-1-1	young_source_rule	I12.MAA000607.3_9_M.1.1-1-1-1	one_assay_suffix	3m	1	nan	thymocyte	CL:0002420	DN to DP transition (most are Cd8+/ Cd4+, some undergoing VDJ recombination)	facs	3_9_M	171584.0	1433.0	male	nan	Thymus	nan	21	23
I12-MAA000609-3_8_M-1-1			3	I12.MAA000609.3_8_M.1.1-1-1	3_8_M	Thymus	False	1	False	I12.MAA000609.3_8_M.1.1-1-1	young_source_rule	I12.MAA000609.3_8_M.1.1-1-1-1	one_assay_suffix	3m	1	nan	thymocyte	CL:0002420	DN to DP transition (most are Cd8+/ Cd4+, some undergoing VDJ recombination)	facs	3_8_M	274605.0	2454.0	male	nan	Thymus	nan	21	23
I13-B000827-3_38_F-1-1			3	I13.B000827.3_38_F.1.1-1-1	3_38_F	Thymus	False	1	False	I13.B000827.3_38_F.1.1-1-1	young_source_rule	I13.B000827.3_38_F.1.1-1-1-1	one_assay_suffix	3m	1	nan	DN4 thymocyte	CL:0002420	DN4 thymocyte	facs	3_38_F	419819.0	1830.0	female	Flowthrough	Thymus	nan	6	5
I13-B000971-3_39_F-1-1			3	I13.B000971.3_39_F.1.1-1-1	3_39_F	Spleen	False	1	False	I13.B000971.3_39_F.1.1-1-1	young_source_rule	I13.B000971.3_39_F.1.1-1-1-1	one_assay_suffix	3m	1	nan	CD8-positive, alpha-beta T cell	CL:0000084	Cd3e T cell	facs	3_39_F	745598.0	2118.0	female	nan	Spleen	nan	6	5
I13-B002954-3_56_F-1-1			3	I13.B002954.3_56_F.1.1-1-1	3_56_F	SCAT	False	1	False	I13.B002954.3_56_F.1.1-1-1	young_source_rule	I13.B002954.3_56_F.1.1-1-1-1	one_assay_suffix	3m	1	nan	NK cell	nan	nan	facs	3_56_F	446336.0	1883.0	female	Fat	SCAT	nan	4	21
I13-B002955-3_56_F-1-1			3	I13.B002955.3_56_F.1.1-1-1	3_56_F	GAT	False	1	False	I13.B002955.3_56_F.1.1-1-1	young_source_rule	I13.B002955.3_56_F.1.1-1-1-1	one_assay_suffix	3m	1	nan	CD8-positive, alpha-beta T cell	CL:0000084	nan	facs	3_56_F	387017.0	2057.0	female	Fat	GAT	nan	6	5
I13-B003291-3_39_F-1-1			3	I13.B003291.3_39_F.1.1-1-1	3_39_F	Thymus	False	1	False	I13.B003291.3_39_F.1.1-1-1	young_source_rule	I13.B003291.3_39_F.1.1-1-1-1	one_assay_suffix	3m	1	nan	thymocyte	CL:0002420	DN to DP transition (most are Cd8+/ Cd4+, some undergoing VDJ recombination)	facs	3_39_F	730537.0	2122.0	female	Flowthrough	Thymus	nan	21	23
I13-MAA000385-3_10_M-1-1			3	I13.MAA000385.3_10_M.1.1-1-1	3_10_M	SCAT	False	1	False	I13.MAA000385.3_10_M.1.1-1-1	young_source_rule	I13.MAA000385.3_10_M.1.1-1-1-1	one_assay_suffix	3m	1	nan	T cell	CL:0000084	nan	facs	3_10_M	728226.0	3592.0	male	Fat	SCAT	nan	6	5
I13-MAA000607-3_9_M-1-1			3	I13.MAA000607.3_9_M.1.1-1-1	3_9_M	Thymus	False	1	False	I13.MAA000607.3_9_M.1.1-1-1	young_source_rule	I13.MAA000607.3_9_M.1.1-1-1-1	one_assay_suffix	3m	1	nan	thymocyte	CL:0002420	DN to DP transition (most are Cd8+/ Cd4+, some undergoing VDJ recombination)	facs	3_9_M	153744.0	1395.0	male	nan	Thymus	nan	21	23
I13-MAA000609-3_8_M-1-1			3	I13.MAA000609.3_8_M.1.1-1-1	3_8_M	Thymus	False	1	False	I13.MAA000609.3_8_M.1.1-1-1	young_source_rule	I13.MAA000609.3_8_M.1.1-1-1-1	one_assay_suffix	3m	1	nan	DN4 thymocyte	CL:0002420	DN4 thymocyte	facs	3_8_M	216105.0	1731.0	male	nan	Thymus	nan	6	5
I14-B000827-3_38_F-1-1			3	I14.B000827.3_38_F.1.1-1-1	3_38_F	Thymus	False	1	False	I14.B000827.3_38_F.1.1-1-1	young_source_rule	I14.B000827.3_38_F.1.1-1-1-1	one_assay_suffix	3m	1	nan	DN4 thymocyte	CL:0002420	DN4 thymocyte	facs	3_38_F	647439.0	2330.0	female	Flowthrough	Thymus	nan	6	5
I14-MAA000385-3_10_M-1-1			3	I14.MAA000385.3_10_M.1.1-1-1	3_10_M	SCAT	False	1	False	I14.MAA000385.3_10_M.1.1-1-1	young_source_rule	I14.MAA000385.3_10_M.1.1-1-1-1	one_assay_suffix	3m	1	nan	T cell	CL:0000084	nan	facs	3_10_M	739515.0	2740.0	male	Fat	SCAT	nan	6	5
I14-MAA000607-3_9_M-1-1			3	I14.MAA000607.3_9_M.1.1-1-1	3_9_M	Thymus	False	1	False	I14.MAA000607.3_9_M.1.1-1-1	young_source_rule	I14.MAA000607.3_9_M.1.1-1-1-1	one_assay_suffix	3m	1	nan	DN4 thymocyte	CL:0002420	DN4 thymocyte	facs	3_9_M	208900.0	1918.0	male	nan	Thymus	nan	6	5
I14-MAA000609-3_8_M-1-1			3	I14.MAA000609.3_8_M.1.1-1-1	3_8_M	Thymus	False	1	False	I14.MAA000609.3_8_M.1.1-1-1	young_source_rule	I14.MAA000609.3_8_M.1.1-1-1-1	one_assay_suffix	3m	1	nan	thymocyte	CL:0002420	DN to DP transition (most are Cd8+/ Cd4+, some undergoing VDJ recombination)	facs	3_8_M	248109.0	1656.0	male	nan	Thymus	nan	21	23
I14-MAA001842-3_38_F-1-1			3	I14.MAA001842.3_38_F.1.1-1-1	3_38_F	Marrow	False	1	False	I14.MAA001842.3_38_F.1.1-1-1	young_source_rule	I14.MAA001842.3_38_F.1.1-1-1-1	one_assay_suffix	3m	1	nan	mature alpha-beta T cell	CL:0002420	BM CD8 + CD4 T cell	facs	3_38_F	738628.0	2033.0	female	T-cells	Marrow	nan	4	9
I15-B000827-3_38_F-1-1			3	I15.B000827.3_38_F.1.1-1-1	3_38_F	Thymus	False	1	False	I15.B000827.3_38_F.1.1-1-1	young_source_rule	I15.B000827.3_38_F.1.1-1-1-1	one_assay_suffix	3m	1	nan	DN4 thymocyte	CL:0002420	DN4 thymocyte	facs	3_38_F	578240.0	2081.0	female	Flowthrough	Thymus	nan	6	5
I15-B001750-3_38_F-1-1			3	I15.B001750.3_38_F.1.1-1-1	3_38_F	Spleen	False	1	False	I15.B001750.3_38_F.1.1-1-1	young_source_rule	I15.B001750.3_38_F.1.1-1-1-1	one_assay_suffix	3m	1	nan	CD8-positive, alpha-beta T cell	CL:0000084	Cd3e T cell	facs	3_38_F	780117.0	2103.0	female	nan	Spleen	nan	6	5
I15-B002314-3_56_F-1-1			3	I15.B002314.3_56_F.1.1-1-1	3_56_F	MAT	False	1	False	I15.B002314.3_56_F.1.1-1-1	young_source_rule	I15.B002314.3_56_F.1.1-1-1-1	one_assay_suffix	3m	1	nan	CD4-positive, alpha-beta T cell	CL:0000084	nan	facs	3_56_F	1006256.0	1896.0	female	Fat	MAT	nan	6	5
I15-B003291-3_39_F-1-1			3	I15.B003291.3_39_F.1.1-1-1	3_39_F	Thymus	False	1	False	I15.B003291.3_39_F.1.1-1-1	young_source_rule	I15.B003291.3_39_F.1.1-1-1-1	one_assay_suffix	3m	1	nan	thymocyte	CL:0002420	DN to DP transition (most are Cd8+/ Cd4+, some undergoing VDJ recombination)	facs	3_39_F	855068.0	1323.0	female	Flowthrough	Thymus	nan	21	23
I15-MAA000607-3_9_M-1-1			3	I15.MAA000607.3_9_M.1.1-1-1	3_9_M	Thymus	False	1	False	I15.MAA000607.3_9_M.1.1-1-1	young_source_rule	I15.MAA000607.3_9_M.1.1-1-1-1	one_assay_suffix	3m	1	nan	DN4 thymocyte	CL:0002420	DN4 thymocyte	facs	3_9_M	215498.0	1974.0	male	nan	Thymus	nan	6	5
I16-B000827-3_38_F-1-1			3	I16.B000827.3_38_F.1.1-1-1	3_38_F	Thymus	False	1	False	I16.B000827.3_38_F.1.1-1-1	young_source_rule	I16.B000827.3_38_F.1.1-1-1-1	one_assay_suffix	3m	1	nan	DN4 thymocyte	CL:0002420	DN4 thymocyte	facs	3_38_F	786702.0	2105.0	female	Flowthrough	Thymus	nan	6	5
I16-B002955-3_56_F-1-1			3	I16.B002955.3_56_F.1.1-1-1	3_56_F	GAT	False	1	False	I16.B002955.3_56_F.1.1-1-1	young_source_rule	I16.B002955.3_56_F.1.1-1-1-1	one_assay_suffix	3m	1	nan	CD8-positive, alpha-beta T cell	CL:0000084	nan	facs	3_56_F	671551.0	1889.0	female	Fat	GAT	nan	6	5
I16-B003291-3_39_F-1-1			3	I16.B003291.3_39_F.1.1-1-1	3_39_F	Thymus	False	1	False	I16.B003291.3_39_F.1.1-1-1	young_source_rule	I16.B003291.3_39_F.1.1-1-1-1	one_assay_suffix	3m	1	nan	thymocyte	CL:0002420	DN to DP transition (most are Cd8+/ Cd4+, some undergoing VDJ recombination)	facs	3_39_F	667326.0	1296.0	female	Flowthrough	Thymus	nan	21	23
I16-D045058-3_39_F-1-1			3	I16.D045058.3_39_F.1.1-1-1	3_39_F	GAT	False	1	False	I16.D045058.3_39_F.1.1-1-1	young_source_rule	I16.D045058.3_39_F.1.1-1-1-1	one_assay_suffix	3m	1	nan	CD8-positive, alpha-beta T cell	CL:0000084	nan	facs	3_39_F	953671.0	1700.0	female	Fat	GAT	nan	4	9
I16-MAA000607-3_9_M-1-1			3	I16.MAA000607.3_9_M.1.1-1-1	3_9_M	Thymus	False	1	False	I16.MAA000607.3_9_M.1.1-1-1	young_source_rule	I16.MAA000607.3_9_M.1.1-1-1-1	one_assay_suffix	3m	1	nan	thymocyte	CL:0002420	proliferating thymocyte; DN to DP transition, dividing (some are Cd8+/ Cd4+, some undergoing VDJ recombination)	facs	3_9_M	638903.0	3814.0	male	nan	Thymus	nan	21	23
I16-MAA000609-3_8_M-1-1			3	I16.MAA000609.3_8_M.1.1-1-1	3_8_M	Thymus	False	1	False	I16.MAA000609.3_8_M.1.1-1-1	young_source_rule	I16.MAA000609.3_8_M.1.1-1-1-1	one_assay_suffix	3m	1	nan	DN4 thymocyte	CL:0002420	DN4 thymocyte	facs	3_8_M	97981.0	1923.0	male	nan	Thymus	nan	6	5
I16-MAA000779-3_11_M-1-1			3	I16.MAA000779.3_11_M.1.1-1-1	3_11_M	Spleen	False	1	False	I16.MAA000779.3_11_M.1.1-1-1	young_source_rule	I16.MAA000779.3_11_M.1.1-1-1-1	one_assay_suffix	3m	1	nan	CD4-positive, alpha-beta T cell	CL:0000084	Cd3e T cell	facs	3_11_M	220759.0	1434.0	male	nan	Spleen	nan	6	5
I16-MAA000880-3_11_M-1-1			3	I16.MAA000880.3_11_M.1.1-1-1	3_11_M	Thymus	False	1	False	I16.MAA000880.3_11_M.1.1-1-1	young_source_rule	I16.MAA000880.3_11_M.1.1-1-1-1	one_assay_suffix	3m	1	nan	DN4 thymocyte	CL:0002420	DN4 thymocyte	facs	3_11_M	684319.0	1764.0	male	nan	Thymus	nan	6	5
I17-B000827-3_38_F-1-1			3	I17.B000827.3_38_F.1.1-1-1	3_38_F	Thymus	False	1	False	I17.B000827.3_38_F.1.1-1-1	young_source_rule	I17.B000827.3_38_F.1.1-1-1-1	one_assay_suffix	3m	1	nan	DN4 thymocyte	CL:0002420	DN4 thymocyte	facs	3_38_F	541001.0	2240.0	female	Flowthrough	Thymus	nan	6	5
I17-B003291-3_39_F-1-1			3	I17.B003291.3_39_F.1.1-1-1	3_39_F	Thymus	False	1	False	I17.B003291.3_39_F.1.1-1-1	young_source_rule	I17.B003291.3_39_F.1.1-1-1-1	one_assay_suffix	3m	1	nan	thymocyte	CL:0002420	DN to DP transition (most are Cd8+/ Cd4+, some undergoing VDJ recombination)	facs	3_39_F	673768.0	1087.0	female	Flowthrough	Thymus	nan	21	23
I17-MAA000607-3_9_M-1-1			3	I17.MAA000607.3_9_M.1.1-1-1	3_9_M	Thymus	False	1	False	I17.MAA000607.3_9_M.1.1-1-1	young_source_rule	I17.MAA000607.3_9_M.1.1-1-1-1	one_assay_suffix	3m	1	nan	thymocyte	CL:0002420	DN to DP transition (most are Cd8+/ Cd4+, some undergoing VDJ recombination)	facs	3_9_M	162212.0	1473.0	male	nan	Thymus	nan	21	23
I18-B000827-3_38_F-1-1			3	I18.B000827.3_38_F.1.1-1-1	3_38_F	Thymus	False	1	False	I18.B000827.3_38_F.1.1-1-1	young_source_rule	I18.B000827.3_38_F.1.1-1-1-1	one_assay_suffix	3m	1	nan	DN4 thymocyte	CL:0002420	DN4 thymocyte	facs	3_38_F	617280.0	2268.0	female	Flowthrough	Thymus	nan	4	5
I18-B003291-3_39_F-1-1			3	I18.B003291.3_39_F.1.1-1-1	3_39_F	Thymus	False	1	False	I18.B003291.3_39_F.1.1-1-1	young_source_rule	I18.B003291.3_39_F.1.1-1-1-1	one_assay_suffix	3m	1	nan	thymocyte	CL:0002420	DN to DP transition (most are Cd8+/ Cd4+, some undergoing VDJ recombination)	facs	3_39_F	986954.0	1355.0	female	Flowthrough	Thymus	nan	21	23
I18-MAA000508-3_9_M-1-1			3	I18.MAA000508.3_9_M.1.1-1-1	3_9_M	Spleen	False	1	False	I18.MAA000508.3_9_M.1.1-1-1	young_source_rule	I18.MAA000508.3_9_M.1.1-1-1-1	one_assay_suffix	3m	1	nan	B cell	CL:0000236	nan	facs	3_9_M	573472.0	3552.0	male	nan	Spleen	nan	6	5
I18-MAA000607-3_9_M-1-1			3	I18.MAA000607.3_9_M.1.1-1-1	3_9_M	Thymus	False	1	False	I18.MAA000607.3_9_M.1.1-1-1	young_source_rule	I18.MAA000607.3_9_M.1.1-1-1-1	one_assay_suffix	3m	1	nan	thymocyte	CL:0002420	proliferating thymocyte; DN to DP transition, dividing (some are Cd8+/ Cd4+, some undergoing VDJ recombination)	facs	3_9_M	428582.0	3012.0	male	nan	Thymus	nan	21	23
I18-MAA000609-3_8_M-1-1			3	I18.MAA000609.3_8_M.1.1-1-1	3_8_M	Thymus	False	1	False	I18.MAA000609.3_8_M.1.1-1-1	young_source_rule	I18.MAA000609.3_8_M.1.1-1-1-1	one_assay_suffix	3m	1	nan	DN4 thymocyte	CL:0002420	DN4 thymocyte	facs	3_8_M	280902.0	2020.0	male	nan	Thymus	nan	6	5
I18-MAA000844-3_10_M-1-1			3	I18.MAA000844.3_10_M.1.1-1-1	3_10_M	Marrow	False	1	False	I18.MAA000844.3_10_M.1.1-1-1	young_source_rule	I18.MAA000844.3_10_M.1.1-1-1-1	one_assay_suffix	3m	1	nan	promonocyte	CL:0000576	monocyte + promonocyte	facs	3_10_M	1882523.0	6148.0	male	T-cells	Marrow	nan	37	56
I19-B000827-3_38_F-1-1			3	I19.B000827.3_38_F.1.1-1-1	3_38_F	Thymus	False	1	False	I19.B000827.3_38_F.1.1-1-1	young_source_rule	I19.B000827.3_38_F.1.1-1-1-1	one_assay_suffix	3m	1	nan	DN4 thymocyte	CL:0002420	DN4 thymocyte	facs	3_38_F	753778.0	2116.0	female	Flowthrough	Thymus	nan	4	5
I19-B003291-3_39_F-1-1			3	I19.B003291.3_39_F.1.1-1-1	3_39_F	Thymus	False	1	False	I19.B003291.3_39_F.1.1-1-1	young_source_rule	I19.B003291.3_39_F.1.1-1-1-1	one_assay_suffix	3m	1	nan	thymocyte	CL:0002420	proliferating thymocyte; DN to DP transition, dividing (some are Cd8+/ Cd4+, some undergoing VDJ recombination)	facs	3_39_F	1432229.0	2435.0	female	Flowthrough	Thymus	nan	21	23
I19-MAA000607-3_9_M-1-1			3	I19.MAA000607.3_9_M.1.1-1-1	3_9_M	Thymus	False	1	False	I19.MAA000607.3_9_M.1.1-1-1	young_source_rule	I19.MAA000607.3_9_M.1.1-1-1-1	one_assay_suffix	3m	1	nan	DN4 thymocyte	CL:0002420	DN4 thymocyte	facs	3_9_M	394115.0	2715.0	male	nan	Thymus	nan	6	5
I19-MAA000844-3_10_M-1-1			3	I19.MAA000844.3_10_M.1.1-1-1	3_10_M	Marrow	False	1	False	I19.MAA000844.3_10_M.1.1-1-1	young_source_rule	I19.MAA000844.3_10_M.1.1-1-1-1	one_assay_suffix	3m	1	nan	NK cell	CL:0000914	NK cell	facs	3_10_M	736190.0	2593.0	male	T-cells	Marrow	nan	40	47
I19-MAA000880-3_11_M-1-1			3	I19.MAA000880.3_11_M.1.1-1-1	3_11_M	Thymus	False	1	False	I19.MAA000880.3_11_M.1.1-1-1	young_source_rule	I19.MAA000880.3_11_M.1.1-1-1-1	one_assay_suffix	3m	1	nan	thymocyte	CL:0002420	proliferating thymocyte; DN to DP transition, dividing (some are Cd8+/ Cd4+, some undergoing VDJ recombination)	facs	3_11_M	1871005.0	2606.0	male	nan	Thymus	nan	21	23
I2-B000827-3_38_F-1-1			3	I2.B000827.3_38_F.1.1-1-1	3_38_F	Thymus	False	1	False	I2.B000827.3_38_F.1.1-1-1	young_source_rule	I2.B000827.3_38_F.1.1-1-1-1	one_assay_suffix	3m	1	nan	DN4 thymocyte	CL:0002420	DN4 thymocyte	facs	3_38_F	290956.0	1881.0	female	Flowthrough	Thymus	nan	6	5
I2-B000971-3_39_F-1-1	25.0	2.0	3	I2.B000971.3_39_F.1.1-1-1	3_39_F	Spleen	True	2	True	I2.B000971.3_39_F.1.1-1-1	young_source_rule	I2.B000971.3_39_F.1.1-1-1-1	one_assay_suffix	3m	1	nan	B cell	CL:0000236	CD79a B cell	facs	3_39_F	435659.0	3378.0	female	nan	Spleen	nan	0	0
I2-B003291-3_39_F-1-1			3	I2.B003291.3_39_F.1.1-1-1	3_39_F	Thymus	False	1	False	I2.B003291.3_39_F.1.1-1-1	young_source_rule	I2.B003291.3_39_F.1.1-1-1-1	one_assay_suffix	3m	1	nan	thymocyte	CL:0002420	proliferating thymocyte; DN to DP transition, dividing (some are Cd8+/ Cd4+, some undergoing VDJ recombination)	facs	3_39_F	1519811.0	3312.0	female	Flowthrough	Thymus	nan	21	23
I2-MAA000607-3_9_M-1-1			3	I2.MAA000607.3_9_M.1.1-1-1	3_9_M	Thymus	False	1	False	I2.MAA000607.3_9_M.1.1-1-1	young_source_rule	I2.MAA000607.3_9_M.1.1-1-1-1	one_assay_suffix	3m	1	nan	thymocyte	CL:0002420	proliferating thymocyte; DN to DP transition, dividing (some are Cd8+/ Cd4+, some undergoing VDJ recombination)	facs	3_9_M	502723.0	3476.0	male	nan	Thymus	nan	6	21
I2-MAA000844-3_10_M-1-1			3	I2.MAA000844.3_10_M.1.1-1-1	3_10_M	Marrow	False	1	False	I2.MAA000844.3_10_M.1.1-1-1	young_source_rule	I2.MAA000844.3_10_M.1.1-1-1-1	one_assay_suffix	3m	1	nan	NK cell	CL:0000094	Klrb1a/b/c(-) NK cell	facs	3_10_M	603133.0	2634.0	male	T-cells	Marrow	nan	43	8
I20-B000827-3_38_F-1-1			3	I20.B000827.3_38_F.1.1-1-1	3_38_F	Thymus	False	1	False	I20.B000827.3_38_F.1.1-1-1	young_source_rule	I20.B000827.3_38_F.1.1-1-1-1	one_assay_suffix	3m	1	nan	DN4 thymocyte	CL:0002420	DN4 thymocyte	facs	3_38_F	774807.0	2342.0	female	Flowthrough	Thymus	nan	6	5
I20-B001750-3_38_F-1-1			3	I20.B001750.3_38_F.1.1-1-1	3_38_F	Spleen	False	1	False	I20.B001750.3_38_F.1.1-1-1	young_source_rule	I20.B001750.3_38_F.1.1-1-1-1	one_assay_suffix	3m	1	nan	CD8-positive, alpha-beta T cell	CL:0000084	Cd3e T cell	facs	3_38_F	620306.0	1655.0	female	nan	Spleen	nan	6	5
I20-B003291-3_39_F-1-1			3	I20.B003291.3_39_F.1.1-1-1	3_39_F	Thymus	False	1	False	I20.B003291.3_39_F.1.1-1-1	young_source_rule	I20.B003291.3_39_F.1.1-1-1-1	one_assay_suffix	3m	1	nan	thymocyte	CL:0002420	DN to DP transition (most are Cd8+/ Cd4+, some undergoing VDJ recombination)	facs	3_39_F	1341899.0	1227.0	female	Flowthrough	Thymus	nan	21	23
I20-MAA000607-3_9_M-1-1			3	I20.MAA000607.3_9_M.1.1-1-1	3_9_M	Thymus	False	1	False	I20.MAA000607.3_9_M.1.1-1-1	young_source_rule	I20.MAA000607.3_9_M.1.1-1-1-1	one_assay_suffix	3m	1	nan	DN4 thymocyte	CL:0002420	DN4 thymocyte	facs	3_9_M	182627.0	1841.0	male	nan	Thymus	nan	6	5
I21-B000827-3_38_F-1-1			3	I21.B000827.3_38_F.1.1-1-1	3_38_F	Thymus	False	1	False	I21.B000827.3_38_F.1.1-1-1	young_source_rule	I21.B000827.3_38_F.1.1-1-1-1	one_assay_suffix	3m	1	nan	DN4 thymocyte	CL:0002420	DN4 thymocyte	facs	3_38_F	933251.0	2623.0	female	Flowthrough	Thymus	nan	6	5
I21-B003291-3_39_F-1-1			3	I21.B003291.3_39_F.1.1-1-1	3_39_F	Thymus	False	1	False	I21.B003291.3_39_F.1.1-1-1	young_source_rule	I21.B003291.3_39_F.1.1-1-1-1	one_assay_suffix	3m	1	nan	thymocyte	CL:0002420	DN to DP transition (most are Cd8+/ Cd4+, some undergoing VDJ recombination)	facs	3_39_F	1098939.0	1134.0	female	Flowthrough	Thymus	nan	21	23
I21-MAA000530-3_8_M-1-1			3	I21.MAA000530.3_8_M.1.1-1-1	3_8_M	Lung	False	1	False	I21.MAA000530.3_8_M.1.1-1-1	young_source_rule	I21.MAA000530.3_8_M.1.1-1-1-1	one_assay_suffix	3m	1	nan	CD4-positive, alpha-beta T cell	CL:0000084	CD4+ T	facs	3_8_M	1125783.0	2006.0	male	nan	Lung	nan	6	5
I21-MAA000607-3_9_M-1-1			3	I21.MAA000607.3_9_M.1.1-1-1	3_9_M	Thymus	False	1	False	I21.MAA000607.3_9_M.1.1-1-1	young_source_rule	I21.MAA000607.3_9_M.1.1-1-1-1	one_assay_suffix	3m	1	nan	thymocyte	CL:0002420	proliferating thymocyte; DN to DP transition, dividing (some are Cd8+/ Cd4+, some undergoing VDJ recombination)	facs	3_9_M	767471.0	4640.0	male	nan	Thymus	nan	21	23
I21-MAA000609-3_8_M-1-1			3	I21.MAA000609.3_8_M.1.1-1-1	3_8_M	Thymus	False	1	False	I21.MAA000609.3_8_M.1.1-1-1	young_source_rule	I21.MAA000609.3_8_M.1.1-1-1-1	one_assay_suffix	3m	1	nan	DN4 thymocyte	CL:0002420	DN4 thymocyte	facs	3_8_M	196926.0	1618.0	male	nan	Thymus	nan	6	5
I21-MAA000880-3_11_M-1-1			3	I21.MAA000880.3_11_M.1.1-1-1	3_11_M	Thymus	False	1	False	I21.MAA000880.3_11_M.1.1-1-1	young_source_rule	I21.MAA000880.3_11_M.1.1-1-1-1	one_assay_suffix	3m	1	nan	DN4 thymocyte	CL:0002420	DN4 thymocyte	facs	3_11_M	804250.0	2137.0	male	nan	Thymus	nan	6	5
I22-B000827-3_38_F-1-1			3	I22.B000827.3_38_F.1.1-1-1	3_38_F	Thymus	False	1	False	I22.B000827.3_38_F.1.1-1-1	young_source_rule	I22.B000827.3_38_F.1.1-1-1-1	one_assay_suffix	3m	1	nan	DN4 thymocyte	CL:0002420	DN4 thymocyte	facs	3_38_F	560978.0	1895.0	female	Flowthrough	Thymus	nan	6	5
I22-B003291-3_39_F-1-1			3	I22.B003291.3_39_F.1.1-1-1	3_39_F	Thymus	False	1	False	I22.B003291.3_39_F.1.1-1-1	young_source_rule	I22.B003291.3_39_F.1.1-1-1-1	one_assay_suffix	3m	1	nan	thymocyte	CL:0002420	DN to DP transition (most are Cd8+/ Cd4+, some undergoing VDJ recombination)	facs	3_39_F	1598698.0	1340.0	female	Flowthrough	Thymus	nan	21	23
I22-MAA000530-3_8_M-1-1			3	I22.MAA000530.3_8_M.1.1-1-1	3_8_M	Lung	False	1	False	I22.MAA000530.3_8_M.1.1-1-1	young_source_rule	I22.MAA000530.3_8_M.1.1-1-1-1	one_assay_suffix	3m	1	nan	CD4-positive, alpha-beta T cell	CL:0000084	CD4+ T	facs	3_8_M	586389.0	2328.0	male	nan	Lung	nan	6	5
I22-MAA000607-3_9_M-1-1			3	I22.MAA000607.3_9_M.1.1-1-1	3_9_M	Thymus	False	1	False	I22.MAA000607.3_9_M.1.1-1-1	young_source_rule	I22.MAA000607.3_9_M.1.1-1-1-1	one_assay_suffix	3m	1	nan	DN4 thymocyte	CL:0002420	DN4 thymocyte	facs	3_9_M	55165.0	2286.0	male	nan	Thymus	nan	6	5
I22-MAA000609-3_8_M-1-1			3	I22.MAA000609.3_8_M.1.1-1-1	3_8_M	Thymus	False	1	False	I22.MAA000609.3_8_M.1.1-1-1	young_source_rule	I22.MAA000609.3_8_M.1.1-1-1-1	one_assay_suffix	3m	1	nan	thymocyte	CL:0002420	DN to DP transition (most are Cd8+/ Cd4+, some undergoing VDJ recombination)	facs	3_8_M	169890.0	1323.0	male	nan	Thymus	nan	21	23
I22-MAA000880-3_11_M-1-1			3	I22.MAA000880.3_11_M.1.1-1-1	3_11_M	Thymus	False	1	False	I22.MAA000880.3_11_M.1.1-1-1	young_source_rule	I22.MAA000880.3_11_M.1.1-1-1-1	one_assay_suffix	3m	1	nan	macrophage	CL:0000738	macrophage	facs	3_11_M	1183871.0	2012.0	male	nan	Thymus	nan	37	41
I22-MAA001847-3_39_F-1-1			3	I22.MAA001847.3_39_F.1.1-1-1	3_39_F	Lung	False	1	False	I22.MAA001847.3_39_F.1.1-1-1	young_source_rule	I22.MAA001847.3_39_F.1.1-1-1-1	one_assay_suffix	3m	1	nan	CD4-positive, alpha-beta T cell	CL:0000084	CD4+ T	facs	3_39_F	222964.0	2254.0	female	EPCAM	Lung	nan	6	5
I3-B000827-3_38_F-1-1			3	I3.B000827.3_38_F.1.1-1-1	3_38_F	Thymus	False	1	False	I3.B000827.3_38_F.1.1-1-1	young_source_rule	I3.B000827.3_38_F.1.1-1-1-1	one_assay_suffix	3m	1	nan	DN4 thymocyte	CL:0002420	DN4 thymocyte	facs	3_38_F	686547.0	2260.0	female	Flowthrough	Thymus	nan	6	5
I3-B000971-3_39_F-1-1	47.0	3.0	3	I3.B000971.3_39_F.1.1-1-1	3_39_F	Spleen	True	3	True	I3.B000971.3_39_F.1.1-1-1	young_source_rule	I3.B000971.3_39_F.1.1-1-1-1	one_assay_suffix	3m	1	nan	CD8-positive, alpha-beta T cell	CL:0000084	Cd3e T cell	facs	3_39_F	1136765.0	3622.0	female	nan	Spleen	nan	6	5
I3-B003291-3_39_F-1-1			3	I3.B003291.3_39_F.1.1-1-1	3_39_F	Thymus	False	1	False	I3.B003291.3_39_F.1.1-1-1	young_source_rule	I3.B003291.3_39_F.1.1-1-1-1	one_assay_suffix	3m	1	nan	thymocyte	CL:0002420	DN to DP transition (most are Cd8+/ Cd4+, some undergoing VDJ recombination)	facs	3_39_F	833463.0	1526.0	female	Flowthrough	Thymus	nan	21	23
I3-MAA000508-3_9_M-1-1			3	I3.MAA000508.3_9_M.1.1-1-1	3_9_M	Spleen	False	1	False	I3.MAA000508.3_9_M.1.1-1-1	young_source_rule	I3.MAA000508.3_9_M.1.1-1-1-1	one_assay_suffix	3m	1	nan	CD4-positive, alpha-beta T cell	CL:0000084	Cd3e T cell	facs	3_9_M	340717.0	2172.0	male	nan	Spleen	nan	6	5
I3-MAA000607-3_9_M-1-1			3	I3.MAA000607.3_9_M.1.1-1-1	3_9_M	Thymus	False	1	False	I3.MAA000607.3_9_M.1.1-1-1	young_source_rule	I3.MAA000607.3_9_M.1.1-1-1-1	one_assay_suffix	3m	1	nan	thymocyte	CL:0002420	DN to DP transition (most are Cd8+/ Cd4+, some undergoing VDJ recombination)	facs	3_9_M	345313.0	2615.0	male	nan	Thymus	nan	21	23
I3-MAA000609-3_8_M-1-1			3	I3.MAA000609.3_8_M.1.1-1-1	3_8_M	Thymus	False	1	False	I3.MAA000609.3_8_M.1.1-1-1	young_source_rule	I3.MAA000609.3_8_M.1.1-1-1-1	one_assay_suffix	3m	1	nan	thymocyte	CL:0002420	proliferating thymocyte; DN to DP transition, dividing (some are Cd8+/ Cd4+, some undergoing VDJ recombination)	facs	3_8_M	2821643.0	4279.0	male	nan	Thymus	nan	21	23
I3-MAA000844-3_10_M-1-1			3	I3.MAA000844.3_10_M.1.1-1-1	3_10_M	Marrow	False	1	False	I3.MAA000844.3_10_M.1.1-1-1	young_source_rule	I3.MAA000844.3_10_M.1.1-1-1-1	one_assay_suffix	3m	1	nan	immature B cell	CL:0000236	immature B cell	facs	3_10_M	1251041.0	4590.0	male	T-cells	Marrow	nan	37	41
I4-B000827-3_38_F-1-1			3	I4.B000827.3_38_F.1.1-1-1	3_38_F	Thymus	False	1	False	I4.B000827.3_38_F.1.1-1-1	young_source_rule	I4.B000827.3_38_F.1.1-1-1-1	one_assay_suffix	3m	1	nan	DN4 thymocyte	CL:0002420	DN4 thymocyte	facs	3_38_F	1165572.0	2647.0	female	Flowthrough	Thymus	nan	6	5
I4-B000971-3_39_F-1-1			3	I4.B000971.3_39_F.1.1-1-1	3_39_F	Spleen	False	1	False	I4.B000971.3_39_F.1.1-1-1	young_source_rule	I4.B000971.3_39_F.1.1-1-1-1	one_assay_suffix	3m	1	nan	CD4-positive, alpha-beta T cell	CL:0000084	Cd3e T cell	facs	3_39_F	1321951.0	2239.0	female	nan	Spleen	nan	4	21
I4-B001750-3_38_F-1-1			3	I4.B001750.3_38_F.1.1-1-1	3_38_F	Spleen	False	1	False	I4.B001750.3_38_F.1.1-1-1	young_source_rule	I4.B001750.3_38_F.1.1-1-1-1	one_assay_suffix	3m	1	nan	CD8-positive, alpha-beta T cell	CL:0000084	Cd3e T cell	facs	3_38_F	489698.0	1867.0	female	nan	Spleen	nan	6	5
I4-B003291-3_39_F-1-1			3	I4.B003291.3_39_F.1.1-1-1	3_39_F	Thymus	False	1	False	I4.B003291.3_39_F.1.1-1-1	young_source_rule	I4.B003291.3_39_F.1.1-1-1-1	one_assay_suffix	3m	1	nan	thymocyte	CL:0002420	DN to DP transition (most are Cd8+/ Cd4+, some undergoing VDJ recombination)	facs	3_39_F	971550.0	1561.0	female	Flowthrough	Thymus	nan	21	23
I4-MAA000607-3_9_M-1-1			3	I4.MAA000607.3_9_M.1.1-1-1	3_9_M	Thymus	False	1	False	I4.MAA000607.3_9_M.1.1-1-1	young_source_rule	I4.MAA000607.3_9_M.1.1-1-1-1	one_assay_suffix	3m	1	nan	thymocyte	CL:0002420	DN to DP transition (most are Cd8+/ Cd4+, some undergoing VDJ recombination)	facs	3_9_M	300323.0	2664.0	male	nan	Thymus	nan	21	23
I4-MAA000609-3_8_M-1-1			3	I4.MAA000609.3_8_M.1.1-1-1	3_8_M	Thymus	False	1	False	I4.MAA000609.3_8_M.1.1-1-1	young_source_rule	I4.MAA000609.3_8_M.1.1-1-1-1	one_assay_suffix	3m	1	nan	thymocyte	CL:0002420	proliferating thymocyte; DN to DP transition, dividing (some are Cd8+/ Cd4+, some undergoing VDJ recombination)	facs	3_8_M	2982644.0	4271.0	male	nan	Thymus	nan	21	23
I4-MAA000638-3_9_M-1-1	46.0	2.0	3	I4.MAA000638.3_9_M.1.1-1-1	3_9_M	Brain_Non-Myeloid	True	1	False	I4.MAA000638.3_9_M.1.1-1-1	young_source_rule	I4.MAA000638.3_9_M.1.1-1-1-1	one_assay_suffix	3m	1	nan	oligodendrocyte	CL:0000128	nan	facs	3_9_M	137809.0	4029.0	male	Cerebellum	Brain_Non-Myeloid	nan	30	32
I5-B000827-3_38_F-1-1			3	I5.B000827.3_38_F.1.1-1-1	3_38_F	Thymus	False	1	False	I5.B000827.3_38_F.1.1-1-1	young_source_rule	I5.B000827.3_38_F.1.1-1-1-1	one_assay_suffix	3m	1	nan	DN4 thymocyte	CL:0002420	DN4 thymocyte	facs	3_38_F	562837.0	2365.0	female	Flowthrough	Thymus	nan	6	5
I5-B003291-3_39_F-1-1			3	I5.B003291.3_39_F.1.1-1-1	3_39_F	Thymus	False	1	False	I5.B003291.3_39_F.1.1-1-1	young_source_rule	I5.B003291.3_39_F.1.1-1-1-1	one_assay_suffix	3m	1	nan	DN4 thymocyte	CL:0002420	DN4 thymocyte	facs	3_39_F	745310.0	1594.0	female	Flowthrough	Thymus	nan	6	5
I5-MAA000607-3_9_M-1-1			3	I5.MAA000607.3_9_M.1.1-1-1	3_9_M	Thymus	False	1	False	I5.MAA000607.3_9_M.1.1-1-1	young_source_rule	I5.MAA000607.3_9_M.1.1-1-1-1	one_assay_suffix	3m	1	nan	thymocyte	CL:0002420	proliferating thymocyte; DN to DP transition, dividing (some are Cd8+/ Cd4+, some undergoing VDJ recombination)	facs	3_9_M	474325.0	3218.0	male	nan	Thymus	nan	21	23
I5-MAA000779-3_11_M-1-1			3	I5.MAA000779.3_11_M.1.1-1-1	3_11_M	Spleen	False	1	False	I5.MAA000779.3_11_M.1.1-1-1	young_source_rule	I5.MAA000779.3_11_M.1.1-1-1-1	one_assay_suffix	3m	1	nan	CD8-positive, alpha-beta T cell	CL:0000084	Cd3e T cell	facs	3_11_M	154495.0	1134.0	male	nan	Spleen	nan	4	9
I6-B000827-3_38_F-1-1			3	I6.B000827.3_38_F.1.1-1-1	3_38_F	Thymus	False	1	False	I6.B000827.3_38_F.1.1-1-1	young_source_rule	I6.B000827.3_38_F.1.1-1-1-1	one_assay_suffix	3m	1	nan	DN4 thymocyte	CL:0002420	DN4 thymocyte	facs	3_38_F	373099.0	1713.0	female	Flowthrough	Thymus	nan	6	5
I6-B000971-3_39_F-1-1			3	I6.B000971.3_39_F.1.1-1-1	3_39_F	Spleen	False	1	False	I6.B000971.3_39_F.1.1-1-1	young_source_rule	I6.B000971.3_39_F.1.1-1-1-1	one_assay_suffix	3m	1	nan	CD4-positive, alpha-beta T cell	CL:0000084	Cd3e T cell	facs	3_39_F	748097.0	1738.0	female	nan	Spleen	nan	4	5
I6-B003291-3_39_F-1-1			3	I6.B003291.3_39_F.1.1-1-1	3_39_F	Thymus	False	1	False	I6.B003291.3_39_F.1.1-1-1	young_source_rule	I6.B003291.3_39_F.1.1-1-1-1	one_assay_suffix	3m	1	nan	thymocyte	CL:0002420	DN to DP transition (most are Cd8+/ Cd4+, some undergoing VDJ recombination)	facs	3_39_F	660978.0	1742.0	female	Flowthrough	Thymus	nan	21	23
I6-MAA000607-3_9_M-1-1			3	I6.MAA000607.3_9_M.1.1-1-1	3_9_M	Thymus	False	1	False	I6.MAA000607.3_9_M.1.1-1-1	young_source_rule	I6.MAA000607.3_9_M.1.1-1-1-1	one_assay_suffix	3m	1	nan	DN4 thymocyte	CL:0002420	DN4 thymocyte	facs	3_9_M	203123.0	2363.0	male	nan	Thymus	nan	4	5
I7-B000827-3_38_F-1-1			3	I7.B000827.3_38_F.1.1-1-1	3_38_F	Thymus	False	1	False	I7.B000827.3_38_F.1.1-1-1	young_source_rule	I7.B000827.3_38_F.1.1-1-1-1	one_assay_suffix	3m	1	nan	DN4 thymocyte	CL:0002420	DN4 thymocyte	facs	3_38_F	633101.0	1937.0	female	Flowthrough	Thymus	nan	6	5
I7-B003291-3_39_F-1-1			3	I7.B003291.3_39_F.1.1-1-1	3_39_F	Thymus	False	1	False	I7.B003291.3_39_F.1.1-1-1	young_source_rule	I7.B003291.3_39_F.1.1-1-1-1	one_assay_suffix	3m	1	nan	thymocyte	CL:0002420	DN to DP transition (most are Cd8+/ Cd4+, some undergoing VDJ recombination)	facs	3_39_F	1199642.0	1425.0	female	Flowthrough	Thymus	nan	21	23
I8-B000827-3_38_F-1-1			3	I8.B000827.3_38_F.1.1-1-1	3_38_F	Thymus	False	1	False	I8.B000827.3_38_F.1.1-1-1	young_source_rule	I8.B000827.3_38_F.1.1-1-1-1	one_assay_suffix	3m	1	nan	DN4 thymocyte	CL:0002420	DN4 thymocyte	facs	3_38_F	523318.0	1643.0	female	Flowthrough	Thymus	nan	6	5
I8-B001750-3_38_F-1-1			3	I8.B001750.3_38_F.1.1-1-1	3_38_F	Spleen	False	1	False	I8.B001750.3_38_F.1.1-1-1	young_source_rule	I8.B001750.3_38_F.1.1-1-1-1	one_assay_suffix	3m	1	nan	CD4-positive, alpha-beta T cell	CL:0000084	Cd3e T cell	facs	3_38_F	664375.0	1867.0	female	nan	Spleen	nan	6	5
I8-MAA000556-3_9_M-1-1			3	I8.MAA000556.3_9_M.1.1-1-1	3_9_M	BAT	False	1	False	I8.MAA000556.3_9_M.1.1-1-1	young_source_rule	I8.MAA000556.3_9_M.1.1-1-1-1	one_assay_suffix	3m	1	nan	T cell	CL:0000084	nan	facs	3_9_M	315856.0	2005.0	male	Fat	BAT	nan	6	5
I8-MAA000607-3_9_M-1-1			3	I8.MAA000607.3_9_M.1.1-1-1	3_9_M	Thymus	False	1	False	I8.MAA000607.3_9_M.1.1-1-1	young_source_rule	I8.MAA000607.3_9_M.1.1-1-1-1	one_assay_suffix	3m	1	nan	thymocyte	CL:0002420	DN to DP transition (most are Cd8+/ Cd4+, some undergoing VDJ recombination)	facs	3_9_M	137050.0	1398.0	male	nan	Thymus	nan	6	23
I8-MAA000609-3_8_M-1-1			3	I8.MAA000609.3_8_M.1.1-1-1	3_8_M	Thymus	False	1	False	I8.MAA000609.3_8_M.1.1-1-1	young_source_rule	I8.MAA000609.3_8_M.1.1-1-1-1	one_assay_suffix	3m	1	nan	thymocyte	CL:0002420	DN to DP transition (most are Cd8+/ Cd4+, some undergoing VDJ recombination)	facs	3_8_M	854219.0	3060.0	male	nan	Thymus	nan	21	23
I8-MAA000880-3_11_M-1-1			3	I8.MAA000880.3_11_M.1.1-1-1	3_11_M	Thymus	False	1	False	I8.MAA000880.3_11_M.1.1-1-1	young_source_rule	I8.MAA000880.3_11_M.1.1-1-1-1	one_assay_suffix	3m	1	nan	DN4 thymocyte	CL:0002420	DN4 thymocyte	facs	3_11_M	355984.0	1850.0	male	nan	Thymus	nan	6	5
I9-B000827-3_38_F-1-1			3	I9.B000827.3_38_F.1.1-1-1	3_38_F	Thymus	False	1	False	I9.B000827.3_38_F.1.1-1-1	young_source_rule	I9.B000827.3_38_F.1.1-1-1-1	one_assay_suffix	3m	1	nan	DN4 thymocyte	CL:0002420	DN4 thymocyte	facs	3_38_F	478326.0	2024.0	female	Flowthrough	Thymus	nan	6	5
I9-B001960-3_56_F-1-1			3	I9.B001960.3_56_F.1.1-1-1	3_56_F	BAT	False	1	False	I9.B001960.3_56_F.1.1-1-1	young_source_rule	I9.B001960.3_56_F.1.1-1-1-1	one_assay_suffix	3m	1	nan	T cell	CL:0000084	nan	facs	3_56_F	610736.0	2036.0	female	Fat	BAT	nan	4	9
I9-B003291-3_39_F-1-1			3	I9.B003291.3_39_F.1.1-1-1	3_39_F	Thymus	False	1	False	I9.B003291.3_39_F.1.1-1-1	young_source_rule	I9.B003291.3_39_F.1.1-1-1-1	one_assay_suffix	3m	1	nan	thymocyte	CL:0002420	DN to DP transition (most are Cd8+/ Cd4+, some undergoing VDJ recombination)	facs	3_39_F	680117.0	1509.0	female	Flowthrough	Thymus	nan	21	23
I9-D043526-3_39_F-1-1			3	I9.D043526.3_39_F.1.1-1-1	3_39_F	SCAT	False	1	False	I9.D043526.3_39_F.1.1-1-1	young_source_rule	I9.D043526.3_39_F.1.1-1-1-1	one_assay_suffix	3m	1	nan	T cell	CL:0000084	nan	facs	3_39_F	430100.0	1702.0	female	Fat	SCAT	nan	6	5
I9-MAA000439-3_10_M-1-1			3	I9.MAA000439.3_10_M.1.1-1-1	3_10_M	GAT	False	1	False	I9.MAA000439.3_10_M.1.1-1-1	young_source_rule	I9.MAA000439.3_10_M.1.1-1-1-1	one_assay_suffix	3m	1	nan	CD8-positive, alpha-beta T cell	CL:0000084	nan	facs	3_10_M	400102.0	2713.0	male	Fat	GAT	nan	4	5
I9-MAA000607-3_9_M-1-1			3	I9.MAA000607.3_9_M.1.1-1-1	3_9_M	Thymus	False	1	False	I9.MAA000607.3_9_M.1.1-1-1	young_source_rule	I9.MAA000607.3_9_M.1.1-1-1-1	one_assay_suffix	3m	1	nan	thymocyte	CL:0002420	DN to DP transition (most are Cd8+/ Cd4+, some undergoing VDJ recombination)	facs	3_9_M	170903.0	1377.0	male	nan	Thymus	nan	21	23
I9-MAA000609-3_8_M-1-1			3	I9.MAA000609.3_8_M.1.1-1-1	3_8_M	Thymus	False	1	False	I9.MAA000609.3_8_M.1.1-1-1	young_source_rule	I9.MAA000609.3_8_M.1.1-1-1-1	one_assay_suffix	3m	1	nan	thymocyte	CL:0002420	DN to DP transition (most are Cd8+/ Cd4+, some undergoing VDJ recombination)	facs	3_8_M	315632.0	1469.0	male	nan	Thymus	nan	21	23
I9-MAA000877-3_11_M-1-1			3	I9.MAA000877.3_11_M.1.1-1-1	3_11_M	MAT	False	1	False	I9.MAA000877.3_11_M.1.1-1-1	young_source_rule	I9.MAA000877.3_11_M.1.1-1-1-1	one_assay_suffix	3m	1	nan	CD8-positive, alpha-beta T cell	CL:0000084	nan	facs	3_11_M	799423.0	2979.0	male	Fat	MAT	nan	6	5
I9-MAA000880-3_11_M-1-1			3	I9.MAA000880.3_11_M.1.1-1-1	3_11_M	Thymus	False	1	False	I9.MAA000880.3_11_M.1.1-1-1	young_source_rule	I9.MAA000880.3_11_M.1.1-1-1-1	one_assay_suffix	3m	1	nan	DN4 thymocyte	CL:0002420	DN4 thymocyte	facs	3_11_M	870124.0	1566.0	male	nan	Thymus	nan	6	5
J1-B000827-3_38_F-1-1			3	J1.B000827.3_38_F.1.1-1-1	3_38_F	Thymus	False	1	False	J1.B000827.3_38_F.1.1-1-1	young_source_rule	J1.B000827.3_38_F.1.1-1-1-1	one_assay_suffix	3m	1	nan	DN4 thymocyte	CL:0002420	DN4 thymocyte	facs	3_38_F	388057.0	1963.0	female	Flowthrough	Thymus	nan	6	5
J1-B000971-3_39_F-1-1			3	J1.B000971.3_39_F.1.1-1-1	3_39_F	Spleen	False	1	False	J1.B000971.3_39_F.1.1-1-1	young_source_rule	J1.B000971.3_39_F.1.1-1-1-1	one_assay_suffix	3m	1	nan	CD4-positive, alpha-beta T cell	CL:0000084	Cd3e T cell	facs	3_39_F	533291.0	1752.0	female	nan	Spleen	nan	6	5
J1-B003291-3_39_F-1-1			3	J1.B003291.3_39_F.1.1-1-1	3_39_F	Thymus	False	1	False	J1.B003291.3_39_F.1.1-1-1	young_source_rule	J1.B003291.3_39_F.1.1-1-1-1	one_assay_suffix	3m	1	nan	thymocyte	CL:0002420	DN to DP transition (most are Cd8+/ Cd4+, some undergoing VDJ recombination)	facs	3_39_F	376220.0	2095.0	female	Flowthrough	Thymus	nan	6	5
J1-MAA000607-3_9_M-1-1			3	J1.MAA000607.3_9_M.1.1-1-1	3_9_M	Thymus	False	1	False	J1.MAA000607.3_9_M.1.1-1-1	young_source_rule	J1.MAA000607.3_9_M.1.1-1-1-1	one_assay_suffix	3m	1	nan	thymocyte	CL:0002420	DN to DP transition (most are Cd8+/ Cd4+, some undergoing VDJ recombination)	facs	3_9_M	122339.0	1320.0	male	nan	Thymus	nan	21	23
J1-MAA001889-3_38_F-1-1	8.0	3.0	3	J1.MAA001889.3_38_F.1.1-1-1	3_38_F	Lung	True	3	True	J1.MAA001889.3_38_F.1.1-1-1	young_source_rule		unmatched																
J10-B000827-3_38_F-1-1			3	J10.B000827.3_38_F.1.1-1-1	3_38_F	Thymus	False	1	False	J10.B000827.3_38_F.1.1-1-1	young_source_rule	J10.B000827.3_38_F.1.1-1-1-1	one_assay_suffix	3m	1	nan	DN4 thymocyte	CL:0002420	DN4 thymocyte	facs	3_38_F	582439.0	2280.0	female	Flowthrough	Thymus	nan	6	5
J10-B002314-3_56_F-1-1			3	J10.B002314.3_56_F.1.1-1-1	3_56_F	MAT	False	1	False	J10.B002314.3_56_F.1.1-1-1	young_source_rule	J10.B002314.3_56_F.1.1-1-1-1	one_assay_suffix	3m	1	nan	CD8-positive, alpha-beta T cell	CL:0000084	nan	facs	3_56_F	908484.0	2186.0	female	Fat	MAT	nan	4	9
J10-B003291-3_39_F-1-1			3	J10.B003291.3_39_F.1.1-1-1	3_39_F	Thymus	False	1	False	J10.B003291.3_39_F.1.1-1-1	young_source_rule	J10.B003291.3_39_F.1.1-1-1-1	one_assay_suffix	3m	1	nan	thymocyte	CL:0002420	DN to DP transition (most are Cd8+/ Cd4+, some undergoing VDJ recombination)	facs	3_39_F	466043.0	1447.0	female	Flowthrough	Thymus	nan	21	23
J10-MAA000441-3_10_M-1-1			3	J10.MAA000441.3_10_M.1.1-1-1	3_10_M	BAT	False	1	False	J10.MAA000441.3_10_M.1.1-1-1	young_source_rule	J10.MAA000441.3_10_M.1.1-1-1-1	one_assay_suffix	3m	1	nan	T cell	CL:0000084	nan	facs	3_10_M	234445.0	2735.0	male	Fat	BAT	nan	6	5
J10-MAA000607-3_9_M-1-1			3	J10.MAA000607.3_9_M.1.1-1-1	3_9_M	Thymus	False	1	False	J10.MAA000607.3_9_M.1.1-1-1	young_source_rule	J10.MAA000607.3_9_M.1.1-1-1-1	one_assay_suffix	3m	1	nan	thymocyte	CL:0002420	proliferating thymocyte; DN to DP transition, dividing (some are Cd8+/ Cd4+, some undergoing VDJ recombination)	facs	3_9_M	1157900.0	5560.0	male	nan	Thymus	nan	21	23
J10-MAA000609-3_8_M-1-1			3	J10.MAA000609.3_8_M.1.1-1-1	3_8_M	Thymus	False	1	False	J10.MAA000609.3_8_M.1.1-1-1	young_source_rule	J10.MAA000609.3_8_M.1.1-1-1-1	one_assay_suffix	3m	1	nan	thymocyte	CL:0002420	proliferating thymocyte; DN to DP transition, dividing (some are Cd8+/ Cd4+, some undergoing VDJ recombination)	facs	3_8_M	833898.0	3959.0	male	nan	Thymus	nan	21	23
J10-MAA000844-3_10_M-1-1			3	J10.MAA000844.3_10_M.1.1-1-1	3_10_M	Marrow	False	1	False	J10.MAA000844.3_10_M.1.1-1-1	young_source_rule	J10.MAA000844.3_10_M.1.1-1-1-1	one_assay_suffix	3m	1	nan	mature alpha-beta T cell	CL:0002420	BM CD8 + CD4 T cell	facs	3_10_M	445135.0	2081.0	male	T-cells	Marrow	nan	4	9
J11-B000827-3_38_F-1-1			3	J11.B000827.3_38_F.1.1-1-1	3_38_F	Thymus	False	1	False	J11.B000827.3_38_F.1.1-1-1	young_source_rule	J11.B000827.3_38_F.1.1-1-1-1	one_assay_suffix	3m	1	nan	DN4 thymocyte	CL:0002420	DN4 thymocyte	facs	3_38_F	449303.0	1642.0	female	Flowthrough	Thymus	nan	6	5
J11-B000971-3_39_F-1-1			3	J11.B000971.3_39_F.1.1-1-1	3_39_F	Spleen	False	1	False	J11.B000971.3_39_F.1.1-1-1	young_source_rule	J11.B000971.3_39_F.1.1-1-1-1	one_assay_suffix	3m	1	nan	CD4-positive, alpha-beta T cell	CL:0000084	Cd3e T cell	facs	3_39_F	1064164.0	2060.0	female	nan	Spleen	nan	6	5
J11-B003291-3_39_F-1-1			3	J11.B003291.3_39_F.1.1-1-1	3_39_F	Thymus	False	1	False	J11.B003291.3_39_F.1.1-1-1	young_source_rule	J11.B003291.3_39_F.1.1-1-1-1	one_assay_suffix	3m	1	nan	thymocyte	CL:0002420	proliferating thymocyte; DN to DP transition, dividing (some are Cd8+/ Cd4+, some undergoing VDJ recombination)	facs	3_39_F	2365665.0	5067.0	female	Flowthrough	Thymus	nan	21	23
J11-MAA000607-3_9_M-1-1			3	J11.MAA000607.3_9_M.1.1-1-1	3_9_M	Thymus	False	1	False	J11.MAA000607.3_9_M.1.1-1-1	young_source_rule	J11.MAA000607.3_9_M.1.1-1-1-1	one_assay_suffix	3m	1	nan	DN4 thymocyte	CL:0002420	DN4 thymocyte	facs	3_9_M	236533.0	2081.0	male	nan	Thymus	nan	6	5
J11-MAA000609-3_8_M-1-1			3	J11.MAA000609.3_8_M.1.1-1-1	3_8_M	Thymus	False	1	False	J11.MAA000609.3_8_M.1.1-1-1	young_source_rule	J11.MAA000609.3_8_M.1.1-1-1-1	one_assay_suffix	3m	1	nan	thymocyte	CL:0002420	DN to DP transition (most are Cd8+/ Cd4+, some undergoing VDJ recombination)	facs	3_8_M	220944.0	2009.0	male	nan	Thymus	nan	21	23
J11-MAA000880-3_11_M-1-1			3	J11.MAA000880.3_11_M.1.1-1-1	3_11_M	Thymus	False	1	False	J11.MAA000880.3_11_M.1.1-1-1	young_source_rule	J11.MAA000880.3_11_M.1.1-1-1-1	one_assay_suffix	3m	1	nan	DN4 thymocyte	CL:0002420	DN4 thymocyte	facs	3_11_M	771538.0	1558.0	male	nan	Thymus	nan	6	5
J11-MAA001865-3_38_F-1-1			3	J11.MAA001865.3_38_F.1.1-1-1	3_38_F	Trachea	False	1	False	J11.MAA001865.3_38_F.1.1-1-1	young_source_rule	J11.MAA001865.3_38_F.1.1-1-1-1	one_assay_suffix	3m	1	nan	T cell	CL:0000081	nan	facs	3_38_F	380786.0	3880.0	female	nan	Trachea	nan	21	23
J12-B000827-3_38_F-1-1			3	J12.B000827.3_38_F.1.1-1-1	3_38_F	Thymus	False	1	False	J12.B000827.3_38_F.1.1-1-1	young_source_rule	J12.B000827.3_38_F.1.1-1-1-1	one_assay_suffix	3m	1	nan	DN4 thymocyte	CL:0002420	DN4 thymocyte	facs	3_38_F	457596.0	1554.0	female	Flowthrough	Thymus	nan	6	5
J12-B003291-3_39_F-1-1			3	J12.B003291.3_39_F.1.1-1-1	3_39_F	Thymus	False	1	False	J12.B003291.3_39_F.1.1-1-1	young_source_rule	J12.B003291.3_39_F.1.1-1-1-1	one_assay_suffix	3m	1	nan	thymocyte	CL:0002420	DN to DP transition (most are Cd8+/ Cd4+, some undergoing VDJ recombination)	facs	3_39_F	1299298.0	1688.0	female	Flowthrough	Thymus	nan	21	23
J12-D043526-3_39_F-1-1			3	J12.D043526.3_39_F.1.1-1-1	3_39_F	SCAT	False	1	False	J12.D043526.3_39_F.1.1-1-1	young_source_rule	J12.D043526.3_39_F.1.1-1-1-1	one_assay_suffix	3m	1	nan	NK cell	CL:0000084	nan	facs	3_39_F	344361.0	2271.0	female	Fat	SCAT	nan	4	21
J12-MAA000388-3_11_M-1-1			3	J12.MAA000388.3_11_M.1.1-1-1	3_11_M	GAT	False	1	False	J12.MAA000388.3_11_M.1.1-1-1	young_source_rule	J12.MAA000388.3_11_M.1.1-1-1-1	one_assay_suffix	3m	1	nan	CD4-positive, alpha-beta T cell	CL:0000084	nan	facs	3_11_M	96789.0	2317.0	male	Fat	GAT	nan	4	5
J12-MAA000607-3_9_M-1-1			3	J12.MAA000607.3_9_M.1.1-1-1	3_9_M	Thymus	False	1	False	J12.MAA000607.3_9_M.1.1-1-1	young_source_rule	J12.MAA000607.3_9_M.1.1-1-1-1	one_assay_suffix	3m	1	nan	DN4 thymocyte	CL:0002420	DN4 thymocyte	facs	3_9_M	220026.0	1763.0	male	nan	Thymus	nan	6	5
J12-MAA000609-3_8_M-1-1			3	J12.MAA000609.3_8_M.1.1-1-1	3_8_M	Thymus	False	1	False	J12.MAA000609.3_8_M.1.1-1-1	young_source_rule	J12.MAA000609.3_8_M.1.1-1-1-1	one_assay_suffix	3m	1	nan	thymocyte	CL:0002420	proliferating thymocyte; DN to DP transition, dividing (some are Cd8+/ Cd4+, some undergoing VDJ recombination)	facs	3_8_M	372147.0	3190.0	male	nan	Thymus	nan	21	23
J12-MAA000880-3_11_M-1-1			3	J12.MAA000880.3_11_M.1.1-1-1	3_11_M	Thymus	False	1	False	J12.MAA000880.3_11_M.1.1-1-1	young_source_rule	J12.MAA000880.3_11_M.1.1-1-1-1	one_assay_suffix	3m	1	nan	DN4 thymocyte	CL:0002420	DN4 thymocyte	facs	3_11_M	819461.0	1649.0	male	nan	Thymus	nan	6	5
J13-B001750-3_38_F-1-1			3	J13.B001750.3_38_F.1.1-1-1	3_38_F	Spleen	False	1	False	J13.B001750.3_38_F.1.1-1-1	young_source_rule	J13.B001750.3_38_F.1.1-1-1-1	one_assay_suffix	3m	1	nan	CD4-positive, alpha-beta T cell	CL:0000084	Cd3e T cell	facs	3_38_F	445653.0	1931.0	female	nan	Spleen	nan	6	5
J13-B003291-3_39_F-1-1			3	J13.B003291.3_39_F.1.1-1-1	3_39_F	Thymus	False	1	False	J13.B003291.3_39_F.1.1-1-1	young_source_rule	J13.B003291.3_39_F.1.1-1-1-1	one_assay_suffix	3m	1	nan	DN4 thymocyte	CL:0002420	DN4 thymocyte	facs	3_39_F	1050504.0	2146.0	female	Flowthrough	Thymus	nan	6	5
J13-MAA000385-3_10_M-1-1			3	J13.MAA000385.3_10_M.1.1-1-1	3_10_M	SCAT	False	1	False	J13.MAA000385.3_10_M.1.1-1-1	young_source_rule	J13.MAA000385.3_10_M.1.1-1-1-1	one_assay_suffix	3m	1	nan	T cell	CL:0000084	nan	facs	3_10_M	598946.0	2621.0	male	Fat	SCAT	nan	6	5
J13-MAA000607-3_9_M-1-1			3	J13.MAA000607.3_9_M.1.1-1-1	3_9_M	Thymus	False	1	False	J13.MAA000607.3_9_M.1.1-1-1	young_source_rule	J13.MAA000607.3_9_M.1.1-1-1-1	one_assay_suffix	3m	1	nan	thymocyte	CL:0002420	DN to DP transition (most are Cd8+/ Cd4+, some undergoing VDJ recombination)	facs	3_9_M	430793.0	2772.0	male	nan	Thymus	nan	21	23
J13-MAA000609-3_8_M-1-1			3	J13.MAA000609.3_8_M.1.1-1-1	3_8_M	Thymus	False	1	False	J13.MAA000609.3_8_M.1.1-1-1	young_source_rule	J13.MAA000609.3_8_M.1.1-1-1-1	one_assay_suffix	3m	1	nan	thymocyte	CL:0002420	DN to DP transition (most are Cd8+/ Cd4+, some undergoing VDJ recombination)	facs	3_8_M	224888.0	2234.0	male	nan	Thymus	nan	21	23
J14-B000827-3_38_F-1-1			3	J14.B000827.3_38_F.1.1-1-1	3_38_F	Thymus	False	1	False	J14.B000827.3_38_F.1.1-1-1	young_source_rule	J14.B000827.3_38_F.1.1-1-1-1	one_assay_suffix	3m	1	nan	DN4 thymocyte	CL:0002420	DN4 thymocyte	facs	3_38_F	343113.0	2647.0	female	Flowthrough	Thymus	nan	6	5
J14-B003291-3_39_F-1-1			3	J14.B003291.3_39_F.1.1-1-1	3_39_F	Thymus	False	1	False	J14.B003291.3_39_F.1.1-1-1	young_source_rule	J14.B003291.3_39_F.1.1-1-1-1	one_assay_suffix	3m	1	nan	thymocyte	CL:0002420	DN to DP transition (most are Cd8+/ Cd4+, some undergoing VDJ recombination)	facs	3_39_F	561195.0	1826.0	female	Flowthrough	Thymus	nan	21	23
J14-MAA000508-3_9_M-1-1			3	J14.MAA000508.3_9_M.1.1-1-1	3_9_M	Spleen	False	1	False	J14.MAA000508.3_9_M.1.1-1-1	young_source_rule	J14.MAA000508.3_9_M.1.1-1-1-1	one_assay_suffix	3m	1	nan	CD8-positive, alpha-beta T cell	CL:0000084	Cd3e T cell	facs	3_9_M	303869.0	2473.0	male	nan	Spleen	nan	6	5
J14-MAA000607-3_9_M-1-1			3	J14.MAA000607.3_9_M.1.1-1-1	3_9_M	Thymus	False	1	False	J14.MAA000607.3_9_M.1.1-1-1	young_source_rule	J14.MAA000607.3_9_M.1.1-1-1-1	one_assay_suffix	3m	1	nan	DN4 thymocyte	CL:0002420	DN4 thymocyte	facs	3_9_M	240168.0	1873.0	male	nan	Thymus	nan	6	5
J14-MAA000880-3_11_M-1-1			3	J14.MAA000880.3_11_M.1.1-1-1	3_11_M	Thymus	False	1	False	J14.MAA000880.3_11_M.1.1-1-1	young_source_rule	J14.MAA000880.3_11_M.1.1-1-1-1	one_assay_suffix	3m	1	nan	DN4 thymocyte	CL:0002420	DN4 thymocyte	facs	3_11_M	938947.0	1654.0	male	nan	Thymus	nan	6	5
J15-B000827-3_38_F-1-1			3	J15.B000827.3_38_F.1.1-1-1	3_38_F	Thymus	False	1	False	J15.B000827.3_38_F.1.1-1-1	young_source_rule	J15.B000827.3_38_F.1.1-1-1-1	one_assay_suffix	3m	1	nan	DN4 thymocyte	CL:0002420	DN4 thymocyte	facs	3_38_F	442262.0	1768.0	female	Flowthrough	Thymus	nan	6	23
J15-B001216-3_38_F-1-1			3	J15.B001216.3_38_F.1.1-1-1	3_38_F	BAT	False	1	False	J15.B001216.3_38_F.1.1-1-1	young_source_rule	J15.B001216.3_38_F.1.1-1-1-1	one_assay_suffix	3m	1	nan	T cell	CL:0000084	nan	facs	3_38_F	447849.0	935.0	female	Fat	BAT	nan	6	5
J15-B001960-3_56_F-1-1			3	J15.B001960.3_56_F.1.1-1-1	3_56_F	BAT	False	1	False	J15.B001960.3_56_F.1.1-1-1	young_source_rule	J15.B001960.3_56_F.1.1-1-1-1	one_assay_suffix	3m	1	nan	T cell	CL:0000084	nan	facs	3_56_F	1048976.0	1405.0	female	Fat	BAT	nan	6	5
J15-B003291-3_39_F-1-1			3	J15.B003291.3_39_F.1.1-1-1	3_39_F	Thymus	False	1	False	J15.B003291.3_39_F.1.1-1-1	young_source_rule	J15.B003291.3_39_F.1.1-1-1-1	one_assay_suffix	3m	1	nan	thymocyte	CL:0002420	DN to DP transition (most are Cd8+/ Cd4+, some undergoing VDJ recombination)	facs	3_39_F	1088195.0	1330.0	female	Flowthrough	Thymus	nan	6	23
J15-MAA000607-3_9_M-1-1			3	J15.MAA000607.3_9_M.1.1-1-1	3_9_M	Thymus	False	1	False	J15.MAA000607.3_9_M.1.1-1-1	young_source_rule	J15.MAA000607.3_9_M.1.1-1-1-1	one_assay_suffix	3m	1	nan	thymocyte	CL:0002420	DN to DP transition (most are Cd8+/ Cd4+, some undergoing VDJ recombination)	facs	3_9_M	162252.0	1824.0	male	nan	Thymus	nan	21	23
J15-MAA000609-3_8_M-1-1			3	J15.MAA000609.3_8_M.1.1-1-1	3_8_M	Thymus	False	1	False	J15.MAA000609.3_8_M.1.1-1-1	young_source_rule	J15.MAA000609.3_8_M.1.1-1-1-1	one_assay_suffix	3m	1	nan	thymocyte	CL:0002420	DN to DP transition (most are Cd8+/ Cd4+, some undergoing VDJ recombination)	facs	3_8_M	100576.0	1347.0	male	nan	Thymus	nan	21	23
J15-MAA000779-3_11_M-1-1			3	J15.MAA000779.3_11_M.1.1-1-1	3_11_M	Spleen	False	1	False	J15.MAA000779.3_11_M.1.1-1-1	young_source_rule	J15.MAA000779.3_11_M.1.1-1-1-1	one_assay_suffix	3m	1	nan	CD4-positive, alpha-beta T cell	CL:0000084	Cd3e T cell	facs	3_11_M	368851.0	1523.0	male	nan	Spleen	nan	6	5
J15-MAA001857-3_38_F-1-1	6.0	2.0	3	J15.MAA001857.3_38_F.1.1-1-1	3_38_F	Pancreas	True	1	False	J15.MAA001857.3_38_F.1.1-1-1	young_source_rule	J15.MAA001857.3_38_F.1.1-1-1-1	one_assay_suffix	3m	1	nan	pancreatic A cell	CL:0000173	nan	facs	3_38_F	1479663.0	7041.0	female	Endocrine	Pancreas	nan	14	16
J16-B000827-3_38_F-1-1			3	J16.B000827.3_38_F.1.1-1-1	3_38_F	Thymus	False	1	False	J16.B000827.3_38_F.1.1-1-1	young_source_rule	J16.B000827.3_38_F.1.1-1-1-1	one_assay_suffix	3m	1	nan	DN4 thymocyte	CL:0002420	DN4 thymocyte	facs	3_38_F	488068.0	1941.0	female	Flowthrough	Thymus	nan	6	5
J16-B003291-3_39_F-1-1			3	J16.B003291.3_39_F.1.1-1-1	3_39_F	Thymus	False	1	False	J16.B003291.3_39_F.1.1-1-1	young_source_rule	J16.B003291.3_39_F.1.1-1-1-1	one_assay_suffix	3m	1	nan	thymocyte	CL:0002420	DN to DP transition (most are Cd8+/ Cd4+, some undergoing VDJ recombination)	facs	3_39_F	1271594.0	1534.0	female	Flowthrough	Thymus	nan	21	23
J16-MAA000607-3_9_M-1-1			3	J16.MAA000607.3_9_M.1.1-1-1	3_9_M	Thymus	False	1	False	J16.MAA000607.3_9_M.1.1-1-1	young_source_rule	J16.MAA000607.3_9_M.1.1-1-1-1	one_assay_suffix	3m	1	nan	thymocyte	CL:0002420	DN to DP transition (most are Cd8+/ Cd4+, some undergoing VDJ recombination)	facs	3_9_M	346613.0	2200.0	male	nan	Thymus	nan	21	23
J16-MAA000609-3_8_M-1-1			3	J16.MAA000609.3_8_M.1.1-1-1	3_8_M	Thymus	False	1	False	J16.MAA000609.3_8_M.1.1-1-1	young_source_rule	J16.MAA000609.3_8_M.1.1-1-1-1	one_assay_suffix	3m	1	nan	thymocyte	CL:0002420	DN to DP transition (most are Cd8+/ Cd4+, some undergoing VDJ recombination)	facs	3_8_M	139778.0	1402.0	male	nan	Thymus	nan	6	23
J16-MAA000880-3_11_M-1-1			3	J16.MAA000880.3_11_M.1.1-1-1	3_11_M	Thymus	False	1	False	J16.MAA000880.3_11_M.1.1-1-1	young_source_rule	J16.MAA000880.3_11_M.1.1-1-1-1	one_assay_suffix	3m	1	nan	thymocyte	CL:0002420	DN to DP transition (most are Cd8+/ Cd4+, some undergoing VDJ recombination)	facs	3_11_M	1042500.0	1767.0	male	nan	Thymus	nan	21	23
J16-MAA000903-3_11_M-1-1			3	J16.MAA000903.3_11_M.1.1-1-1	3_11_M	Heart	False	1	False	J16.MAA000903.3_11_M.1.1-1-1	young_source_rule	J16.MAA000903.3_11_M.1.1-1-1-1	one_assay_suffix	3m	1	nan	T cell	CL:0000738	T cell	facs	3_11_M	871272.0	1858.0	male	RA	Heart	nan	4	21
J17-B003291-3_39_F-1-1			3	J17.B003291.3_39_F.1.1-1-1	3_39_F	Thymus	False	1	False	J17.B003291.3_39_F.1.1-1-1	young_source_rule	J17.B003291.3_39_F.1.1-1-1-1	one_assay_suffix	3m	1	nan	thymocyte	CL:0002420	DN to DP transition (most are Cd8+/ Cd4+, some undergoing VDJ recombination)	facs	3_39_F	696869.0	1430.0	female	Flowthrough	Thymus	nan	21	23
J17-MAA000594-3_8_M-1-1	10.0	3.0	3	J17.MAA000594.3_8_M.1.1-1-1	3_8_M	Aorta	True	3	True	J17.MAA000594.3_8_M.1.1-1-1	young_source_rule	J17.MAA000594.3_8_M.1.1-1-1-1	one_assay_suffix	3m	1	nan	macrophage	CL:0000145	leukocyte	facs	3_8_M	2794558.0	4659.0	male	Heart	Aorta	nan	4	21
J17-MAA000607-3_9_M-1-1			3	J17.MAA000607.3_9_M.1.1-1-1	3_9_M	Thymus	False	1	False	J17.MAA000607.3_9_M.1.1-1-1	young_source_rule	J17.MAA000607.3_9_M.1.1-1-1-1	one_assay_suffix	3m	1	nan	thymocyte	CL:0002420	DN to DP transition (most are Cd8+/ Cd4+, some undergoing VDJ recombination)	facs	3_9_M	181331.0	1617.0	male	nan	Thymus	nan	21	23
J18-B000827-3_38_F-1-1			3	J18.B000827.3_38_F.1.1-1-1	3_38_F	Thymus	False	1	False	J18.B000827.3_38_F.1.1-1-1	young_source_rule	J18.B000827.3_38_F.1.1-1-1-1	one_assay_suffix	3m	1	nan	DN4 thymocyte	CL:0002420	DN4 thymocyte	facs	3_38_F	734000.0	2739.0	female	Flowthrough	Thymus	nan	6	5
J18-B000971-3_39_F-1-1			3	J18.B000971.3_39_F.1.1-1-1	3_39_F	Spleen	False	1	False	J18.B000971.3_39_F.1.1-1-1	young_source_rule	J18.B000971.3_39_F.1.1-1-1-1	one_assay_suffix	3m	1	nan	CD4-positive, alpha-beta T cell	CL:0000084	Cd3e T cell	facs	3_39_F	537124.0	1569.0	female	nan	Spleen	nan	6	5
J18-B003291-3_39_F-1-1			3	J18.B003291.3_39_F.1.1-1-1	3_39_F	Thymus	False	1	False	J18.B003291.3_39_F.1.1-1-1	young_source_rule	J18.B003291.3_39_F.1.1-1-1-1	one_assay_suffix	3m	1	nan	thymocyte	CL:0002420	DN to DP transition (most are Cd8+/ Cd4+, some undergoing VDJ recombination)	facs	3_39_F	675513.0	1046.0	female	Flowthrough	Thymus	nan	21	23
J18-MAA000594-3_8_M-1-1	10.0	3.0	3	J18.MAA000594.3_8_M.1.1-1-1	3_8_M	Aorta	True	3	True	J18.MAA000594.3_8_M.1.1-1-1	young_source_rule	J18.MAA000594.3_8_M.1.1-1-1-1	one_assay_suffix	3m	1	nan	macrophage	CL:0000145	leukocyte	facs	3_8_M	2088067.0	6828.0	male	Heart	Aorta	nan	4	21
J18-MAA000607-3_9_M-1-1			3	J18.MAA000607.3_9_M.1.1-1-1	3_9_M	Thymus	False	1	False	J18.MAA000607.3_9_M.1.1-1-1	young_source_rule	J18.MAA000607.3_9_M.1.1-1-1-1	one_assay_suffix	3m	1	nan	thymocyte	CL:0002420	DN to DP transition (most are Cd8+/ Cd4+, some undergoing VDJ recombination)	facs	3_9_M	177774.0	1225.0	male	nan	Thymus	nan	21	23
J18-MAA000609-3_8_M-1-1			3	J18.MAA000609.3_8_M.1.1-1-1	3_8_M	Thymus	False	1	False	J18.MAA000609.3_8_M.1.1-1-1	young_source_rule	J18.MAA000609.3_8_M.1.1-1-1-1	one_assay_suffix	3m	1	nan	thymocyte	CL:0002420	proliferating thymocyte; DN to DP transition, dividing (some are Cd8+/ Cd4+, some undergoing VDJ recombination)	facs	3_8_M	337204.0	2568.0	male	nan	Thymus	nan	21	23
J18-MAA000880-3_11_M-1-1			3	J18.MAA000880.3_11_M.1.1-1-1	3_11_M	Thymus	False	1	False	J18.MAA000880.3_11_M.1.1-1-1	young_source_rule	J18.MAA000880.3_11_M.1.1-1-1-1	one_assay_suffix	3m	1	nan	DN4 thymocyte	CL:0002420	DN4 thymocyte	facs	3_11_M	664843.0	1330.0	male	nan	Thymus	nan	6	5
J19-B000827-3_38_F-1-1			3	J19.B000827.3_38_F.1.1-1-1	3_38_F	Thymus	False	1	False	J19.B000827.3_38_F.1.1-1-1	young_source_rule	J19.B000827.3_38_F.1.1-1-1-1	one_assay_suffix	3m	1	nan	DN4 thymocyte	CL:0002420	DN4 thymocyte	facs	3_38_F	544130.0	1702.0	female	Flowthrough	Thymus	nan	6	5
J19-B003291-3_39_F-1-1			3	J19.B003291.3_39_F.1.1-1-1	3_39_F	Thymus	False	1	False	J19.B003291.3_39_F.1.1-1-1	young_source_rule	J19.B003291.3_39_F.1.1-1-1-1	one_assay_suffix	3m	1	nan	thymocyte	CL:0002420	DN to DP transition (most are Cd8+/ Cd4+, some undergoing VDJ recombination)	facs	3_39_F	1378816.0	1296.0	female	Flowthrough	Thymus	nan	21	23
J19-MAA000594-3_8_M-1-1	10.0	3.0	3	J19.MAA000594.3_8_M.1.1-1-1	3_8_M	Aorta	True	3	True	J19.MAA000594.3_8_M.1.1-1-1	young_source_rule	J19.MAA000594.3_8_M.1.1-1-1-1	one_assay_suffix	3m	1	nan	fibrocyte	CL:0000145	leukocyte	facs	3_8_M	2017292.0	6906.0	male	Heart	Aorta	nan	35	39
J19-MAA000607-3_9_M-1-1			3	J19.MAA000607.3_9_M.1.1-1-1	3_9_M	Thymus	False	1	False	J19.MAA000607.3_9_M.1.1-1-1	young_source_rule	J19.MAA000607.3_9_M.1.1-1-1-1	one_assay_suffix	3m	1	nan	thymocyte	CL:0002420	proliferating thymocyte; DN to DP transition, dividing (some are Cd8+/ Cd4+, some undergoing VDJ recombination)	facs	3_9_M	510681.0	3240.0	male	nan	Thymus	nan	21	23
J19-MAA000609-3_8_M-1-1			3	J19.MAA000609.3_8_M.1.1-1-1	3_8_M	Thymus	False	1	False	J19.MAA000609.3_8_M.1.1-1-1	young_source_rule	J19.MAA000609.3_8_M.1.1-1-1-1	one_assay_suffix	3m	1	nan	DN4 thymocyte	CL:0002420	DN4 thymocyte	facs	3_8_M	202866.0	2136.0	male	nan	Thymus	nan	6	5
J19-MAA000844-3_10_M-1-1			3	J19.MAA000844.3_10_M.1.1-1-1	3_10_M	Marrow	False	1	False	J19.MAA000844.3_10_M.1.1-1-1	young_source_rule	J19.MAA000844.3_10_M.1.1-1-1-1	one_assay_suffix	3m	1	nan	NK cell	CL:0000914	NK cell	facs	3_10_M	901069.0	2711.0	male	T-cells	Marrow	nan	4	9
J19-MAA000880-3_11_M-1-1			3	J19.MAA000880.3_11_M.1.1-1-1	3_11_M	Thymus	False	1	False	J19.MAA000880.3_11_M.1.1-1-1	young_source_rule	J19.MAA000880.3_11_M.1.1-1-1-1	one_assay_suffix	3m	1	nan	DN4 thymocyte	CL:0002420	DN4 thymocyte	facs	3_11_M	473821.0	1298.0	male	nan	Thymus	nan	6	5
J2-B000827-3_38_F-1-1			3	J2.B000827.3_38_F.1.1-1-1	3_38_F	Thymus	False	1	False	J2.B000827.3_38_F.1.1-1-1	young_source_rule	J2.B000827.3_38_F.1.1-1-1-1	one_assay_suffix	3m	1	nan	DN4 thymocyte	CL:0002420	DN4 thymocyte	facs	3_38_F	477690.0	1971.0	female	Flowthrough	Thymus	nan	6	5
J2-B000971-3_39_F-1-1			3	J2.B000971.3_39_F.1.1-1-1	3_39_F	Spleen	False	1	False	J2.B000971.3_39_F.1.1-1-1	young_source_rule	J2.B000971.3_39_F.1.1-1-1-1	one_assay_suffix	3m	1	nan	CD8-positive, alpha-beta T cell	CL:0000084	Cd3e T cell	facs	3_39_F	515376.0	1601.0	female	nan	Spleen	nan	6	5
J2-B003291-3_39_F-1-1			3	J2.B003291.3_39_F.1.1-1-1	3_39_F	Thymus	False	1	False	J2.B003291.3_39_F.1.1-1-1	young_source_rule	J2.B003291.3_39_F.1.1-1-1-1	one_assay_suffix	3m	1	nan	thymocyte	CL:0002420	DN to DP transition (most are Cd8+/ Cd4+, some undergoing VDJ recombination)	facs	3_39_F	539525.0	1726.0	female	Flowthrough	Thymus	nan	21	23
J2-MAA000607-3_9_M-1-1			3	J2.MAA000607.3_9_M.1.1-1-1	3_9_M	Thymus	False	1	False	J2.MAA000607.3_9_M.1.1-1-1	young_source_rule	J2.MAA000607.3_9_M.1.1-1-1-1	one_assay_suffix	3m	1	nan	thymocyte	CL:0002420	DN to DP transition (most are Cd8+/ Cd4+, some undergoing VDJ recombination)	facs	3_9_M	250463.0	2156.0	male	nan	Thymus	nan	21	23
J20-B000827-3_38_F-1-1			3	J20.B000827.3_38_F.1.1-1-1	3_38_F	Thymus	False	1	False	J20.B000827.3_38_F.1.1-1-1	young_source_rule	J20.B000827.3_38_F.1.1-1-1-1	one_assay_suffix	3m	1	nan	DN4 thymocyte	CL:0002420	DN4 thymocyte	facs	3_38_F	745124.0	2015.0	female	Flowthrough	Thymus	nan	6	5
J20-B000971-3_39_F-1-1			3	J20.B000971.3_39_F.1.1-1-1	3_39_F	Spleen	False	1	False	J20.B000971.3_39_F.1.1-1-1	young_source_rule	J20.B000971.3_39_F.1.1-1-1-1	one_assay_suffix	3m	1	nan	CD8-positive, alpha-beta T cell	CL:0000084	Cd3e T cell	facs	3_39_F	843668.0	2266.0	female	nan	Spleen	nan	6	5
J20-B003291-3_39_F-1-1			3	J20.B003291.3_39_F.1.1-1-1	3_39_F	Thymus	False	1	False	J20.B003291.3_39_F.1.1-1-1	young_source_rule	J20.B003291.3_39_F.1.1-1-1-1	one_assay_suffix	3m	1	nan	thymocyte	CL:0002420	DN to DP transition (most are Cd8+/ Cd4+, some undergoing VDJ recombination)	facs	3_39_F	1702936.0	1397.0	female	Flowthrough	Thymus	nan	21	23
J20-MAA000508-3_9_M-1-1			3	J20.MAA000508.3_9_M.1.1-1-1	3_9_M	Spleen	False	1	False	J20.MAA000508.3_9_M.1.1-1-1	young_source_rule	J20.MAA000508.3_9_M.1.1-1-1-1	one_assay_suffix	3m	1	nan	CD8-positive, alpha-beta T cell	CL:0000084	Cd3e T cell	facs	3_9_M	309833.0	2380.0	male	nan	Spleen	nan	6	5
J20-MAA000607-3_9_M-1-1			3	J20.MAA000607.3_9_M.1.1-1-1	3_9_M	Thymus	False	1	False	J20.MAA000607.3_9_M.1.1-1-1	young_source_rule	J20.MAA000607.3_9_M.1.1-1-1-1	one_assay_suffix	3m	1	nan	DN4 thymocyte	CL:0002420	DN4 thymocyte	facs	3_9_M	219816.0	2030.0	male	nan	Thymus	nan	6	5
J20-MAA000609-3_8_M-1-1			3	J20.MAA000609.3_8_M.1.1-1-1	3_8_M	Thymus	False	1	False	J20.MAA000609.3_8_M.1.1-1-1	young_source_rule	J20.MAA000609.3_8_M.1.1-1-1-1	one_assay_suffix	3m	1	nan	DN4 thymocyte	CL:0002420	DN4 thymocyte	facs	3_8_M	195848.0	1694.0	male	nan	Thymus	nan	6	5
J20-MAA000779-3_11_M-1-1			3	J20.MAA000779.3_11_M.1.1-1-1	3_11_M	Spleen	False	1	False	J20.MAA000779.3_11_M.1.1-1-1	young_source_rule	J20.MAA000779.3_11_M.1.1-1-1-1	one_assay_suffix	3m	1	nan	CD4-positive, alpha-beta T cell	CL:0000084	Cd3e T cell	facs	3_11_M	498128.0	1995.0	male	nan	Spleen	nan	6	5
J20-MAA000801-3_11_M-1-1	41.0	2.0	3	J20.MAA000801.3_11_M.1.1-1-1	3_11_M	Kidney	True	1	False	J20.MAA000801.3_11_M.1.1-1-1	young_source_rule	J20.MAA000801.3_11_M.1.1-1-1-1	one_assay_suffix	3m	1	nan	T cell	CL:0000738	T cell	facs	3_11_M	403917.0	1483.0	male	nan	Kidney	nan	4	9
J20-MAA000880-3_11_M-1-1	45.0	2.0	3	J20.MAA000880.3_11_M.1.1-1-1	3_11_M	Thymus	True	2	True	J20.MAA000880.3_11_M.1.1-1-1	young_source_rule	J20.MAA000880.3_11_M.1.1-1-1-1	one_assay_suffix	3m	1	nan	thymocyte	CL:0002420	DN to DP transition (most are Cd8+/ Cd4+, some undergoing VDJ recombination)	facs	3_11_M	646022.0	3268.0	male	nan	Thymus	nan	21	23
J20-MAA000917-3_11_M-1-1			3	J20.MAA000917.3_11_M.1.1-1-1	3_11_M	Heart	False	1	False	J20.MAA000917.3_11_M.1.1-1-1	young_source_rule	J20.MAA000917.3_11_M.1.1-1-1-1	one_assay_suffix	3m	1	nan	T cell	CL:0000738	T cell	facs	3_11_M	552788.0	2731.0	male	LV	Heart	nan	4	9
J20-MAA001888-3_39_F-1-1			3	J20.MAA001888.3_39_F.1.1-1-1	3_39_F	Marrow	False	1	False	J20.MAA001888.3_39_F.1.1-1-1	young_source_rule	J20.MAA001888.3_39_F.1.1-1-1-1	one_assay_suffix	3m	1	nan	basophil	CL:0000767	basophil	facs	3_39_F	733108.0	6051.0	female	T-cells	Marrow	nan	40	35
J21-B003291-3_39_F-1-1			3	J21.B003291.3_39_F.1.1-1-1	3_39_F	Thymus	False	1	False	J21.B003291.3_39_F.1.1-1-1	young_source_rule	J21.B003291.3_39_F.1.1-1-1-1	one_assay_suffix	3m	1	nan	thymocyte	CL:0002420	DN to DP transition (most are Cd8+/ Cd4+, some undergoing VDJ recombination)	facs	3_39_F	1246063.0	1350.0	female	Flowthrough	Thymus	nan	21	23
J21-MAA000594-3_8_M-1-1			3	J21.MAA000594.3_8_M.1.1-1-1	3_8_M	Aorta	False	1	False	J21.MAA000594.3_8_M.1.1-1-1	young_source_rule	J21.MAA000594.3_8_M.1.1-1-1-1	one_assay_suffix	3m	1	nan	macrophage	CL:0000145	leukocyte	facs	3_8_M	1135583.0	4744.0	male	Heart	Aorta	nan	4	21
J21-MAA000607-3_9_M-1-1			3	J21.MAA000607.3_9_M.1.1-1-1	3_9_M	Thymus	False	1	False	J21.MAA000607.3_9_M.1.1-1-1	young_source_rule	J21.MAA000607.3_9_M.1.1-1-1-1	one_assay_suffix	3m	1	nan	DN4 thymocyte	CL:0002420	DN4 thymocyte	facs	3_9_M	264389.0	2266.0	male	nan	Thymus	nan	6	5
J21-MAA000609-3_8_M-1-1			3	J21.MAA000609.3_8_M.1.1-1-1	3_8_M	Thymus	False	1	False	J21.MAA000609.3_8_M.1.1-1-1	young_source_rule	J21.MAA000609.3_8_M.1.1-1-1-1	one_assay_suffix	3m	1	nan	thymocyte	CL:0002420	DN to DP transition (most are Cd8+/ Cd4+, some undergoing VDJ recombination)	facs	3_8_M	131706.0	1232.0	male	nan	Thymus	nan	21	23
J21-MAA000779-3_11_M-1-1			3	J21.MAA000779.3_11_M.1.1-1-1	3_11_M	Spleen	False	1	False	J21.MAA000779.3_11_M.1.1-1-1	young_source_rule	J21.MAA000779.3_11_M.1.1-1-1-1	one_assay_suffix	3m	1	nan	CD4-positive, alpha-beta T cell	CL:0000084	Cd3e T cell	facs	3_11_M	298479.0	1208.0	male	nan	Spleen	nan	6	5
J21-MAA001847-3_39_F-1-1			3	J21.MAA001847.3_39_F.1.1-1-1	3_39_F	Lung	False	1	False	J21.MAA001847.3_39_F.1.1-1-1	young_source_rule	J21.MAA001847.3_39_F.1.1-1-1-1	one_assay_suffix	3m	1	nan	CD4-positive, alpha-beta T cell	CL:0000084	CD4+ T	facs	3_39_F	270629.0	2336.0	female	EPCAM	Lung	nan	4	5
J22-B000827-3_38_F-1-1			3	J22.B000827.3_38_F.1.1-1-1	3_38_F	Thymus	False	1	False	J22.B000827.3_38_F.1.1-1-1	young_source_rule	J22.B000827.3_38_F.1.1-1-1-1	one_assay_suffix	3m	1	nan	DN4 thymocyte	CL:0002420	DN4 thymocyte	facs	3_38_F	423365.0	2056.0	female	Flowthrough	Thymus	nan	6	5
J22-B001750-3_38_F-1-1			3	J22.B001750.3_38_F.1.1-1-1	3_38_F	Spleen	False	1	False	J22.B001750.3_38_F.1.1-1-1	young_source_rule	J22.B001750.3_38_F.1.1-1-1-1	one_assay_suffix	3m	1	nan	CD4-positive, alpha-beta T cell	CL:0000084	Cd3e T cell	facs	3_38_F	568103.0	1829.0	female	nan	Spleen	nan	4	21
J22-B003291-3_39_F-1-1			3	J22.B003291.3_39_F.1.1-1-1	3_39_F	Thymus	False	1	False	J22.B003291.3_39_F.1.1-1-1	young_source_rule	J22.B003291.3_39_F.1.1-1-1-1	one_assay_suffix	3m	1	nan	thymocyte	CL:0002420	DN to DP transition (most are Cd8+/ Cd4+, some undergoing VDJ recombination)	facs	3_39_F	1510228.0	1208.0	female	Flowthrough	Thymus	nan	21	23
J22-MAA000607-3_9_M-1-1			3	J22.MAA000607.3_9_M.1.1-1-1	3_9_M	Thymus	False	1	False	J22.MAA000607.3_9_M.1.1-1-1	young_source_rule	J22.MAA000607.3_9_M.1.1-1-1-1	one_assay_suffix	3m	1	nan	thymocyte	CL:0002420	DN to DP transition (most are Cd8+/ Cd4+, some undergoing VDJ recombination)	facs	3_9_M	238689.0	1892.0	male	nan	Thymus	nan	21	23
J22-MAA000779-3_11_M-1-1			3	J22.MAA000779.3_11_M.1.1-1-1	3_11_M	Spleen	False	1	False	J22.MAA000779.3_11_M.1.1-1-1	young_source_rule	J22.MAA000779.3_11_M.1.1-1-1-1	one_assay_suffix	3m	1	nan	CD8-positive, alpha-beta T cell	CL:0000084	Cd3e T cell	facs	3_11_M	192865.0	1373.0	male	nan	Spleen	nan	6	5
J22-MAA000880-3_11_M-1-1			3	J22.MAA000880.3_11_M.1.1-1-1	3_11_M	Thymus	False	1	False	J22.MAA000880.3_11_M.1.1-1-1	young_source_rule	J22.MAA000880.3_11_M.1.1-1-1-1	one_assay_suffix	3m	1	nan	thymocyte	CL:0002420	DN to DP transition (most are Cd8+/ Cd4+, some undergoing VDJ recombination)	facs	3_11_M	279698.0	1608.0	male	nan	Thymus	nan	21	23
J22-MAA000891-3_10_M-1-1			3	J22.MAA000891.3_10_M.1.1-1-1	3_10_M	Lung	False	1	False	J22.MAA000891.3_10_M.1.1-1-1	young_source_rule	J22.MAA000891.3_10_M.1.1-1-1-1	one_assay_suffix	3m	1	nan	CD4-positive, alpha-beta T cell	CL:0000084	CD4+ T	facs	3_10_M	1556075.0	1726.0	male	nan	Lung	nan	6	5
J22-MAA001847-3_39_F-1-1			3	J22.MAA001847.3_39_F.1.1-1-1	3_39_F	Lung	False	1	False	J22.MAA001847.3_39_F.1.1-1-1	young_source_rule	J22.MAA001847.3_39_F.1.1-1-1-1	one_assay_suffix	3m	1	nan	CD4-positive, alpha-beta T cell	CL:0000084	CD4+ T	facs	3_39_F	367502.0	2780.0	female	EPCAM	Lung	nan	6	5
J22-MAA001888-3_39_F-1-1			3	J22.MAA001888.3_39_F.1.1-1-1	3_39_F	Marrow	False	1	False	J22.MAA001888.3_39_F.1.1-1-1	young_source_rule	J22.MAA001888.3_39_F.1.1-1-1-1	one_assay_suffix	3m	1	nan	mature alpha-beta T cell	CL:0002420	BM CD8 + CD4 T cell	facs	3_39_F	318091.0	2692.0	female	T-cells	Marrow	nan	4	9
J3-B000827-3_38_F-1-1			3	J3.B000827.3_38_F.1.1-1-1	3_38_F	Thymus	False	1	False	J3.B000827.3_38_F.1.1-1-1	young_source_rule	J3.B000827.3_38_F.1.1-1-1-1	one_assay_suffix	3m	1	nan	DN4 thymocyte	CL:0002420	DN4 thymocyte	facs	3_38_F	590554.0	1812.0	female	Flowthrough	Thymus	nan	6	5
J3-B000971-3_39_F-1-1			3	J3.B000971.3_39_F.1.1-1-1	3_39_F	Spleen	False	1	False	J3.B000971.3_39_F.1.1-1-1	young_source_rule	J3.B000971.3_39_F.1.1-1-1-1	one_assay_suffix	3m	1	nan	CD8-positive, alpha-beta T cell	CL:0000084	Cd3e T cell	facs	3_39_F	1151475.0	2072.0	female	nan	Spleen	nan	6	5
J3-B001750-3_38_F-1-1			3	J3.B001750.3_38_F.1.1-1-1	3_38_F	Spleen	False	1	False	J3.B001750.3_38_F.1.1-1-1	young_source_rule	J3.B001750.3_38_F.1.1-1-1-1	one_assay_suffix	3m	1	nan	CD8-positive, alpha-beta T cell	CL:0000084	Cd3e T cell	facs	3_38_F	435811.0	1285.0	female	nan	Spleen	nan	6	5
J3-B003291-3_39_F-1-1			3	J3.B003291.3_39_F.1.1-1-1	3_39_F	Thymus	False	1	False	J3.B003291.3_39_F.1.1-1-1	young_source_rule	J3.B003291.3_39_F.1.1-1-1-1	one_assay_suffix	3m	1	nan	thymocyte	CL:0002420	DN to DP transition (most are Cd8+/ Cd4+, some undergoing VDJ recombination)	facs	3_39_F	740236.0	1502.0	female	Flowthrough	Thymus	nan	21	23
J3-MAA000508-3_9_M-1-1			3	J3.MAA000508.3_9_M.1.1-1-1	3_9_M	Spleen	False	1	False	J3.MAA000508.3_9_M.1.1-1-1	young_source_rule	J3.MAA000508.3_9_M.1.1-1-1-1	one_assay_suffix	3m	1	nan	CD8-positive, alpha-beta T cell	CL:0000084	Cd3e T cell	facs	3_9_M	143606.0	1315.0	male	nan	Spleen	nan	6	5
J3-MAA000607-3_9_M-1-1			3	J3.MAA000607.3_9_M.1.1-1-1	3_9_M	Thymus	False	1	False	J3.MAA000607.3_9_M.1.1-1-1	young_source_rule	J3.MAA000607.3_9_M.1.1-1-1-1	one_assay_suffix	3m	1	nan	thymocyte	CL:0002420	DN to DP transition (most are Cd8+/ Cd4+, some undergoing VDJ recombination)	facs	3_9_M	267361.0	1970.0	male	nan	Thymus	nan	21	23
J4-B000827-3_38_F-1-1			3	J4.B000827.3_38_F.1.1-1-1	3_38_F	Thymus	False	1	False	J4.B000827.3_38_F.1.1-1-1	young_source_rule	J4.B000827.3_38_F.1.1-1-1-1	one_assay_suffix	3m	1	nan	DN4 thymocyte	CL:0002420	DN4 thymocyte	facs	3_38_F	362138.0	1825.0	female	Flowthrough	Thymus	nan	6	5
J4-B003291-3_39_F-1-1			3	J4.B003291.3_39_F.1.1-1-1	3_39_F	Thymus	False	1	False	J4.B003291.3_39_F.1.1-1-1	young_source_rule	J4.B003291.3_39_F.1.1-1-1-1	one_assay_suffix	3m	1	nan	thymocyte	CL:0002420	proliferating thymocyte; DN to DP transition, dividing (some are Cd8+/ Cd4+, some undergoing VDJ recombination)	facs	3_39_F	1666407.0	3082.0	female	Flowthrough	Thymus	nan	21	23
J4-MAA000607-3_9_M-1-1			3	J4.MAA000607.3_9_M.1.1-1-1	3_9_M	Thymus	False	1	False	J4.MAA000607.3_9_M.1.1-1-1	young_source_rule	J4.MAA000607.3_9_M.1.1-1-1-1	one_assay_suffix	3m	1	nan	thymocyte	CL:0002420	proliferating thymocyte; DN to DP transition, dividing (some are Cd8+/ Cd4+, some undergoing VDJ recombination)	facs	3_9_M	1060109.0	5761.0	male	nan	Thymus	nan	21	23
J4-MAA001888-3_39_F-1-1			3	J4.MAA001888.3_39_F.1.1-1-1	3_39_F	Marrow	False	1	False	J4.MAA001888.3_39_F.1.1-1-1	young_source_rule	J4.MAA001888.3_39_F.1.1-1-1-1	one_assay_suffix	3m	1	nan	NK cell	CL:0000914	NK cell	facs	3_39_F	434702.0	2922.0	female	T-cells	Marrow	nan	4	9
J5-B000827-3_38_F-1-1			3	J5.B000827.3_38_F.1.1-1-1	3_38_F	Thymus	False	1	False	J5.B000827.3_38_F.1.1-1-1	young_source_rule	J5.B000827.3_38_F.1.1-1-1-1	one_assay_suffix	3m	1	nan	DN4 thymocyte	CL:0002420	DN4 thymocyte	facs	3_38_F	315918.0	1673.0	female	Flowthrough	Thymus	nan	6	5
J5-B003291-3_39_F-1-1			3	J5.B003291.3_39_F.1.1-1-1	3_39_F	Thymus	False	1	False	J5.B003291.3_39_F.1.1-1-1	young_source_rule	J5.B003291.3_39_F.1.1-1-1-1	one_assay_suffix	3m	1	nan	thymocyte	CL:0002420	DN to DP transition (most are Cd8+/ Cd4+, some undergoing VDJ recombination)	facs	3_39_F	486510.0	1530.0	female	Flowthrough	Thymus	nan	21	23
J5-MAA000607-3_9_M-1-1			3	J5.MAA000607.3_9_M.1.1-1-1	3_9_M	Thymus	False	1	False	J5.MAA000607.3_9_M.1.1-1-1	young_source_rule	J5.MAA000607.3_9_M.1.1-1-1-1	one_assay_suffix	3m	1	nan	DN4 thymocyte	CL:0002420	DN4 thymocyte	facs	3_9_M	157551.0	1780.0	male	nan	Thymus	nan	6	23
J5-MAA000844-3_10_M-1-1	3.0	2.0	3	J5.MAA000844.3_10_M.1.1-1-1	3_10_M	Marrow	True	1	False	J5.MAA000844.3_10_M.1.1-1-1	young_source_rule	J5.MAA000844.3_10_M.1.1-1-1-1	one_assay_suffix	3m	1	nan	macrophage	CL:0000235	CD4+ macrophage	facs	3_10_M	1006737.0	3618.0	male	T-cells	Marrow	nan	4	48
J6-B000827-3_38_F-1-1			3	J6.B000827.3_38_F.1.1-1-1	3_38_F	Thymus	False	1	False	J6.B000827.3_38_F.1.1-1-1	young_source_rule	J6.B000827.3_38_F.1.1-1-1-1	one_assay_suffix	3m	1	nan	DN4 thymocyte	CL:0002420	DN4 thymocyte	facs	3_38_F	563254.0	2457.0	female	Flowthrough	Thymus	nan	6	5
J6-B001750-3_38_F-1-1			3	J6.B001750.3_38_F.1.1-1-1	3_38_F	Spleen	False	1	False	J6.B001750.3_38_F.1.1-1-1	young_source_rule	J6.B001750.3_38_F.1.1-1-1-1	one_assay_suffix	3m	1	nan	CD8-positive, alpha-beta T cell	CL:0000084	nan	facs	3_38_F	678791.0	2550.0	female	nan	Spleen	nan	4	9
J6-B003291-3_39_F-1-1			3	J6.B003291.3_39_F.1.1-1-1	3_39_F	Thymus	False	1	False	J6.B003291.3_39_F.1.1-1-1	young_source_rule	J6.B003291.3_39_F.1.1-1-1-1	one_assay_suffix	3m	1	nan	thymocyte	CL:0002420	DN to DP transition (most are Cd8+/ Cd4+, some undergoing VDJ recombination)	facs	3_39_F	458190.0	1413.0	female	Flowthrough	Thymus	nan	21	23
J6-MAA000607-3_9_M-1-1			3	J6.MAA000607.3_9_M.1.1-1-1	3_9_M	Thymus	False	1	False	J6.MAA000607.3_9_M.1.1-1-1	young_source_rule	J6.MAA000607.3_9_M.1.1-1-1-1	one_assay_suffix	3m	1	nan	thymocyte	CL:0002420	DN to DP transition (most are Cd8+/ Cd4+, some undergoing VDJ recombination)	facs	3_9_M	186424.0	1993.0	male	nan	Thymus	nan	21	23
J6-MAA001865-3_38_F-1-1			3	J6.MAA001865.3_38_F.1.1-1-1	3_38_F	Trachea	False	1	False	J6.MAA001865.3_38_F.1.1-1-1	young_source_rule	J6.MAA001865.3_38_F.1.1-1-1-1	one_assay_suffix	3m	1	nan	T cell	CL:0000081	nan	facs	3_38_F	703354.0	3749.0	female	nan	Trachea	nan	21	23
J7-B000827-3_38_F-1-1			3	J7.B000827.3_38_F.1.1-1-1	3_38_F	Thymus	False	1	False	J7.B000827.3_38_F.1.1-1-1	young_source_rule	J7.B000827.3_38_F.1.1-1-1-1	one_assay_suffix	3m	1	nan	DN4 thymocyte	CL:0002420	DN4 thymocyte	facs	3_38_F	694245.0	2079.0	female	Flowthrough	Thymus	nan	6	5
J7-B003291-3_39_F-1-1			3	J7.B003291.3_39_F.1.1-1-1	3_39_F	Thymus	False	1	False	J7.B003291.3_39_F.1.1-1-1	young_source_rule	J7.B003291.3_39_F.1.1-1-1-1	one_assay_suffix	3m	1	nan	thymocyte	CL:0002420	DN to DP transition (most are Cd8+/ Cd4+, some undergoing VDJ recombination)	facs	3_39_F	870814.0	1841.0	female	Flowthrough	Thymus	nan	21	23
J7-MAA000607-3_9_M-1-1			3	J7.MAA000607.3_9_M.1.1-1-1	3_9_M	Thymus	False	1	False	J7.MAA000607.3_9_M.1.1-1-1	young_source_rule	J7.MAA000607.3_9_M.1.1-1-1-1	one_assay_suffix	3m	1	nan	thymocyte	CL:0002420	proliferating thymocyte; DN to DP transition, dividing (some are Cd8+/ Cd4+, some undergoing VDJ recombination)	facs	3_9_M	277312.0	3045.0	male	nan	Thymus	nan	21	23
J7-MAA000844-3_10_M-1-1			3	J7.MAA000844.3_10_M.1.1-1-1	3_10_M	Marrow	False	1	False	J7.MAA000844.3_10_M.1.1-1-1	young_source_rule	J7.MAA000844.3_10_M.1.1-1-1-1	one_assay_suffix	3m	1	nan	mature alpha-beta T cell	CL:0002420	BM CD8 + CD4 T cell	facs	3_10_M	516683.0	2138.0	male	T-cells	Marrow	nan	6	5
J7-MAA000877-3_11_M-1-1	40.0	2.0	3	J7.MAA000877.3_11_M.1.1-1-1	3_11_M	MAT	True	1	False	J7.MAA000877.3_11_M.1.1-1-1	young_source_rule	J7.MAA000877.3_11_M.1.1-1-1-1	one_assay_suffix	3m	1	nan	mesenchymal stem cell of adipose	CL:0002570	mesenchymal progenitor	facs	3_11_M	1400751.0	3670.0	male	Fat	MAT	nan	1	1
J8-B000827-3_38_F-1-1			3	J8.B000827.3_38_F.1.1-1-1	3_38_F	Thymus	False	1	False	J8.B000827.3_38_F.1.1-1-1	young_source_rule	J8.B000827.3_38_F.1.1-1-1-1	one_assay_suffix	3m	1	nan	DN4 thymocyte	CL:0002420	DN4 thymocyte	facs	3_38_F	566731.0	2130.0	female	Flowthrough	Thymus	nan	6	5
J8-B003291-3_39_F-1-1			3	J8.B003291.3_39_F.1.1-1-1	3_39_F	Thymus	False	1	False	J8.B003291.3_39_F.1.1-1-1	young_source_rule	J8.B003291.3_39_F.1.1-1-1-1	one_assay_suffix	3m	1	nan	thymocyte	CL:0002420	DN to DP transition (most are Cd8+/ Cd4+, some undergoing VDJ recombination)	facs	3_39_F	932577.0	1700.0	female	Flowthrough	Thymus	nan	21	23
J8-D043526-3_39_F-1-1			3	J8.D043526.3_39_F.1.1-1-1	3_39_F	SCAT	False	1	False	J8.D043526.3_39_F.1.1-1-1	young_source_rule	J8.D043526.3_39_F.1.1-1-1-1	one_assay_suffix	3m	1	nan	T cell	CL:0000084	nan	facs	3_39_F	782867.0	1645.0	female	Fat	SCAT	nan	6	5
J8-MAA000609-3_8_M-1-1			3	J8.MAA000609.3_8_M.1.1-1-1	3_8_M	Thymus	False	1	False	J8.MAA000609.3_8_M.1.1-1-1	young_source_rule	J8.MAA000609.3_8_M.1.1-1-1-1	one_assay_suffix	3m	1	nan	thymocyte	CL:0002420	DN to DP transition (most are Cd8+/ Cd4+, some undergoing VDJ recombination)	facs	3_8_M	309482.0	1370.0	male	nan	Thymus	nan	21	23
J9-B000827-3_38_F-1-1			3	J9.B000827.3_38_F.1.1-1-1	3_38_F	Thymus	False	1	False	J9.B000827.3_38_F.1.1-1-1	young_source_rule	J9.B000827.3_38_F.1.1-1-1-1	one_assay_suffix	3m	1	nan	DN4 thymocyte	CL:0002420	DN4 thymocyte	facs	3_38_F	677363.0	2399.0	female	Flowthrough	Thymus	nan	6	5
J9-B003291-3_39_F-1-1			3	J9.B003291.3_39_F.1.1-1-1	3_39_F	Thymus	False	1	False	J9.B003291.3_39_F.1.1-1-1	young_source_rule	J9.B003291.3_39_F.1.1-1-1-1	one_assay_suffix	3m	1	nan	thymocyte	CL:0002420	DN to DP transition (most are Cd8+/ Cd4+, some undergoing VDJ recombination)	facs	3_39_F	613740.0	1570.0	female	Flowthrough	Thymus	nan	21	23
J9-MAA000556-3_9_M-1-1			3	J9.MAA000556.3_9_M.1.1-1-1	3_9_M	BAT	False	1	False	J9.MAA000556.3_9_M.1.1-1-1	young_source_rule	J9.MAA000556.3_9_M.1.1-1-1-1	one_assay_suffix	3m	1	nan	T cell	CL:0000084	nan	facs	3_9_M	570314.0	2212.0	male	Fat	BAT	nan	6	5
J9-MAA000607-3_9_M-1-1			3	J9.MAA000607.3_9_M.1.1-1-1	3_9_M	Thymus	False	1	False	J9.MAA000607.3_9_M.1.1-1-1	young_source_rule	J9.MAA000607.3_9_M.1.1-1-1-1	one_assay_suffix	3m	1	nan	DN4 thymocyte	CL:0002420	DN4 thymocyte	facs	3_9_M	209390.0	1771.0	male	nan	Thymus	nan	6	5
J9-MAA000609-3_8_M-1-1			3	J9.MAA000609.3_8_M.1.1-1-1	3_8_M	Thymus	False	1	False	J9.MAA000609.3_8_M.1.1-1-1	young_source_rule	J9.MAA000609.3_8_M.1.1-1-1-1	one_assay_suffix	3m	1	nan	thymocyte	CL:0002420	DN to DP transition (most are Cd8+/ Cd4+, some undergoing VDJ recombination)	facs	3_8_M	226009.0	1406.0	male	nan	Thymus	nan	21	23
J9-MAA000877-3_11_M-1-1			3	J9.MAA000877.3_11_M.1.1-1-1	3_11_M	MAT	False	1	False	J9.MAA000877.3_11_M.1.1-1-1	young_source_rule	J9.MAA000877.3_11_M.1.1-1-1-1	one_assay_suffix	3m	1	nan	CD8-positive, alpha-beta T cell	CL:0000084	nan	facs	3_11_M	555101.0	1897.0	male	Fat	MAT	nan	6	5
K1-B000827-3_38_F-1-1			3	K1.B000827.3_38_F.1.1-1-1	3_38_F	Thymus	False	1	False	K1.B000827.3_38_F.1.1-1-1	young_source_rule	K1.B000827.3_38_F.1.1-1-1-1	one_assay_suffix	3m	1	nan	DN4 thymocyte	CL:0002420	DN4 thymocyte	facs	3_38_F	490926.0	1687.0	female	Flowthrough	Thymus	nan	6	5
K1-B003291-3_39_F-1-1			3	K1.B003291.3_39_F.1.1-1-1	3_39_F	Thymus	False	1	False	K1.B003291.3_39_F.1.1-1-1	young_source_rule	K1.B003291.3_39_F.1.1-1-1-1	one_assay_suffix	3m	1	nan	thymocyte	CL:0002420	DN to DP transition (most are Cd8+/ Cd4+, some undergoing VDJ recombination)	facs	3_39_F	276486.0	2208.0	female	Flowthrough	Thymus	nan	21	23
K1-MAA000607-3_9_M-1-1			3	K1.MAA000607.3_9_M.1.1-1-1	3_9_M	Thymus	False	1	False	K1.MAA000607.3_9_M.1.1-1-1	young_source_rule	K1.MAA000607.3_9_M.1.1-1-1-1	one_assay_suffix	3m	1	nan	thymocyte	CL:0002420	DN to DP transition (most are Cd8+/ Cd4+, some undergoing VDJ recombination)	facs	3_9_M	118565.0	1333.0	male	nan	Thymus	nan	21	23
K10-B000827-3_38_F-1-1			3	K10.B000827.3_38_F.1.1-1-1	3_38_F	Thymus	False	1	False	K10.B000827.3_38_F.1.1-1-1	young_source_rule	K10.B000827.3_38_F.1.1-1-1-1	one_assay_suffix	3m	1	nan	DN4 thymocyte	CL:0002420	DN4 thymocyte	facs	3_38_F	958886.0	3284.0	female	Flowthrough	Thymus	nan	6	5
K10-B001960-3_56_F-1-1			3	K10.B001960.3_56_F.1.1-1-1	3_56_F	BAT	False	1	False	K10.B001960.3_56_F.1.1-1-1	young_source_rule	K10.B001960.3_56_F.1.1-1-1-1	one_assay_suffix	3m	1	nan	T cell	CL:0000084	nan	facs	3_56_F	1563587.0	2311.0	female	Fat	BAT	nan	4	9
K10-B003291-3_39_F-1-1			3	K10.B003291.3_39_F.1.1-1-1	3_39_F	Thymus	False	1	False	K10.B003291.3_39_F.1.1-1-1	young_source_rule	K10.B003291.3_39_F.1.1-1-1-1	one_assay_suffix	3m	1	nan	thymocyte	CL:0002420	DN to DP transition (most are Cd8+/ Cd4+, some undergoing VDJ recombination)	facs	3_39_F	532263.0	1578.0	female	Flowthrough	Thymus	nan	21	23
K10-D043526-3_39_F-1-1			3	K10.D043526.3_39_F.1.1-1-1	3_39_F	SCAT	False	1	False	K10.D043526.3_39_F.1.1-1-1	young_source_rule	K10.D043526.3_39_F.1.1-1-1-1	one_assay_suffix	3m	1	nan	NK cell	CL:0000084	nan	facs	3_39_F	489670.0	1653.0	female	Fat	SCAT	nan	4	21
K10-MAA000607-3_9_M-1-1			3	K10.MAA000607.3_9_M.1.1-1-1	3_9_M	Thymus	False	1	False	K10.MAA000607.3_9_M.1.1-1-1	young_source_rule	K10.MAA000607.3_9_M.1.1-1-1-1	one_assay_suffix	3m	1	nan	thymocyte	CL:0002420	DN to DP transition (most are Cd8+/ Cd4+, some undergoing VDJ recombination)	facs	3_9_M	331283.0	1967.0	male	nan	Thymus	nan	21	23
K10-MAA000609-3_8_M-1-1			3	K10.MAA000609.3_8_M.1.1-1-1	3_8_M	Thymus	False	1	False	K10.MAA000609.3_8_M.1.1-1-1	young_source_rule	K10.MAA000609.3_8_M.1.1-1-1-1	one_assay_suffix	3m	1	nan	thymocyte	CL:0002420	DN to DP transition (most are Cd8+/ Cd4+, some undergoing VDJ recombination)	facs	3_8_M	199274.0	1397.0	male	nan	Thymus	nan	21	23
K10-MAA000880-3_11_M-1-1			3	K10.MAA000880.3_11_M.1.1-1-1	3_11_M	Thymus	False	1	False	K10.MAA000880.3_11_M.1.1-1-1	young_source_rule	K10.MAA000880.3_11_M.1.1-1-1-1	one_assay_suffix	3m	1	nan	DN4 thymocyte	CL:0002420	DN4 thymocyte	facs	3_11_M	306147.0	1157.0	male	nan	Thymus	nan	6	5
K10-MAA000934-3_9_M-1-1			3	K10.MAA000934.3_9_M.1.1-1-1	3_9_M	SCAT	False	1	False	K10.MAA000934.3_9_M.1.1-1-1	young_source_rule	K10.MAA000934.3_9_M.1.1-1-1-1	one_assay_suffix	3m	1	nan	T cell	CL:0000084	nan	facs	3_9_M	91310.0	2163.0	male	Fat	SCAT	nan	4	48
K10-MAA001865-3_38_F-1-1			3	K10.MAA001865.3_38_F.1.1-1-1	3_38_F	Trachea	False	1	False	K10.MAA001865.3_38_F.1.1-1-1	young_source_rule	K10.MAA001865.3_38_F.1.1-1-1-1	one_assay_suffix	3m	1	nan	T cell	CL:0000081	nan	facs	3_38_F	2116278.0	5692.0	female	nan	Trachea	nan	21	23
K11-B000827-3_38_F-1-1			3	K11.B000827.3_38_F.1.1-1-1	3_38_F	Thymus	False	1	False	K11.B000827.3_38_F.1.1-1-1	young_source_rule	K11.B000827.3_38_F.1.1-1-1-1	one_assay_suffix	3m	1	nan	DN4 thymocyte	CL:0002420	DN4 thymocyte	facs	3_38_F	672185.0	2027.0	female	Flowthrough	Thymus	nan	6	5
K11-B002314-3_56_F-1-1			3	K11.B002314.3_56_F.1.1-1-1	3_56_F	MAT	False	1	False	K11.B002314.3_56_F.1.1-1-1	young_source_rule	K11.B002314.3_56_F.1.1-1-1-1	one_assay_suffix	3m	1	nan	CD4-positive, alpha-beta T cell	nan	nan	facs	3_56_F	845108.0	2436.0	female	Fat	MAT	nan	4	21
K11-B003291-3_39_F-1-1			3	K11.B003291.3_39_F.1.1-1-1	3_39_F	Thymus	False	1	False	K11.B003291.3_39_F.1.1-1-1	young_source_rule	K11.B003291.3_39_F.1.1-1-1-1	one_assay_suffix	3m	1	nan	thymocyte	CL:0002420	DN to DP transition (most are Cd8+/ Cd4+, some undergoing VDJ recombination)	facs	3_39_F	710926.0	1379.0	female	Flowthrough	Thymus	nan	21	23
K11-MAA000607-3_9_M-1-1			3	K11.MAA000607.3_9_M.1.1-1-1	3_9_M	Thymus	False	1	False	K11.MAA000607.3_9_M.1.1-1-1	young_source_rule	K11.MAA000607.3_9_M.1.1-1-1-1	one_assay_suffix	3m	1	nan	DN4 thymocyte	CL:0002420	DN4 thymocyte	facs	3_9_M	296240.0	2160.0	male	nan	Thymus	nan	6	5
K11-MAA000880-3_11_M-1-1			3	K11.MAA000880.3_11_M.1.1-1-1	3_11_M	Thymus	False	1	False	K11.MAA000880.3_11_M.1.1-1-1	young_source_rule	K11.MAA000880.3_11_M.1.1-1-1-1	one_assay_suffix	3m	1	nan	thymocyte	CL:0002420	DN to DP transition (most are Cd8+/ Cd4+, some undergoing VDJ recombination)	facs	3_11_M	373044.0	1134.0	male	nan	Thymus	nan	21	23
K12-B000827-3_38_F-1-1			3	K12.B000827.3_38_F.1.1-1-1	3_38_F	Thymus	False	1	False	K12.B000827.3_38_F.1.1-1-1	young_source_rule	K12.B000827.3_38_F.1.1-1-1-1	one_assay_suffix	3m	1	nan	DN4 thymocyte	CL:0002420	DN4 thymocyte	facs	3_38_F	744257.0	2006.0	female	Flowthrough	Thymus	nan	6	5
K12-B003291-3_39_F-1-1			3	K12.B003291.3_39_F.1.1-1-1	3_39_F	Thymus	False	1	False	K12.B003291.3_39_F.1.1-1-1	young_source_rule	K12.B003291.3_39_F.1.1-1-1-1	one_assay_suffix	3m	1	nan	thymocyte	CL:0002420	DN to DP transition (most are Cd8+/ Cd4+, some undergoing VDJ recombination)	facs	3_39_F	830931.0	1511.0	female	Flowthrough	Thymus	nan	21	23
K12-MAA000607-3_9_M-1-1			3	K12.MAA000607.3_9_M.1.1-1-1	3_9_M	Thymus	False	1	False	K12.MAA000607.3_9_M.1.1-1-1	young_source_rule	K12.MAA000607.3_9_M.1.1-1-1-1	one_assay_suffix	3m	1	nan	DN4 thymocyte	CL:0002420	DN4 thymocyte	facs	3_9_M	323030.0	2071.0	male	nan	Thymus	nan	6	5
K12-MAA000609-3_8_M-1-1			3	K12.MAA000609.3_8_M.1.1-1-1	3_8_M	Thymus	False	1	False	K12.MAA000609.3_8_M.1.1-1-1	young_source_rule	K12.MAA000609.3_8_M.1.1-1-1-1	one_assay_suffix	3m	1	nan	thymocyte	CL:0002420	DN to DP transition (most are Cd8+/ Cd4+, some undergoing VDJ recombination)	facs	3_8_M	132950.0	1792.0	male	nan	Thymus	nan	21	23
K12-MAA000913-3_9_M-1-1			3	K12.MAA000913.3_9_M.1.1-1-1	3_9_M	GAT	False	1	False	K12.MAA000913.3_9_M.1.1-1-1	young_source_rule	K12.MAA000913.3_9_M.1.1-1-1-1	one_assay_suffix	3m	1	nan	CD8-positive, alpha-beta T cell	CL:0000084	nan	facs	3_9_M	452259.0	1914.0	male	Fat	GAT	nan	6	5
K12-MAA001889-3_38_F-1-1			3	K12.MAA001889.3_38_F.1.1-1-1	3_38_F	Lung	False	1	False	K12.MAA001889.3_38_F.1.1-1-1	young_source_rule	K12.MAA001889.3_38_F.1.1-1-1-1	one_assay_suffix	3m	1	nan	regulatory T cell	CL:0000084	Regulatory T	facs	3_38_F	605863.0	1493.0	female	EPCAM	Lung	nan	4	21
K13-B000827-3_38_F-1-1			3	K13.B000827.3_38_F.1.1-1-1	3_38_F	Thymus	False	1	False	K13.B000827.3_38_F.1.1-1-1	young_source_rule	K13.B000827.3_38_F.1.1-1-1-1	one_assay_suffix	3m	1	nan	DN4 thymocyte	CL:0002420	DN4 thymocyte	facs	3_38_F	577803.0	2227.0	female	Flowthrough	Thymus	nan	6	5
K13-B001750-3_38_F-1-1			3	K13.B001750.3_38_F.1.1-1-1	3_38_F	Spleen	False	1	False	K13.B001750.3_38_F.1.1-1-1	young_source_rule	K13.B001750.3_38_F.1.1-1-1-1	one_assay_suffix	3m	1	nan	CD4-positive, alpha-beta T cell	CL:0000084	Cd3e T cell	facs	3_38_F	451507.0	1620.0	female	nan	Spleen	nan	6	5
K13-B003291-3_39_F-1-1			3	K13.B003291.3_39_F.1.1-1-1	3_39_F	Thymus	False	1	False	K13.B003291.3_39_F.1.1-1-1	young_source_rule	K13.B003291.3_39_F.1.1-1-1-1	one_assay_suffix	3m	1	nan	DN4 thymocyte	CL:0002420	DN4 thymocyte	facs	3_39_F	569204.0	1543.0	female	Flowthrough	Thymus	nan	6	5
K13-D043526-3_39_F-1-1			3	K13.D043526.3_39_F.1.1-1-1	3_39_F	SCAT	False	1	False	K13.D043526.3_39_F.1.1-1-1	young_source_rule	K13.D043526.3_39_F.1.1-1-1-1	one_assay_suffix	3m	1	nan	T cell	CL:0000084	nan	facs	3_39_F	382104.0	1950.0	female	Fat	SCAT	nan	6	5
K13-MAA000607-3_9_M-1-1			3	K13.MAA000607.3_9_M.1.1-1-1	3_9_M	Thymus	False	1	False	K13.MAA000607.3_9_M.1.1-1-1	young_source_rule	K13.MAA000607.3_9_M.1.1-1-1-1	one_assay_suffix	3m	1	nan	thymocyte	CL:0002420	DN to DP transition (most are Cd8+/ Cd4+, some undergoing VDJ recombination)	facs	3_9_M	249207.0	1596.0	male	nan	Thymus	nan	21	23
K13-MAA000609-3_8_M-1-1			3	K13.MAA000609.3_8_M.1.1-1-1	3_8_M	Thymus	False	1	False	K13.MAA000609.3_8_M.1.1-1-1	young_source_rule	K13.MAA000609.3_8_M.1.1-1-1-1	one_assay_suffix	3m	1	nan	thymocyte	CL:0002420	DN to DP transition (most are Cd8+/ Cd4+, some undergoing VDJ recombination)	facs	3_8_M	115401.0	1245.0	male	nan	Thymus	nan	21	23
K13-MAA000880-3_11_M-1-1			3	K13.MAA000880.3_11_M.1.1-1-1	3_11_M	Thymus	False	1	False	K13.MAA000880.3_11_M.1.1-1-1	young_source_rule	K13.MAA000880.3_11_M.1.1-1-1-1	one_assay_suffix	3m	1	nan	DN4 thymocyte	CL:0002420	DN4 thymocyte	facs	3_11_M	609136.0	1349.0	male	nan	Thymus	nan	6	5
K14-B000827-3_38_F-1-1			3	K14.B000827.3_38_F.1.1-1-1	3_38_F	Thymus	False	1	False	K14.B000827.3_38_F.1.1-1-1	young_source_rule	K14.B000827.3_38_F.1.1-1-1-1	one_assay_suffix	3m	1	nan	DN4 thymocyte	CL:0002420	DN4 thymocyte	facs	3_38_F	531983.0	2218.0	female	Flowthrough	Thymus	nan	6	5
K14-B001750-3_38_F-1-1			3	K14.B001750.3_38_F.1.1-1-1	3_38_F	Spleen	False	1	False	K14.B001750.3_38_F.1.1-1-1	young_source_rule	K14.B001750.3_38_F.1.1-1-1-1	one_assay_suffix	3m	1	nan	CD4-positive, alpha-beta T cell	CL:0000084	Cd3e T cell	facs	3_38_F	483497.0	1979.0	female	nan	Spleen	nan	6	5
K14-B003291-3_39_F-1-1			3	K14.B003291.3_39_F.1.1-1-1	3_39_F	Thymus	False	1	False	K14.B003291.3_39_F.1.1-1-1	young_source_rule	K14.B003291.3_39_F.1.1-1-1-1	one_assay_suffix	3m	1	nan	thymocyte	CL:0002420	proliferating thymocyte; DN to DP transition, dividing (some are Cd8+/ Cd4+, some undergoing VDJ recombination)	facs	3_39_F	1447859.0	3600.0	female	Flowthrough	Thymus	nan	21	23
K14-MAA000556-3_9_M-1-1			3	K14.MAA000556.3_9_M.1.1-1-1	3_9_M	BAT	False	1	False	K14.MAA000556.3_9_M.1.1-1-1	young_source_rule	K14.MAA000556.3_9_M.1.1-1-1-1	one_assay_suffix	3m	1	nan	T cell	CL:0000084	nan	facs	3_9_M	545059.0	2794.0	male	Fat	BAT	nan	6	5
K14-MAA000607-3_9_M-1-1			3	K14.MAA000607.3_9_M.1.1-1-1	3_9_M	Thymus	False	1	False	K14.MAA000607.3_9_M.1.1-1-1	young_source_rule	K14.MAA000607.3_9_M.1.1-1-1-1	one_assay_suffix	3m	1	nan	thymocyte	CL:0002420	DN to DP transition (most are Cd8+/ Cd4+, some undergoing VDJ recombination)	facs	3_9_M	259557.0	1618.0	male	nan	Thymus	nan	21	23
K14-MAA000609-3_8_M-1-1			3	K14.MAA000609.3_8_M.1.1-1-1	3_8_M	Thymus	False	1	False	K14.MAA000609.3_8_M.1.1-1-1	young_source_rule	K14.MAA000609.3_8_M.1.1-1-1-1	one_assay_suffix	3m	1	nan	thymocyte	CL:0002420	proliferating thymocyte; DN to DP transition, dividing (some are Cd8+/ Cd4+, some undergoing VDJ recombination)	facs	3_8_M	580846.0	3959.0	male	nan	Thymus	nan	21	23
K14-MAA000877-3_11_M-1-1			3	K14.MAA000877.3_11_M.1.1-1-1	3_11_M	MAT	False	1	False	K14.MAA000877.3_11_M.1.1-1-1	young_source_rule	K14.MAA000877.3_11_M.1.1-1-1-1	one_assay_suffix	3m	1	nan	CD4-positive, alpha-beta T cell	CL:0000084	nan	facs	3_11_M	428785.0	1700.0	male	Fat	MAT	nan	6	5
K14-MAA000880-3_11_M-1-1			3	K14.MAA000880.3_11_M.1.1-1-1	3_11_M	Thymus	False	1	False	K14.MAA000880.3_11_M.1.1-1-1	young_source_rule	K14.MAA000880.3_11_M.1.1-1-1-1	one_assay_suffix	3m	1	nan	thymocyte	CL:0002420	DN to DP transition (most are Cd8+/ Cd4+, some undergoing VDJ recombination)	facs	3_11_M	782674.0	1894.0	male	nan	Thymus	nan	21	23
K15-B000827-3_38_F-1-1			3	K15.B000827.3_38_F.1.1-1-1	3_38_F	Thymus	False	1	False	K15.B000827.3_38_F.1.1-1-1	young_source_rule	K15.B000827.3_38_F.1.1-1-1-1	one_assay_suffix	3m	1	nan	DN4 thymocyte	CL:0002420	DN4 thymocyte	facs	3_38_F	476723.0	1646.0	female	Flowthrough	Thymus	nan	6	5
K15-B001960-3_56_F-1-1			3	K15.B001960.3_56_F.1.1-1-1	3_56_F	BAT	False	1	False	K15.B001960.3_56_F.1.1-1-1	young_source_rule	K15.B001960.3_56_F.1.1-1-1-1	one_assay_suffix	3m	1	nan	T cell	CL:0000084	nan	facs	3_56_F	1235338.0	1605.0	female	Fat	BAT	nan	6	5
K15-B003291-3_39_F-1-1			3	K15.B003291.3_39_F.1.1-1-1	3_39_F	Thymus	False	1	False	K15.B003291.3_39_F.1.1-1-1	young_source_rule	K15.B003291.3_39_F.1.1-1-1-1	one_assay_suffix	3m	1	nan	thymocyte	CL:0002420	proliferating thymocyte; DN to DP transition, dividing (some are Cd8+/ Cd4+, some undergoing VDJ recombination)	facs	3_39_F	2517423.0	4135.0	female	Flowthrough	Thymus	nan	21	23
K15-MAA000607-3_9_M-1-1			3	K15.MAA000607.3_9_M.1.1-1-1	3_9_M	Thymus	False	1	False	K15.MAA000607.3_9_M.1.1-1-1	young_source_rule	K15.MAA000607.3_9_M.1.1-1-1-1	one_assay_suffix	3m	1	nan	thymocyte	CL:0002420	proliferating thymocyte; DN to DP transition, dividing (some are Cd8+/ Cd4+, some undergoing VDJ recombination)	facs	3_9_M	782935.0	3137.0	male	nan	Thymus	nan	21	23
K15-MAA000609-3_8_M-1-1			3	K15.MAA000609.3_8_M.1.1-1-1	3_8_M	Thymus	False	1	False	K15.MAA000609.3_8_M.1.1-1-1	young_source_rule	K15.MAA000609.3_8_M.1.1-1-1-1	one_assay_suffix	3m	1	nan	thymocyte	CL:0002420	DN to DP transition (most are Cd8+/ Cd4+, some undergoing VDJ recombination)	facs	3_8_M	109840.0	1285.0	male	nan	Thymus	nan	21	23
K15-MAA000779-3_11_M-1-1			3	K15.MAA000779.3_11_M.1.1-1-1	3_11_M	Spleen	False	1	False	K15.MAA000779.3_11_M.1.1-1-1	young_source_rule	K15.MAA000779.3_11_M.1.1-1-1-1	one_assay_suffix	3m	1	nan	CD4-positive, alpha-beta T cell	CL:0000084	Cd3e T cell	facs	3_11_M	260579.0	1449.0	male	nan	Spleen	nan	6	5
K15-MAA000877-3_11_M-1-1			3	K15.MAA000877.3_11_M.1.1-1-1	3_11_M	MAT	False	1	False	K15.MAA000877.3_11_M.1.1-1-1	young_source_rule	K15.MAA000877.3_11_M.1.1-1-1-1	one_assay_suffix	3m	1	nan	CD8-positive, alpha-beta T cell	CL:0000084	nan	facs	3_11_M	1013381.0	1869.0	male	Fat	MAT	nan	6	5
K15-MAA000880-3_11_M-1-1			3	K15.MAA000880.3_11_M.1.1-1-1	3_11_M	Thymus	False	1	False	K15.MAA000880.3_11_M.1.1-1-1	young_source_rule	K15.MAA000880.3_11_M.1.1-1-1-1	one_assay_suffix	3m	1	nan	DN4 thymocyte	CL:0002420	DN4 thymocyte	facs	3_11_M	663087.0	1908.0	male	nan	Thymus	nan	6	5
K16-B000827-3_38_F-1-1			3	K16.B000827.3_38_F.1.1-1-1	3_38_F	Thymus	False	1	False	K16.B000827.3_38_F.1.1-1-1	young_source_rule	K16.B000827.3_38_F.1.1-1-1-1	one_assay_suffix	3m	1	nan	DN4 thymocyte	CL:0002420	DN4 thymocyte	facs	3_38_F	471028.0	1877.0	female	Flowthrough	Thymus	nan	6	5
K16-B002314-3_56_F-1-1			3	K16.B002314.3_56_F.1.1-1-1	3_56_F	MAT	False	1	False	K16.B002314.3_56_F.1.1-1-1	young_source_rule	K16.B002314.3_56_F.1.1-1-1-1	one_assay_suffix	3m	1	nan	CD4-positive, alpha-beta T cell	CL:0000084	nan	facs	3_56_F	788603.0	1565.0	female	Fat	MAT	nan	6	5
K16-B003291-3_39_F-1-1			3	K16.B003291.3_39_F.1.1-1-1	3_39_F	Thymus	False	1	False	K16.B003291.3_39_F.1.1-1-1	young_source_rule	K16.B003291.3_39_F.1.1-1-1-1	one_assay_suffix	3m	1	nan	thymocyte	CL:0002420	DN to DP transition (most are Cd8+/ Cd4+, some undergoing VDJ recombination)	facs	3_39_F	1429748.0	1594.0	female	Flowthrough	Thymus	nan	21	23
K16-MAA000607-3_9_M-1-1			3	K16.MAA000607.3_9_M.1.1-1-1	3_9_M	Thymus	False	1	False	K16.MAA000607.3_9_M.1.1-1-1	young_source_rule	K16.MAA000607.3_9_M.1.1-1-1-1	one_assay_suffix	3m	1	nan	epithelial cell of thymus	CL:0002420	TECs	facs	3_9_M	63700.0	1109.0	male	nan	Thymus	nan	6	5
K16-MAA000609-3_8_M-1-1			3	K16.MAA000609.3_8_M.1.1-1-1	3_8_M	Thymus	False	1	False	K16.MAA000609.3_8_M.1.1-1-1	young_source_rule	K16.MAA000609.3_8_M.1.1-1-1-1	one_assay_suffix	3m	1	nan	DN4 thymocyte	CL:0002420	DN4 thymocyte	facs	3_8_M	162353.0	1953.0	male	nan	Thymus	nan	6	5
K16-MAA000877-3_11_M-1-1			3	K16.MAA000877.3_11_M.1.1-1-1	3_11_M	MAT	False	1	False	K16.MAA000877.3_11_M.1.1-1-1	young_source_rule	K16.MAA000877.3_11_M.1.1-1-1-1	one_assay_suffix	3m	1	nan	CD8-positive, alpha-beta T cell	CL:0000084	nan	facs	3_11_M	75727.0	1636.0	male	Fat	MAT	nan	6	5
K16-MAA000880-3_11_M-1-1			3	K16.MAA000880.3_11_M.1.1-1-1	3_11_M	Thymus	False	1	False	K16.MAA000880.3_11_M.1.1-1-1	young_source_rule	K16.MAA000880.3_11_M.1.1-1-1-1	one_assay_suffix	3m	1	nan	DN4 thymocyte	CL:0002420	DN4 thymocyte	facs	3_11_M	679119.0	1966.0	male	nan	Thymus	nan	6	5
K17-B000827-3_38_F-1-1			3	K17.B000827.3_38_F.1.1-1-1	3_38_F	Thymus	False	1	False	K17.B000827.3_38_F.1.1-1-1	young_source_rule	K17.B000827.3_38_F.1.1-1-1-1	one_assay_suffix	3m	1	nan	DN4 thymocyte	CL:0002420	DN4 thymocyte	facs	3_38_F	577989.0	2287.0	female	Flowthrough	Thymus	nan	6	5
K17-B003291-3_39_F-1-1			3	K17.B003291.3_39_F.1.1-1-1	3_39_F	Thymus	False	1	False	K17.B003291.3_39_F.1.1-1-1	young_source_rule	K17.B003291.3_39_F.1.1-1-1-1	one_assay_suffix	3m	1	nan	thymocyte	CL:0002420	proliferating thymocyte; DN to DP transition, dividing (some are Cd8+/ Cd4+, some undergoing VDJ recombination)	facs	3_39_F	2287108.0	3360.0	female	Flowthrough	Thymus	nan	21	23
K17-MAA000607-3_9_M-1-1			3	K17.MAA000607.3_9_M.1.1-1-1	3_9_M	Thymus	False	1	False	K17.MAA000607.3_9_M.1.1-1-1	young_source_rule	K17.MAA000607.3_9_M.1.1-1-1-1	one_assay_suffix	3m	1	nan	thymocyte	CL:0002420	DN to DP transition (most are Cd8+/ Cd4+, some undergoing VDJ recombination)	facs	3_9_M	301647.0	1422.0	male	nan	Thymus	nan	21	23
K17-MAA000609-3_8_M-1-1			3	K17.MAA000609.3_8_M.1.1-1-1	3_8_M	Thymus	False	1	False	K17.MAA000609.3_8_M.1.1-1-1	young_source_rule	K17.MAA000609.3_8_M.1.1-1-1-1	one_assay_suffix	3m	1	nan	thymocyte	CL:0002420	DN to DP transition (most are Cd8+/ Cd4+, some undergoing VDJ recombination)	facs	3_8_M	192034.0	1796.0	male	nan	Thymus	nan	6	23
K17-MAA000844-3_10_M-1-1			3	K17.MAA000844.3_10_M.1.1-1-1	3_10_M	Marrow	False	1	False	K17.MAA000844.3_10_M.1.1-1-1	young_source_rule	K17.MAA000844.3_10_M.1.1-1-1-1	one_assay_suffix	3m	1	nan	mature alpha-beta T cell	CL:0002420	BM CD8 + CD4 T cell	facs	3_10_M	848521.0	3005.0	male	T-cells	Marrow	nan	4	9
K17-MAA000880-3_11_M-1-1			3	K17.MAA000880.3_11_M.1.1-1-1	3_11_M	Thymus	False	1	False	K17.MAA000880.3_11_M.1.1-1-1	young_source_rule	K17.MAA000880.3_11_M.1.1-1-1-1	one_assay_suffix	3m	1	nan	DN4 thymocyte	CL:0002420	DN4 thymocyte	facs	3_11_M	642708.0	1387.0	male	nan	Thymus	nan	6	5
K18-B000827-3_38_F-1-1			3	K18.B000827.3_38_F.1.1-1-1	3_38_F	Thymus	False	1	False	K18.B000827.3_38_F.1.1-1-1	young_source_rule	K18.B000827.3_38_F.1.1-1-1-1	one_assay_suffix	3m	1	nan	DN4 thymocyte	CL:0002420	DN4 thymocyte	facs	3_38_F	250761.0	1550.0	female	Flowthrough	Thymus	nan	6	5
K18-B001750-3_38_F-1-1			3	K18.B001750.3_38_F.1.1-1-1	3_38_F	Spleen	False	1	False	K18.B001750.3_38_F.1.1-1-1	young_source_rule	K18.B001750.3_38_F.1.1-1-1-1	one_assay_suffix	3m	1	nan	CD4-positive, alpha-beta T cell	CL:0000084	Cd3e T cell	facs	3_38_F	1799596.0	2279.0	female	nan	Spleen	nan	4	21
K18-B003291-3_39_F-1-1			3	K18.B003291.3_39_F.1.1-1-1	3_39_F	Thymus	False	1	False	K18.B003291.3_39_F.1.1-1-1	young_source_rule	K18.B003291.3_39_F.1.1-1-1-1	one_assay_suffix	3m	1	nan	thymocyte	CL:0002420	DN to DP transition (most are Cd8+/ Cd4+, some undergoing VDJ recombination)	facs	3_39_F	1865296.0	1880.0	female	Flowthrough	Thymus	nan	21	23
K18-MAA000607-3_9_M-1-1			3	K18.MAA000607.3_9_M.1.1-1-1	3_9_M	Thymus	False	1	False	K18.MAA000607.3_9_M.1.1-1-1	young_source_rule	K18.MAA000607.3_9_M.1.1-1-1-1	one_assay_suffix	3m	1	nan	thymocyte	CL:0002420	DN to DP transition (most are Cd8+/ Cd4+, some undergoing VDJ recombination)	facs	3_9_M	453310.0	2424.0	male	nan	Thymus	nan	21	23
K18-MAA000609-3_8_M-1-1			3	K18.MAA000609.3_8_M.1.1-1-1	3_8_M	Thymus	False	1	False	K18.MAA000609.3_8_M.1.1-1-1	young_source_rule	K18.MAA000609.3_8_M.1.1-1-1-1	one_assay_suffix	3m	1	nan	thymocyte	CL:0002420	proliferating thymocyte; DN to DP transition, dividing (some are Cd8+/ Cd4+, some undergoing VDJ recombination)	facs	3_8_M	718253.0	4597.0	male	nan	Thymus	nan	21	23
K18-MAA000844-3_10_M-1-1	11.0	2.0	3	K18.MAA000844.3_10_M.1.1-1-1	3_10_M	Marrow	True	2	True	K18.MAA000844.3_10_M.1.1-1-1	young_source_rule	K18.MAA000844.3_10_M.1.1-1-1-1	one_assay_suffix	3m	1	nan	promonocyte	CL:0000576	monocyte + promonocyte	facs	3_10_M	929299.0	4127.0	male	T-cells	Marrow	nan	2	4
K18-MAA000880-3_11_M-1-1	39.0	2.0	3	K18.MAA000880.3_11_M.1.1-1-1	3_11_M	Thymus	True	2	True	K18.MAA000880.3_11_M.1.1-1-1	young_source_rule	K18.MAA000880.3_11_M.1.1-1-1-1	one_assay_suffix	3m	1	nan	DN4 thymocyte	CL:0002420	DN4 thymocyte	facs	3_11_M	645511.0	2822.0	male	nan	Thymus	nan	6	23
K18-MAA001888-3_39_F-1-1			3	K18.MAA001888.3_39_F.1.1-1-1	3_39_F	Marrow	False	1	False	K18.MAA001888.3_39_F.1.1-1-1	young_source_rule	K18.MAA001888.3_39_F.1.1-1-1-1	one_assay_suffix	3m	1	nan	mature alpha-beta T cell	CL:0000236	BM CD8 + CD4 T cell	facs	3_39_F	297813.0	3876.0	female	T-cells	Marrow	nan	4	9
K19-B003291-3_39_F-1-1			3	K19.B003291.3_39_F.1.1-1-1	3_39_F	Thymus	False	1	False	K19.B003291.3_39_F.1.1-1-1	young_source_rule	K19.B003291.3_39_F.1.1-1-1-1	one_assay_suffix	3m	1	nan	DN4 thymocyte	CL:0002420	DN4 thymocyte	facs	3_39_F	1347175.0	2007.0	female	Flowthrough	Thymus	nan	6	5
K19-MAA000508-3_9_M-1-1			3	K19.MAA000508.3_9_M.1.1-1-1	3_9_M	Spleen	False	1	False	K19.MAA000508.3_9_M.1.1-1-1	young_source_rule	K19.MAA000508.3_9_M.1.1-1-1-1	one_assay_suffix	3m	1	nan	CD8-positive, alpha-beta T cell	CL:0000084	nan	facs	3_9_M	228885.0	2179.0	male	nan	Spleen	nan	4	9
K19-MAA000609-3_8_M-1-1			3	K19.MAA000609.3_8_M.1.1-1-1	3_8_M	Thymus	False	1	False	K19.MAA000609.3_8_M.1.1-1-1	young_source_rule	K19.MAA000609.3_8_M.1.1-1-1-1	one_assay_suffix	3m	1	nan	DN4 thymocyte	CL:0002420	DN4 thymocyte	facs	3_8_M	88141.0	1300.0	male	nan	Thymus	nan	6	23
K19-MAA000844-3_10_M-1-1	41.0	2.0	3	K19.MAA000844.3_10_M.1.1-1-1	3_10_M	Marrow	True	1	False	K19.MAA000844.3_10_M.1.1-1-1	young_source_rule	K19.MAA000844.3_10_M.1.1-1-1-1	one_assay_suffix	3m	1	nan	mature alpha-beta T cell	CL:0000236	BM CD8 + CD4 T cell	facs	3_10_M	348059.0	2690.0	male	T-cells	Marrow	nan	4	48
K19-MAA000880-3_11_M-1-1			3	K19.MAA000880.3_11_M.1.1-1-1	3_11_M	Thymus	False	1	False	K19.MAA000880.3_11_M.1.1-1-1	young_source_rule	K19.MAA000880.3_11_M.1.1-1-1-1	one_assay_suffix	3m	1	nan	DN4 thymocyte	CL:0002420	DN4 thymocyte	facs	3_11_M	656679.0	1173.0	male	nan	Thymus	nan	6	5
K2-B000633-3_56_F-1-1			3	K2.B000633.3_56_F.1.1-1-1	3_56_F	Heart	False	1	False	K2.B000633.3_56_F.1.1-1-1	young_source_rule	K2.B000633.3_56_F.1.1-1-1-1	one_assay_suffix	3m	1	nan	T cell	CL:0000738	T cell	facs	3_56_F	563928.0	3086.0	female	RV	Heart	nan	4	21
K2-B000827-3_38_F-1-1			3	K2.B000827.3_38_F.1.1-1-1	3_38_F	Thymus	False	1	False	K2.B000827.3_38_F.1.1-1-1	young_source_rule	K2.B000827.3_38_F.1.1-1-1-1	one_assay_suffix	3m	1	nan	DN4 thymocyte	CL:0002420	DN4 thymocyte	facs	3_38_F	829877.0	2485.0	female	Flowthrough	Thymus	nan	6	5
K2-B003291-3_39_F-1-1			3	K2.B003291.3_39_F.1.1-1-1	3_39_F	Thymus	False	1	False	K2.B003291.3_39_F.1.1-1-1	young_source_rule	K2.B003291.3_39_F.1.1-1-1-1	one_assay_suffix	3m	1	nan	thymocyte	CL:0002420	DN to DP transition (most are Cd8+/ Cd4+, some undergoing VDJ recombination)	facs	3_39_F	101203.0	1277.0	female	Flowthrough	Thymus	nan	21	23
K2-MAA000508-3_9_M-1-1			3	K2.MAA000508.3_9_M.1.1-1-1	3_9_M	Spleen	False	1	False	K2.MAA000508.3_9_M.1.1-1-1	young_source_rule	K2.MAA000508.3_9_M.1.1-1-1-1	one_assay_suffix	3m	1	nan	CD8-positive, alpha-beta T cell	CL:0000084	Cd3e T cell	facs	3_9_M	486592.0	2075.0	male	nan	Spleen	nan	6	5
K2-MAA000564-3_10_M-1-1			3	K2.MAA000564.3_10_M.1.1-1-1	3_10_M	Brain_Non-Myeloid	False	1	False	K2.MAA000564.3_10_M.1.1-1-1	young_source_rule	K2.MAA000564.3_10_M.1.1-1-1-1	one_assay_suffix	3m	1	nan	CD8-positive, alpha-beta T cell	CL:0000128	nan	facs	3_10_M	478973.0	1584.0	male	Striatum	Brain_Non-Myeloid	nan	4	21
K2-MAA000607-3_9_M-1-1			3	K2.MAA000607.3_9_M.1.1-1-1	3_9_M	Thymus	False	1	False	K2.MAA000607.3_9_M.1.1-1-1	young_source_rule	K2.MAA000607.3_9_M.1.1-1-1-1	one_assay_suffix	3m	1	nan	thymocyte	CL:0002420	DN to DP transition (most are Cd8+/ Cd4+, some undergoing VDJ recombination)	facs	3_9_M	191637.0	1620.0	male	nan	Thymus	nan	21	23
K20-B000827-3_38_F-1-1			3	K20.B000827.3_38_F.1.1-1-1	3_38_F	Thymus	False	1	False	K20.B000827.3_38_F.1.1-1-1	young_source_rule	K20.B000827.3_38_F.1.1-1-1-1	one_assay_suffix	3m	1	nan	DN4 thymocyte	CL:0002420	DN4 thymocyte	facs	3_38_F	664740.0	2064.0	female	Flowthrough	Thymus	nan	6	5
K20-B003291-3_39_F-1-1			3	K20.B003291.3_39_F.1.1-1-1	3_39_F	Thymus	False	1	False	K20.B003291.3_39_F.1.1-1-1	young_source_rule	K20.B003291.3_39_F.1.1-1-1-1	one_assay_suffix	3m	1	nan	thymocyte	CL:0002420	DN to DP transition (most are Cd8+/ Cd4+, some undergoing VDJ recombination)	facs	3_39_F	1373887.0	1324.0	female	Flowthrough	Thymus	nan	21	23
K20-MAA000607-3_9_M-1-1			3	K20.MAA000607.3_9_M.1.1-1-1	3_9_M	Thymus	False	1	False	K20.MAA000607.3_9_M.1.1-1-1	young_source_rule	K20.MAA000607.3_9_M.1.1-1-1-1	one_assay_suffix	3m	1	nan	thymocyte	CL:0002420	DN to DP transition (most are Cd8+/ Cd4+, some undergoing VDJ recombination)	facs	3_9_M	284114.0	1594.0	male	nan	Thymus	nan	21	23
K20-MAA000880-3_11_M-1-1			3	K20.MAA000880.3_11_M.1.1-1-1	3_11_M	Thymus	False	1	False	K20.MAA000880.3_11_M.1.1-1-1	young_source_rule	K20.MAA000880.3_11_M.1.1-1-1-1	one_assay_suffix	3m	1	nan	thymocyte	CL:0002420	DN to DP transition (most are Cd8+/ Cd4+, some undergoing VDJ recombination)	facs	3_11_M	464351.0	1083.0	male	nan	Thymus	nan	21	23
K21-B003291-3_39_F-1-1			3	K21.B003291.3_39_F.1.1-1-1	3_39_F	Thymus	False	1	False	K21.B003291.3_39_F.1.1-1-1	young_source_rule	K21.B003291.3_39_F.1.1-1-1-1	one_assay_suffix	3m	1	nan	thymocyte	CL:0002420	proliferating thymocyte; DN to DP transition, dividing (some are Cd8+/ Cd4+, some undergoing VDJ recombination)	facs	3_39_F	2229165.0	2546.0	female	Flowthrough	Thymus	nan	21	23
K21-MAA000530-3_8_M-1-1			3	K21.MAA000530.3_8_M.1.1-1-1	3_8_M	Lung	False	1	False	K21.MAA000530.3_8_M.1.1-1-1	young_source_rule	K21.MAA000530.3_8_M.1.1-1-1-1	one_assay_suffix	3m	1	nan	CD4-positive, alpha-beta T cell	CL:0000084	CD4+ T	facs	3_8_M	296046.0	1723.0	male	nan	Lung	nan	6	5
K21-MAA000577-3_8_M-1-1			3	K21.MAA000577.3_8_M.1.1-1-1	3_8_M	Pancreas	False	1	False	K21.MAA000577.3_8_M.1.1-1-1	young_source_rule	K21.MAA000577.3_8_M.1.1-1-1-1	one_assay_suffix	3m	1	nan	leukocyte	CL:0000738	nan	facs	3_8_M	1676289.0	2086.0	male	Endocrine	Pancreas	nan	40	47
K21-MAA000607-3_9_M-1-1			3	K21.MAA000607.3_9_M.1.1-1-1	3_9_M	Thymus	False	1	False	K21.MAA000607.3_9_M.1.1-1-1	young_source_rule	K21.MAA000607.3_9_M.1.1-1-1-1	one_assay_suffix	3m	1	nan	DN4 thymocyte	CL:0002420	DN4 thymocyte	facs	3_9_M	320031.0	1841.0	male	nan	Thymus	nan	6	5
K21-MAA000609-3_8_M-1-1			3	K21.MAA000609.3_8_M.1.1-1-1	3_8_M	Thymus	False	1	False	K21.MAA000609.3_8_M.1.1-1-1	young_source_rule	K21.MAA000609.3_8_M.1.1-1-1-1	one_assay_suffix	3m	1	nan	thymocyte	CL:0002420	DN to DP transition (most are Cd8+/ Cd4+, some undergoing VDJ recombination)	facs	3_8_M	127265.0	1234.0	male	nan	Thymus	nan	21	23
K21-MAA000779-3_11_M-1-1			3	K21.MAA000779.3_11_M.1.1-1-1	3_11_M	Spleen	False	1	False	K21.MAA000779.3_11_M.1.1-1-1	young_source_rule	K21.MAA000779.3_11_M.1.1-1-1-1	one_assay_suffix	3m	1	nan	CD4-positive, alpha-beta T cell	CL:0000084	Cd3e T cell	facs	3_11_M	298360.0	1501.0	male	nan	Spleen	nan	6	5
K21-MAA000880-3_11_M-1-1			3	K21.MAA000880.3_11_M.1.1-1-1	3_11_M	Thymus	False	1	False	K21.MAA000880.3_11_M.1.1-1-1	young_source_rule	K21.MAA000880.3_11_M.1.1-1-1-1	one_assay_suffix	3m	1	nan	DN4 thymocyte	CL:0002420	DN4 thymocyte	facs	3_11_M	254922.0	1102.0	male	nan	Thymus	nan	6	5
K22-B000827-3_38_F-1-1			3	K22.B000827.3_38_F.1.1-1-1	3_38_F	Thymus	False	1	False	K22.B000827.3_38_F.1.1-1-1	young_source_rule	K22.B000827.3_38_F.1.1-1-1-1	one_assay_suffix	3m	1	nan	DN4 thymocyte	CL:0002420	DN4 thymocyte	facs	3_38_F	502077.0	2220.0	female	Flowthrough	Thymus	nan	6	5
K22-B003291-3_39_F-1-1			3	K22.B003291.3_39_F.1.1-1-1	3_39_F	Thymus	False	1	False	K22.B003291.3_39_F.1.1-1-1	young_source_rule	K22.B003291.3_39_F.1.1-1-1-1	one_assay_suffix	3m	1	nan	thymocyte	CL:0002420	proliferating thymocyte; DN to DP transition, dividing (some are Cd8+/ Cd4+, some undergoing VDJ recombination)	facs	3_39_F	3167941.0	4230.0	female	Flowthrough	Thymus	nan	21	23
K22-MAA000880-3_11_M-1-1			3	K22.MAA000880.3_11_M.1.1-1-1	3_11_M	Thymus	False	1	False	K22.MAA000880.3_11_M.1.1-1-1	young_source_rule	K22.MAA000880.3_11_M.1.1-1-1-1	one_assay_suffix	3m	1	nan	DN4 thymocyte	CL:0002420	DN4 thymocyte	facs	3_11_M	503980.0	1346.0	male	nan	Thymus	nan	6	5
K3-B000827-3_38_F-1-1			3	K3.B000827.3_38_F.1.1-1-1	3_38_F	Thymus	False	1	False	K3.B000827.3_38_F.1.1-1-1	young_source_rule	K3.B000827.3_38_F.1.1-1-1-1	one_assay_suffix	3m	1	nan	DN4 thymocyte	CL:0002420	DN4 thymocyte	facs	3_38_F	462948.0	1637.0	female	Flowthrough	Thymus	nan	6	5
K3-B003291-3_39_F-1-1	26.0	2.0	3	K3.B003291.3_39_F.1.1-1-1	3_39_F	Thymus	True	1	False	K3.B003291.3_39_F.1.1-1-1	young_source_rule	K3.B003291.3_39_F.1.1-1-1-1	one_assay_suffix	3m	1	nan	thymocyte	CL:0002420	DN to DP transition (most are Cd8+/ Cd4+, some undergoing VDJ recombination)	facs	3_39_F	636807.0	1595.0	female	Flowthrough	Thymus	nan	21	23
K3-MAA000607-3_9_M-1-1			3	K3.MAA000607.3_9_M.1.1-1-1	3_9_M	Thymus	False	1	False	K3.MAA000607.3_9_M.1.1-1-1	young_source_rule	K3.MAA000607.3_9_M.1.1-1-1-1	one_assay_suffix	3m	1	nan	thymocyte	CL:0002420	DN to DP transition (most are Cd8+/ Cd4+, some undergoing VDJ recombination)	facs	3_9_M	211075.0	1651.0	male	nan	Thymus	nan	21	23
K4-B000827-3_38_F-1-1			3	K4.B000827.3_38_F.1.1-1-1	3_38_F	Thymus	False	1	False	K4.B000827.3_38_F.1.1-1-1	young_source_rule	K4.B000827.3_38_F.1.1-1-1-1	one_assay_suffix	3m	1	nan	DN4 thymocyte	CL:0002420	DN4 thymocyte	facs	3_38_F	903235.0	2560.0	female	Flowthrough	Thymus	nan	6	5
K4-B003291-3_39_F-1-1			3	K4.B003291.3_39_F.1.1-1-1	3_39_F	Thymus	False	1	False	K4.B003291.3_39_F.1.1-1-1	young_source_rule	K4.B003291.3_39_F.1.1-1-1-1	one_assay_suffix	3m	1	nan	thymocyte	CL:0002420	DN to DP transition (most are Cd8+/ Cd4+, some undergoing VDJ recombination)	facs	3_39_F	836311.0	1638.0	female	Flowthrough	Thymus	nan	21	23
K4-MAA000607-3_9_M-1-1			3	K4.MAA000607.3_9_M.1.1-1-1	3_9_M	Thymus	False	1	False	K4.MAA000607.3_9_M.1.1-1-1	young_source_rule	K4.MAA000607.3_9_M.1.1-1-1-1	one_assay_suffix	3m	1	nan	thymocyte	CL:0002420	DN to DP transition (most are Cd8+/ Cd4+, some undergoing VDJ recombination)	facs	3_9_M	245134.0	1988.0	male	nan	Thymus	nan	21	23
K5-B000827-3_38_F-1-1			3	K5.B000827.3_38_F.1.1-1-1	3_38_F	Thymus	False	1	False	K5.B000827.3_38_F.1.1-1-1	young_source_rule	K5.B000827.3_38_F.1.1-1-1-1	one_assay_suffix	3m	1	nan	DN4 thymocyte	CL:0002420	DN4 thymocyte	facs	3_38_F	844742.0	2320.0	female	Flowthrough	Thymus	nan	4	5
K5-B003291-3_39_F-1-1			3	K5.B003291.3_39_F.1.1-1-1	3_39_F	Thymus	False	1	False	K5.B003291.3_39_F.1.1-1-1	young_source_rule	K5.B003291.3_39_F.1.1-1-1-1	one_assay_suffix	3m	1	nan	thymocyte	CL:0002420	DN to DP transition (most are Cd8+/ Cd4+, some undergoing VDJ recombination)	facs	3_39_F	529280.0	1626.0	female	Flowthrough	Thymus	nan	21	23
K5-MAA000508-3_9_M-1-1			3	K5.MAA000508.3_9_M.1.1-1-1	3_9_M	Spleen	False	1	False	K5.MAA000508.3_9_M.1.1-1-1	young_source_rule	K5.MAA000508.3_9_M.1.1-1-1-1	one_assay_suffix	3m	1	nan	CD8-positive, alpha-beta T cell	CL:0000084	Cd3e T cell	facs	3_9_M	292016.0	2294.0	male	nan	Spleen	nan	6	5
K5-MAA000607-3_9_M-1-1			3	K5.MAA000607.3_9_M.1.1-1-1	3_9_M	Thymus	False	1	False	K5.MAA000607.3_9_M.1.1-1-1	young_source_rule	K5.MAA000607.3_9_M.1.1-1-1-1	one_assay_suffix	3m	1	nan	thymocyte	CL:0002420	DN to DP transition (most are Cd8+/ Cd4+, some undergoing VDJ recombination)	facs	3_9_M	154124.0	1364.0	male	nan	Thymus	nan	21	23
K5-MAA000609-3_8_M-1-1			3	K5.MAA000609.3_8_M.1.1-1-1	3_8_M	Thymus	False	1	False	K5.MAA000609.3_8_M.1.1-1-1	young_source_rule	K5.MAA000609.3_8_M.1.1-1-1-1	one_assay_suffix	3m	1	nan	thymocyte	CL:0002420	proliferating thymocyte; DN to DP transition, dividing (some are Cd8+/ Cd4+, some undergoing VDJ recombination)	facs	3_8_M	2147240.0	3371.0	male	nan	Thymus	nan	21	23
K5-MAA001888-3_39_F-1-1			3	K5.MAA001888.3_39_F.1.1-1-1	3_39_F	Marrow	False	1	False	K5.MAA001888.3_39_F.1.1-1-1	young_source_rule	K5.MAA001888.3_39_F.1.1-1-1-1	one_assay_suffix	3m	1	nan	promonocyte	CL:0000576	monocyte + promonocyte	facs	3_39_F	521092.0	4529.0	female	T-cells	Marrow	nan	2	4
K6-B000827-3_38_F-1-1			3	K6.B000827.3_38_F.1.1-1-1	3_38_F	Thymus	False	1	False	K6.B000827.3_38_F.1.1-1-1	young_source_rule	K6.B000827.3_38_F.1.1-1-1-1	one_assay_suffix	3m	1	nan	DN4 thymocyte	CL:0002420	DN4 thymocyte	facs	3_38_F	392191.0	1902.0	female	Flowthrough	Thymus	nan	4	21
K6-B000971-3_39_F-1-1			3	K6.B000971.3_39_F.1.1-1-1	3_39_F	Spleen	False	1	False	K6.B000971.3_39_F.1.1-1-1	young_source_rule	K6.B000971.3_39_F.1.1-1-1-1	one_assay_suffix	3m	1	nan	CD4-positive, alpha-beta T cell	CL:0000084	Cd3e T cell	facs	3_39_F	610596.0	1959.0	female	nan	Spleen	nan	4	21
K6-B003291-3_39_F-1-1			3	K6.B003291.3_39_F.1.1-1-1	3_39_F	Thymus	False	1	False	K6.B003291.3_39_F.1.1-1-1	young_source_rule	K6.B003291.3_39_F.1.1-1-1-1	one_assay_suffix	3m	1	nan	thymocyte	CL:0002420	DN to DP transition (most are Cd8+/ Cd4+, some undergoing VDJ recombination)	facs	3_39_F	722040.0	1530.0	female	Flowthrough	Thymus	nan	21	23
K6-MAA000607-3_9_M-1-1			3	K6.MAA000607.3_9_M.1.1-1-1	3_9_M	Thymus	False	1	False	K6.MAA000607.3_9_M.1.1-1-1	young_source_rule	K6.MAA000607.3_9_M.1.1-1-1-1	one_assay_suffix	3m	1	nan	thymocyte	CL:0002420	DN to DP transition (most are Cd8+/ Cd4+, some undergoing VDJ recombination)	facs	3_9_M	161621.0	1648.0	male	nan	Thymus	nan	21	23
K6-MAA000844-3_10_M-1-1			3	K6.MAA000844.3_10_M.1.1-1-1	3_10_M	Marrow	False	1	False	K6.MAA000844.3_10_M.1.1-1-1	young_source_rule	K6.MAA000844.3_10_M.1.1-1-1-1	one_assay_suffix	3m	1	nan	mature alpha-beta T cell	CL:0000937	BM CD8 + CD4 T cell	facs	3_10_M	1703565.0	3907.0	male	T-cells	Marrow	nan	4	9
K7-B000827-3_38_F-1-1			3	K7.B000827.3_38_F.1.1-1-1	3_38_F	Thymus	False	1	False	K7.B000827.3_38_F.1.1-1-1	young_source_rule	K7.B000827.3_38_F.1.1-1-1-1	one_assay_suffix	3m	1	nan	DN4 thymocyte	CL:0002420	DN4 thymocyte	facs	3_38_F	583642.0	1878.0	female	Flowthrough	Thymus	nan	6	5
K7-B001750-3_38_F-1-1			3	K7.B001750.3_38_F.1.1-1-1	3_38_F	Spleen	False	1	False	K7.B001750.3_38_F.1.1-1-1	young_source_rule	K7.B001750.3_38_F.1.1-1-1-1	one_assay_suffix	3m	1	nan	CD8-positive, alpha-beta T cell	CL:0000084	Cd3e T cell	facs	3_38_F	605561.0	1889.0	female	nan	Spleen	nan	6	5
K7-B002431-3_39_F-1-1			3	K7.B002431.3_39_F.1.1-1-1	3_39_F	Aorta	False	1	False	K7.B002431.3_39_F.1.1-1-1	young_source_rule		unmatched																
K7-B003291-3_39_F-1-1			3	K7.B003291.3_39_F.1.1-1-1	3_39_F	Thymus	False	1	False	K7.B003291.3_39_F.1.1-1-1	young_source_rule	K7.B003291.3_39_F.1.1-1-1-1	one_assay_suffix	3m	1	nan	DN4 thymocyte	CL:0002420	DN4 thymocyte	facs	3_39_F	472601.0	1833.0	female	Flowthrough	Thymus	nan	6	5
K7-MAA000442-3_11_M-1-1			3	K7.MAA000442.3_11_M.1.1-1-1	3_11_M	BAT	False	1	False	K7.MAA000442.3_11_M.1.1-1-1	young_source_rule	K7.MAA000442.3_11_M.1.1-1-1-1	one_assay_suffix	3m	1	nan	T cell	CL:0000084	nan	facs	3_11_M	668574.0	2315.0	male	Fat	BAT	nan	4	5
K7-MAA000607-3_9_M-1-1			3	K7.MAA000607.3_9_M.1.1-1-1	3_9_M	Thymus	False	1	False	K7.MAA000607.3_9_M.1.1-1-1	young_source_rule	K7.MAA000607.3_9_M.1.1-1-1-1	one_assay_suffix	3m	1	nan	thymocyte	CL:0002420	DN to DP transition (most are Cd8+/ Cd4+, some undergoing VDJ recombination)	facs	3_9_M	223851.0	2075.0	male	nan	Thymus	nan	21	23
K7-MAA000609-3_8_M-1-1			3	K7.MAA000609.3_8_M.1.1-1-1	3_8_M	Thymus	False	1	False	K7.MAA000609.3_8_M.1.1-1-1	young_source_rule	K7.MAA000609.3_8_M.1.1-1-1-1	one_assay_suffix	3m	1	nan	DN4 thymocyte	CL:0002420	DN4 thymocyte	facs	3_8_M	516399.0	1921.0	male	nan	Thymus	nan	6	5
K7-MAA000844-3_10_M-1-1			3	K7.MAA000844.3_10_M.1.1-1-1	3_10_M	Marrow	False	1	False	K7.MAA000844.3_10_M.1.1-1-1	young_source_rule	K7.MAA000844.3_10_M.1.1-1-1-1	one_assay_suffix	3m	1	nan	mature alpha-beta T cell	CL:0002420	BM CD8 + CD4 T cell	facs	3_10_M	475820.0	3195.0	male	T-cells	Marrow	nan	4	9
K7-MAA000880-3_11_M-1-1			3	K7.MAA000880.3_11_M.1.1-1-1	3_11_M	Thymus	False	1	False	K7.MAA000880.3_11_M.1.1-1-1	young_source_rule	K7.MAA000880.3_11_M.1.1-1-1-1	one_assay_suffix	3m	1	nan	DN4 thymocyte	CL:0002420	DN4 thymocyte	facs	3_11_M	558495.0	1370.0	male	nan	Thymus	nan	6	5
K8-B000827-3_38_F-1-1			3	K8.B000827.3_38_F.1.1-1-1	3_38_F	Thymus	False	1	False	K8.B000827.3_38_F.1.1-1-1	young_source_rule	K8.B000827.3_38_F.1.1-1-1-1	one_assay_suffix	3m	1	nan	DN4 thymocyte	CL:0002420	DN4 thymocyte	facs	3_38_F	664137.0	2032.0	female	Flowthrough	Thymus	nan	6	5
K8-B001750-3_38_F-1-1			3	K8.B001750.3_38_F.1.1-1-1	3_38_F	Spleen	False	1	False	K8.B001750.3_38_F.1.1-1-1	young_source_rule	K8.B001750.3_38_F.1.1-1-1-1	one_assay_suffix	3m	1	nan	CD8-positive, alpha-beta T cell	CL:0000084	Cd3e T cell	facs	3_38_F	848595.0	1897.0	female	nan	Spleen	nan	6	5
K8-B003291-3_39_F-1-1			3	K8.B003291.3_39_F.1.1-1-1	3_39_F	Thymus	False	1	False	K8.B003291.3_39_F.1.1-1-1	young_source_rule	K8.B003291.3_39_F.1.1-1-1-1	one_assay_suffix	3m	1	nan	thymocyte	CL:0002420	DN to DP transition (most are Cd8+/ Cd4+, some undergoing VDJ recombination)	facs	3_39_F	433593.0	1105.0	female	Flowthrough	Thymus	nan	21	23
K8-D043526-3_39_F-1-1			3	K8.D043526.3_39_F.1.1-1-1	3_39_F	SCAT	False	1	False	K8.D043526.3_39_F.1.1-1-1	young_source_rule	K8.D043526.3_39_F.1.1-1-1-1	one_assay_suffix	3m	1	nan	B cell	CL:0000236	nan	facs	3_39_F	399410.0	1168.0	female	Fat	SCAT	nan	0	0
K8-MAA000607-3_9_M-1-1			3	K8.MAA000607.3_9_M.1.1-1-1	3_9_M	Thymus	False	1	False	K8.MAA000607.3_9_M.1.1-1-1	young_source_rule	K8.MAA000607.3_9_M.1.1-1-1-1	one_assay_suffix	3m	1	nan	thymocyte	CL:0002420	DN to DP transition (most are Cd8+/ Cd4+, some undergoing VDJ recombination)	facs	3_9_M	162991.0	1429.0	male	nan	Thymus	nan	21	23
K8-MAA000609-3_8_M-1-1			3	K8.MAA000609.3_8_M.1.1-1-1	3_8_M	Thymus	False	1	False	K8.MAA000609.3_8_M.1.1-1-1	young_source_rule	K8.MAA000609.3_8_M.1.1-1-1-1	one_assay_suffix	3m	1	nan	DN4 thymocyte	CL:0002420	DN4 thymocyte	facs	3_8_M	389471.0	1722.0	male	nan	Thymus	nan	6	5
K9-B000827-3_38_F-1-1			3	K9.B000827.3_38_F.1.1-1-1	3_38_F	Thymus	False	1	False	K9.B000827.3_38_F.1.1-1-1	young_source_rule	K9.B000827.3_38_F.1.1-1-1-1	one_assay_suffix	3m	1	nan	DN4 thymocyte	CL:0002420	DN4 thymocyte	facs	3_38_F	390790.0	1992.0	female	Flowthrough	Thymus	nan	6	5
K9-B001960-3_56_F-1-1			3	K9.B001960.3_56_F.1.1-1-1	3_56_F	BAT	False	1	False	K9.B001960.3_56_F.1.1-1-1	young_source_rule	K9.B001960.3_56_F.1.1-1-1-1	one_assay_suffix	3m	1	nan	T cell	CL:0000084	nan	facs	3_56_F	1076973.0	1723.0	female	Fat	BAT	nan	6	5
K9-B003291-3_39_F-1-1			3	K9.B003291.3_39_F.1.1-1-1	3_39_F	Thymus	False	1	False	K9.B003291.3_39_F.1.1-1-1	young_source_rule	K9.B003291.3_39_F.1.1-1-1-1	one_assay_suffix	3m	1	nan	thymocyte	CL:0002420	proliferating thymocyte; DN to DP transition, dividing (some are Cd8+/ Cd4+, some undergoing VDJ recombination)	facs	3_39_F	1245370.0	3128.0	female	Flowthrough	Thymus	nan	21	23
K9-D043526-3_39_F-1-1			3	K9.D043526.3_39_F.1.1-1-1	3_39_F	SCAT	False	1	False	K9.D043526.3_39_F.1.1-1-1	young_source_rule	K9.D043526.3_39_F.1.1-1-1-1	one_assay_suffix	3m	1	nan	T cell	CL:0000084	nan	facs	3_39_F	771958.0	1798.0	female	Fat	SCAT	nan	6	5
K9-MAA000441-3_10_M-1-1			3	K9.MAA000441.3_10_M.1.1-1-1	3_10_M	BAT	False	1	False	K9.MAA000441.3_10_M.1.1-1-1	young_source_rule	K9.MAA000441.3_10_M.1.1-1-1-1	one_assay_suffix	3m	1	nan	T cell	CL:0000084	nan	facs	3_10_M	143709.0	1874.0	male	Fat	BAT	nan	6	5
K9-MAA000607-3_9_M-1-1			3	K9.MAA000607.3_9_M.1.1-1-1	3_9_M	Thymus	False	1	False	K9.MAA000607.3_9_M.1.1-1-1	young_source_rule	K9.MAA000607.3_9_M.1.1-1-1-1	one_assay_suffix	3m	1	nan	DN4 thymocyte	CL:0002420	DN4 thymocyte	facs	3_9_M	520949.0	3163.0	male	nan	Thymus	nan	6	23
K9-MAA000609-3_8_M-1-1	14.0	2.0	3	K9.MAA000609.3_8_M.1.1-1-1	3_8_M	Thymus	True	1	False	K9.MAA000609.3_8_M.1.1-1-1	young_source_rule	K9.MAA000609.3_8_M.1.1-1-1-1	one_assay_suffix	3m	1	nan	DN4 thymocyte	CL:0002420	DN4 thymocyte	facs	3_8_M	368054.0	2593.0	male	nan	Thymus	nan	6	5
K9-MAA000801-3_11_M-1-1	18.0	2.0	3	K9.MAA000801.3_11_M.1.1-1-1	3_11_M	Kidney	True	2	True	K9.MAA000801.3_11_M.1.1-1-1	young_source_rule	K9.MAA000801.3_11_M.1.1-1-1-1	one_assay_suffix	3m	1	nan	kidney collecting duct epithelial cell	CL:0002306	kidney collecting duct epithelial cell	facs	3_11_M	186070.0	1806.0	male	nan	Kidney	nan	8	40
K9-MAA000844-3_10_M-1-1			3	K9.MAA000844.3_10_M.1.1-1-1	3_10_M	Marrow	False	1	False	K9.MAA000844.3_10_M.1.1-1-1	young_source_rule	K9.MAA000844.3_10_M.1.1-1-1-1	one_assay_suffix	3m	1	nan	NK cell	CL:0000914	NK cell	facs	3_10_M	710275.0	2520.0	male	T-cells	Marrow	nan	4	9
K9-MAA000880-3_11_M-1-1			3	K9.MAA000880.3_11_M.1.1-1-1	3_11_M	Thymus	False	1	False	K9.MAA000880.3_11_M.1.1-1-1	young_source_rule	K9.MAA000880.3_11_M.1.1-1-1-1	one_assay_suffix	3m	1	nan	thymocyte	CL:0002420	proliferating thymocyte; DN to DP transition, dividing (some are Cd8+/ Cd4+, some undergoing VDJ recombination)	facs	3_11_M	639928.0	1786.0	male	nan	Thymus	nan	21	23
L1-B000827-3_38_F-1-1			3	L1.B000827.3_38_F.1.1-1-1	3_38_F	Thymus	False	1	False	L1.B000827.3_38_F.1.1-1-1	young_source_rule	L1.B000827.3_38_F.1.1-1-1-1	one_assay_suffix	3m	1	nan	DN4 thymocyte	CL:0002420	DN4 thymocyte	facs	3_38_F	506208.0	2288.0	female	Flowthrough	Thymus	nan	6	5
L1-B003291-3_39_F-1-1			3	L1.B003291.3_39_F.1.1-1-1	3_39_F	Thymus	False	1	False	L1.B003291.3_39_F.1.1-1-1	young_source_rule	L1.B003291.3_39_F.1.1-1-1-1	one_assay_suffix	3m	1	nan	thymocyte	CL:0002420	DN to DP transition (most are Cd8+/ Cd4+, some undergoing VDJ recombination)	facs	3_39_F	190140.0	1520.0	female	Flowthrough	Thymus	nan	21	23
L1-MAA000398-3_9_M-1-1	24.0	2.0	3	L1.MAA000398.3_9_M.1.1-1-1	3_9_M	Heart	True	2	True	L1.MAA000398.3_9_M.1.1-1-1	young_source_rule	L1.MAA000398.3_9_M.1.1-1-1-1	one_assay_suffix	3m	1	nan	endothelial cell of coronary artery	CL:0000115	coronary vascular endothelial cell	facs	3_9_M	106062.0	2538.0	male	LA	Heart	nan	7	6
L1-MAA000607-3_9_M-1-1			3	L1.MAA000607.3_9_M.1.1-1-1	3_9_M	Thymus	False	1	False	L1.MAA000607.3_9_M.1.1-1-1	young_source_rule	L1.MAA000607.3_9_M.1.1-1-1-1	one_assay_suffix	3m	1	nan	thymocyte	CL:0002420	DN to DP transition (most are Cd8+/ Cd4+, some undergoing VDJ recombination)	facs	3_9_M	735883.0	2635.0	male	nan	Thymus	nan	21	23
L10-B001750-3_38_F-1-1			3	L10.B001750.3_38_F.1.1-1-1	3_38_F	Spleen	False	1	False	L10.B001750.3_38_F.1.1-1-1	young_source_rule	L10.B001750.3_38_F.1.1-1-1-1	one_assay_suffix	3m	1	nan	CD8-positive, alpha-beta T cell	CL:0000084	Cd3e T cell	facs	3_38_F	542907.0	2004.0	female	nan	Spleen	nan	6	5
L10-B003291-3_39_F-1-1			3	L10.B003291.3_39_F.1.1-1-1	3_39_F	Thymus	False	1	False	L10.B003291.3_39_F.1.1-1-1	young_source_rule	L10.B003291.3_39_F.1.1-1-1-1	one_assay_suffix	3m	1	nan	thymocyte	CL:0002420	DN to DP transition (most are Cd8+/ Cd4+, some undergoing VDJ recombination)	facs	3_39_F	564415.0	1622.0	female	Flowthrough	Thymus	nan	21	23
L10-MAA000556-3_9_M-1-1			3	L10.MAA000556.3_9_M.1.1-1-1	3_9_M	BAT	False	1	False	L10.MAA000556.3_9_M.1.1-1-1	young_source_rule	L10.MAA000556.3_9_M.1.1-1-1-1	one_assay_suffix	3m	1	nan	T cell	CL:0000084	nan	facs	3_9_M	690721.0	2348.0	male	Fat	BAT	nan	4	9
L10-MAA000609-3_8_M-1-1			3	L10.MAA000609.3_8_M.1.1-1-1	3_8_M	Thymus	False	1	False	L10.MAA000609.3_8_M.1.1-1-1	young_source_rule	L10.MAA000609.3_8_M.1.1-1-1-1	one_assay_suffix	3m	1	nan	thymocyte	CL:0002420	DN to DP transition (most are Cd8+/ Cd4+, some undergoing VDJ recombination)	facs	3_8_M	238022.0	1610.0	male	nan	Thymus	nan	21	23
L10-MAA000844-3_10_M-1-1			3	L10.MAA000844.3_10_M.1.1-1-1	3_10_M	Marrow	False	1	False	L10.MAA000844.3_10_M.1.1-1-1	young_source_rule	L10.MAA000844.3_10_M.1.1-1-1-1	one_assay_suffix	3m	1	nan	basophil	CL:0000767	basophil	facs	3_10_M	859830.0	3575.0	male	T-cells	Marrow	nan	6	5
L10-MAA000877-3_11_M-1-1			3	L10.MAA000877.3_11_M.1.1-1-1	3_11_M	MAT	False	1	False	L10.MAA000877.3_11_M.1.1-1-1	young_source_rule	L10.MAA000877.3_11_M.1.1-1-1-1	one_assay_suffix	3m	1	nan	CD8-positive, alpha-beta T cell	CL:0000084	nan	facs	3_11_M	768684.0	1881.0	male	Fat	MAT	nan	6	5
L10-MAA000880-3_11_M-1-1			3	L10.MAA000880.3_11_M.1.1-1-1	3_11_M	Thymus	False	1	False	L10.MAA000880.3_11_M.1.1-1-1	young_source_rule	L10.MAA000880.3_11_M.1.1-1-1-1	one_assay_suffix	3m	1	nan	DN4 thymocyte	CL:0002420	DN4 thymocyte	facs	3_11_M	457345.0	1193.0	male	nan	Thymus	nan	6	5
L10-MAA000934-3_9_M-1-1			3	L10.MAA000934.3_9_M.1.1-1-1	3_9_M	SCAT	False	1	False	L10.MAA000934.3_9_M.1.1-1-1	young_source_rule	L10.MAA000934.3_9_M.1.1-1-1-1	one_assay_suffix	3m	1	nan	T cell	CL:0000084	nan	facs	3_9_M	154278.0	2216.0	male	Fat	SCAT	nan	4	5
L11-B000827-3_38_F-1-1			3	L11.B000827.3_38_F.1.1-1-1	3_38_F	Thymus	False	1	False	L11.B000827.3_38_F.1.1-1-1	young_source_rule	L11.B000827.3_38_F.1.1-1-1-1	one_assay_suffix	3m	1	nan	DN4 thymocyte	CL:0002420	DN4 thymocyte	facs	3_38_F	961604.0	2643.0	female	Flowthrough	Thymus	nan	6	5
L11-B003291-3_39_F-1-1			3	L11.B003291.3_39_F.1.1-1-1	3_39_F	Thymus	False	1	False	L11.B003291.3_39_F.1.1-1-1	young_source_rule	L11.B003291.3_39_F.1.1-1-1-1	one_assay_suffix	3m	1	nan	thymocyte	CL:0002420	DN to DP transition (most are Cd8+/ Cd4+, some undergoing VDJ recombination)	facs	3_39_F	966391.0	1659.0	female	Flowthrough	Thymus	nan	21	23
L11-D045067-3_38_F-1-1			3	L11.D045067.3_38_F.1.1-1-1	3_38_F	GAT	False	1	False	L11.D045067.3_38_F.1.1-1-1	young_source_rule	L11.D045067.3_38_F.1.1-1-1-1	one_assay_suffix	3m	1	nan	CD4-positive, alpha-beta T cell	CL:0000084	nan	facs	3_38_F	1088269.0	1406.0	female	Fat	GAT	nan	6	5
L11-MAA000439-3_10_M-1-1			3	L11.MAA000439.3_10_M.1.1-1-1	3_10_M	GAT	False	1	False	L11.MAA000439.3_10_M.1.1-1-1	young_source_rule	L11.MAA000439.3_10_M.1.1-1-1-1	one_assay_suffix	3m	1	nan	CD8-positive, alpha-beta T cell	CL:0000084	nan	facs	3_10_M	324897.0	1992.0	male	Fat	GAT	nan	6	5
L11-MAA000609-3_8_M-1-1			3	L11.MAA000609.3_8_M.1.1-1-1	3_8_M	Thymus	False	1	False	L11.MAA000609.3_8_M.1.1-1-1	young_source_rule	L11.MAA000609.3_8_M.1.1-1-1-1	one_assay_suffix	3m	1	nan	thymocyte	CL:0002420	proliferating thymocyte; DN to DP transition, dividing (some are Cd8+/ Cd4+, some undergoing VDJ recombination)	facs	3_8_M	396744.0	2684.0	male	nan	Thymus	nan	21	23
L11-MAA000877-3_11_M-1-1			3	L11.MAA000877.3_11_M.1.1-1-1	3_11_M	MAT	False	1	False	L11.MAA000877.3_11_M.1.1-1-1	young_source_rule	L11.MAA000877.3_11_M.1.1-1-1-1	one_assay_suffix	3m	1	nan	CD4-positive, alpha-beta T cell	CL:0000084	nan	facs	3_11_M	502675.0	1580.0	male	Fat	MAT	nan	6	5
L11-MAA000880-3_11_M-1-1			3	L11.MAA000880.3_11_M.1.1-1-1	3_11_M	Thymus	False	1	False	L11.MAA000880.3_11_M.1.1-1-1	young_source_rule	L11.MAA000880.3_11_M.1.1-1-1-1	one_assay_suffix	3m	1	nan	DN4 thymocyte	CL:0002420	DN4 thymocyte	facs	3_11_M	391001.0	1351.0	male	nan	Thymus	nan	6	5
L12-B001750-3_38_F-1-1			3	L12.B001750.3_38_F.1.1-1-1	3_38_F	Spleen	False	1	False	L12.B001750.3_38_F.1.1-1-1	young_source_rule	L12.B001750.3_38_F.1.1-1-1-1	one_assay_suffix	3m	1	nan	CD8-positive, alpha-beta T cell	CL:0000084	Cd3e T cell	facs	3_38_F	1237168.0	2378.0	female	nan	Spleen	nan	6	5
L12-B003291-3_39_F-1-1			3	L12.B003291.3_39_F.1.1-1-1	3_39_F	Thymus	False	1	False	L12.B003291.3_39_F.1.1-1-1	young_source_rule	L12.B003291.3_39_F.1.1-1-1-1	one_assay_suffix	3m	1	nan	thymocyte	CL:0002420	DN to DP transition (most are Cd8+/ Cd4+, some undergoing VDJ recombination)	facs	3_39_F	815850.0	1368.0	female	Flowthrough	Thymus	nan	21	23
L12-MAA000441-3_10_M-1-1			3	L12.MAA000441.3_10_M.1.1-1-1	3_10_M	BAT	False	1	False	L12.MAA000441.3_10_M.1.1-1-1	young_source_rule	L12.MAA000441.3_10_M.1.1-1-1-1	one_assay_suffix	3m	1	nan	T cell	CL:0000084	nan	facs	3_10_M	253250.0	2460.0	male	Fat	BAT	nan	4	5
L12-MAA000607-3_9_M-1-1			3	L12.MAA000607.3_9_M.1.1-1-1	3_9_M	Thymus	False	1	False	L12.MAA000607.3_9_M.1.1-1-1	young_source_rule	L12.MAA000607.3_9_M.1.1-1-1-1	one_assay_suffix	3m	1	nan	thymocyte	CL:0002420	DN to DP transition (most are Cd8+/ Cd4+, some undergoing VDJ recombination)	facs	3_9_M	293444.0	1494.0	male	nan	Thymus	nan	21	23
L12-MAA000609-3_8_M-1-1			3	L12.MAA000609.3_8_M.1.1-1-1	3_8_M	Thymus	False	1	False	L12.MAA000609.3_8_M.1.1-1-1	young_source_rule	L12.MAA000609.3_8_M.1.1-1-1-1	one_assay_suffix	3m	1	nan	DN4 thymocyte	CL:0002420	DN4 thymocyte	facs	3_8_M	180298.0	2022.0	male	nan	Thymus	nan	6	5
L12-MAA000880-3_11_M-1-1			3	L12.MAA000880.3_11_M.1.1-1-1	3_11_M	Thymus	False	1	False	L12.MAA000880.3_11_M.1.1-1-1	young_source_rule	L12.MAA000880.3_11_M.1.1-1-1-1	one_assay_suffix	3m	1	nan	DN4 thymocyte	CL:0002420	DN4 thymocyte	facs	3_11_M	860384.0	1567.0	male	nan	Thymus	nan	6	5
L13-B000827-3_38_F-1-1	23.0	2.0	3	L13.B000827.3_38_F.1.1-1-1	3_38_F	Thymus	True	2	True	L13.B000827.3_38_F.1.1-1-1	young_source_rule	L13.B000827.3_38_F.1.1-1-1-1	one_assay_suffix	3m	1	nan	DN4 thymocyte	CL:0002420	DN4 thymocyte	facs	3_38_F	391115.0	1771.0	female	Flowthrough	Thymus	nan	6	5
L13-B002314-3_56_F-1-1	43.0	2.0	3	L13.B002314.3_56_F.1.1-1-1	3_56_F	MAT	True	1	False	L13.B002314.3_56_F.1.1-1-1	young_source_rule	L13.B002314.3_56_F.1.1-1-1-1	one_assay_suffix	3m	1	nan	CD4-positive, alpha-beta T cell	CL:0000084	nan	facs	3_56_F	748073.0	2320.0	female	Fat	MAT	nan	4	5
L13-B002707-3_39_F-1-1			3	L13.B002707.3_39_F.1.1-1-1	3_39_F	BAT	False	1	False	L13.B002707.3_39_F.1.1-1-1	young_source_rule	L13.B002707.3_39_F.1.1-1-1-1	one_assay_suffix	3m	1	nan	T cell	CL:0000084	nan	facs	3_39_F	117015.0	1708.0	female	Fat	BAT	nan	6	5
L13-B003291-3_39_F-1-1			3	L13.B003291.3_39_F.1.1-1-1	3_39_F	Thymus	False	1	False	L13.B003291.3_39_F.1.1-1-1	young_source_rule	L13.B003291.3_39_F.1.1-1-1-1	one_assay_suffix	3m	1	nan	thymocyte	CL:0002420	DN to DP transition (most are Cd8+/ Cd4+, some undergoing VDJ recombination)	facs	3_39_F	557774.0	1447.0	female	Flowthrough	Thymus	nan	21	23
L13-MAA000609-3_8_M-1-1			3	L13.MAA000609.3_8_M.1.1-1-1	3_8_M	Thymus	False	1	False	L13.MAA000609.3_8_M.1.1-1-1	young_source_rule	L13.MAA000609.3_8_M.1.1-1-1-1	one_assay_suffix	3m	1	nan	thymocyte	CL:0002420	DN to DP transition (most are Cd8+/ Cd4+, some undergoing VDJ recombination)	facs	3_8_M	130125.0	1347.0	male	nan	Thymus	nan	6	23
L13-MAA000880-3_11_M-1-1			3	L13.MAA000880.3_11_M.1.1-1-1	3_11_M	Thymus	False	1	False	L13.MAA000880.3_11_M.1.1-1-1	young_source_rule	L13.MAA000880.3_11_M.1.1-1-1-1	one_assay_suffix	3m	1	nan	DN4 thymocyte	CL:0002420	DN4 thymocyte	facs	3_11_M	794013.0	1429.0	male	nan	Thymus	nan	6	5
L13-MAA000913-3_9_M-1-1			3	L13.MAA000913.3_9_M.1.1-1-1	3_9_M	GAT	False	1	False	L13.MAA000913.3_9_M.1.1-1-1	young_source_rule	L13.MAA000913.3_9_M.1.1-1-1-1	one_assay_suffix	3m	1	nan	CD8-positive, alpha-beta T cell	CL:0000084	nan	facs	3_9_M	257611.0	1648.0	male	Fat	GAT	nan	6	5
L13-MAA000934-3_9_M-1-1			3	L13.MAA000934.3_9_M.1.1-1-1	3_9_M	SCAT	False	1	False	L13.MAA000934.3_9_M.1.1-1-1	young_source_rule	L13.MAA000934.3_9_M.1.1-1-1-1	one_assay_suffix	3m	1	nan	T cell	CL:0000084	nan	facs	3_9_M	166412.0	2044.0	male	Fat	SCAT	nan	4	5
L14-B000827-3_38_F-1-1			3	L14.B000827.3_38_F.1.1-1-1	3_38_F	Thymus	False	1	False	L14.B000827.3_38_F.1.1-1-1	young_source_rule	L14.B000827.3_38_F.1.1-1-1-1	one_assay_suffix	3m	1	nan	DN4 thymocyte	CL:0002420	DN4 thymocyte	facs	3_38_F	495263.0	1846.0	female	Flowthrough	Thymus	nan	6	5
L14-B003291-3_39_F-1-1			3	L14.B003291.3_39_F.1.1-1-1	3_39_F	Thymus	False	1	False	L14.B003291.3_39_F.1.1-1-1	young_source_rule	L14.B003291.3_39_F.1.1-1-1-1	one_assay_suffix	3m	1	nan	thymocyte	CL:0002420	DN to DP transition (most are Cd8+/ Cd4+, some undergoing VDJ recombination)	facs	3_39_F	707187.0	1407.0	female	Flowthrough	Thymus	nan	21	23
L14-MAA000508-3_9_M-1-1			3	L14.MAA000508.3_9_M.1.1-1-1	3_9_M	Spleen	False	1	False	L14.MAA000508.3_9_M.1.1-1-1	young_source_rule	L14.MAA000508.3_9_M.1.1-1-1-1	one_assay_suffix	3m	1	nan	CD8-positive, alpha-beta T cell	CL:0000084	Cd3e T cell	facs	3_9_M	393559.0	2310.0	male	nan	Spleen	nan	6	5
L14-MAA000556-3_9_M-1-1			3	L14.MAA000556.3_9_M.1.1-1-1	3_9_M	BAT	False	1	False	L14.MAA000556.3_9_M.1.1-1-1	young_source_rule	L14.MAA000556.3_9_M.1.1-1-1-1	one_assay_suffix	3m	1	nan	T cell	CL:0000084	nan	facs	3_9_M	203440.0	1609.0	male	Fat	BAT	nan	6	5
L14-MAA000609-3_8_M-1-1			3	L14.MAA000609.3_8_M.1.1-1-1	3_8_M	Thymus	False	1	False	L14.MAA000609.3_8_M.1.1-1-1	young_source_rule	L14.MAA000609.3_8_M.1.1-1-1-1	one_assay_suffix	3m	1	nan	thymocyte	CL:0002420	DN to DP transition (most are Cd8+/ Cd4+, some undergoing VDJ recombination)	facs	3_8_M	116734.0	1303.0	male	nan	Thymus	nan	21	23
L14-MAA000880-3_11_M-1-1			3	L14.MAA000880.3_11_M.1.1-1-1	3_11_M	Thymus	False	1	False	L14.MAA000880.3_11_M.1.1-1-1	young_source_rule	L14.MAA000880.3_11_M.1.1-1-1-1	one_assay_suffix	3m	1	nan	DN4 thymocyte	CL:0002420	DN4 thymocyte	facs	3_11_M	765789.0	1801.0	male	nan	Thymus	nan	6	5
L15-B000971-3_39_F-1-1			3	L15.B000971.3_39_F.1.1-1-1	3_39_F	Spleen	False	1	False	L15.B000971.3_39_F.1.1-1-1	young_source_rule	L15.B000971.3_39_F.1.1-1-1-1	one_assay_suffix	3m	1	nan	CD8-positive, alpha-beta T cell	CL:0000084	Cd3e T cell	facs	3_39_F	1018754.0	1996.0	female	nan	Spleen	nan	6	5
L15-B003291-3_39_F-1-1			3	L15.B003291.3_39_F.1.1-1-1	3_39_F	Thymus	False	1	False	L15.B003291.3_39_F.1.1-1-1	young_source_rule	L15.B003291.3_39_F.1.1-1-1-1	one_assay_suffix	3m	1	nan	thymocyte	CL:0002420	DN to DP transition (most are Cd8+/ Cd4+, some undergoing VDJ recombination)	facs	3_39_F	720719.0	1336.0	female	Flowthrough	Thymus	nan	21	23
L15-MAA000439-3_10_M-1-1			3	L15.MAA000439.3_10_M.1.1-1-1	3_10_M	GAT	False	1	False	L15.MAA000439.3_10_M.1.1-1-1	young_source_rule	L15.MAA000439.3_10_M.1.1-1-1-1	one_assay_suffix	3m	1	nan	CD8-positive, alpha-beta T cell	CL:0000084	nan	facs	3_10_M	802031.0	2654.0	male	Fat	GAT	nan	6	5
L15-MAA000441-3_10_M-1-1			3	L15.MAA000441.3_10_M.1.1-1-1	3_10_M	BAT	False	1	False	L15.MAA000441.3_10_M.1.1-1-1	young_source_rule	L15.MAA000441.3_10_M.1.1-1-1-1	one_assay_suffix	3m	1	nan	T cell	CL:0000084	nan	facs	3_10_M	340994.0	2703.0	male	Fat	BAT	nan	4	5
L15-MAA000609-3_8_M-1-1			3	L15.MAA000609.3_8_M.1.1-1-1	3_8_M	Thymus	False	1	False	L15.MAA000609.3_8_M.1.1-1-1	young_source_rule	L15.MAA000609.3_8_M.1.1-1-1-1	one_assay_suffix	3m	1	nan	thymocyte	CL:0002420	DN to DP transition (most are Cd8+/ Cd4+, some undergoing VDJ recombination)	facs	3_8_M	67588.0	1325.0	male	nan	Thymus	nan	21	23
L15-MAA000641-3_9_M-1-1			3	L15.MAA000641.3_9_M.1.1-1-1	3_9_M	Brain_Non-Myeloid	False	1	False	L15.MAA000641.3_9_M.1.1-1-1	young_source_rule	L15.MAA000641.3_9_M.1.1-1-1-1	one_assay_suffix	3m	1	nan	T cell	CL:0000128	nan	facs	3_9_M	440153.0	1148.0	male	Cerebellum	Brain_Non-Myeloid	nan	6	5
L15-MAA000779-3_11_M-1-1			3	L15.MAA000779.3_11_M.1.1-1-1	3_11_M	Spleen	False	1	False	L15.MAA000779.3_11_M.1.1-1-1	young_source_rule	L15.MAA000779.3_11_M.1.1-1-1-1	one_assay_suffix	3m	1	nan	CD4-positive, alpha-beta T cell	CL:0000084	Cd3e T cell	facs	3_11_M	374162.0	1329.0	male	nan	Spleen	nan	6	5
L15-MAA000880-3_11_M-1-1			3	L15.MAA000880.3_11_M.1.1-1-1	3_11_M	Thymus	False	1	False	L15.MAA000880.3_11_M.1.1-1-1	young_source_rule	L15.MAA000880.3_11_M.1.1-1-1-1	one_assay_suffix	3m	1	nan	thymocyte	CL:0002420	DN to DP transition (most are Cd8+/ Cd4+, some undergoing VDJ recombination)	facs	3_11_M	584982.0	2205.0	male	nan	Thymus	nan	21	23
L16-B000827-3_38_F-1-1			3	L16.B000827.3_38_F.1.1-1-1	3_38_F	Thymus	False	1	False	L16.B000827.3_38_F.1.1-1-1	young_source_rule	L16.B000827.3_38_F.1.1-1-1-1	one_assay_suffix	3m	1	nan	DN4 thymocyte	CL:0002420	DN4 thymocyte	facs	3_38_F	781930.0	2034.0	female	Flowthrough	Thymus	nan	6	5
L16-B003291-3_39_F-1-1			3	L16.B003291.3_39_F.1.1-1-1	3_39_F	Thymus	False	1	False	L16.B003291.3_39_F.1.1-1-1	young_source_rule	L16.B003291.3_39_F.1.1-1-1-1	one_assay_suffix	3m	1	nan	thymocyte	CL:0002420	DN to DP transition (most are Cd8+/ Cd4+, some undergoing VDJ recombination)	facs	3_39_F	1819164.0	2553.0	female	Flowthrough	Thymus	nan	21	23
L16-MAA000779-3_11_M-1-1			3	L16.MAA000779.3_11_M.1.1-1-1	3_11_M	Spleen	False	1	False	L16.MAA000779.3_11_M.1.1-1-1	young_source_rule	L16.MAA000779.3_11_M.1.1-1-1-1	one_assay_suffix	3m	1	nan	CD4-positive, alpha-beta T cell	CL:0000084	Cd3e T cell	facs	3_11_M	528027.0	1696.0	male	nan	Spleen	nan	4	21
L16-MAA000880-3_11_M-1-1			3	L16.MAA000880.3_11_M.1.1-1-1	3_11_M	Thymus	False	1	False	L16.MAA000880.3_11_M.1.1-1-1	young_source_rule	L16.MAA000880.3_11_M.1.1-1-1-1	one_assay_suffix	3m	1	nan	DN4 thymocyte	CL:0002420	DN4 thymocyte	facs	3_11_M	931519.0	1710.0	male	nan	Thymus	nan	6	5
L17-B000827-3_38_F-1-1			3	L17.B000827.3_38_F.1.1-1-1	3_38_F	Thymus	False	1	False	L17.B000827.3_38_F.1.1-1-1	young_source_rule	L17.B000827.3_38_F.1.1-1-1-1	one_assay_suffix	3m	1	nan	DN4 thymocyte	CL:0002420	DN4 thymocyte	facs	3_38_F	639026.0	2111.0	female	Flowthrough	Thymus	nan	6	5
L17-B003291-3_39_F-1-1			3	L17.B003291.3_39_F.1.1-1-1	3_39_F	Thymus	False	1	False	L17.B003291.3_39_F.1.1-1-1	young_source_rule	L17.B003291.3_39_F.1.1-1-1-1	one_assay_suffix	3m	1	nan	thymocyte	CL:0002420	DN to DP transition (most are Cd8+/ Cd4+, some undergoing VDJ recombination)	facs	3_39_F	1083459.0	1419.0	female	Flowthrough	Thymus	nan	21	23
L17-MAA000607-3_9_M-1-1			3	L17.MAA000607.3_9_M.1.1-1-1	3_9_M	Thymus	False	1	False	L17.MAA000607.3_9_M.1.1-1-1	young_source_rule	L17.MAA000607.3_9_M.1.1-1-1-1	one_assay_suffix	3m	1	nan	thymocyte	CL:0002420	DN to DP transition (most are Cd8+/ Cd4+, some undergoing VDJ recombination)	facs	3_9_M	381169.0	1597.0	male	nan	Thymus	nan	21	23
L17-MAA000880-3_11_M-1-1	2.0	3.0	3	L17.MAA000880.3_11_M.1.1-1-1	3_11_M	Thymus	True	3	True	L17.MAA000880.3_11_M.1.1-1-1	young_source_rule	L17.MAA000880.3_11_M.1.1-1-1-1	one_assay_suffix	3m	1	nan	thymocyte	CL:0002420	proliferating thymocyte; DN to DP transition, dividing (some are Cd8+/ Cd4+, some undergoing VDJ recombination)	facs	3_11_M	1013160.0	3383.0	male	nan	Thymus	nan	21	23
L18-B000827-3_38_F-1-1			3	L18.B000827.3_38_F.1.1-1-1	3_38_F	Thymus	False	1	False	L18.B000827.3_38_F.1.1-1-1	young_source_rule	L18.B000827.3_38_F.1.1-1-1-1	one_assay_suffix	3m	1	nan	DN4 thymocyte	CL:0002420	DN4 thymocyte	facs	3_38_F	389563.0	1633.0	female	Flowthrough	Thymus	nan	6	5
L18-B001750-3_38_F-1-1			3	L18.B001750.3_38_F.1.1-1-1	3_38_F	Spleen	False	1	False	L18.B001750.3_38_F.1.1-1-1	young_source_rule	L18.B001750.3_38_F.1.1-1-1-1	one_assay_suffix	3m	1	nan	CD8-positive, alpha-beta T cell	CL:0000084	Cd3e T cell	facs	3_38_F	1694168.0	2005.0	female	nan	Spleen	nan	6	5
L18-B003291-3_39_F-1-1			3	L18.B003291.3_39_F.1.1-1-1	3_39_F	Thymus	False	1	False	L18.B003291.3_39_F.1.1-1-1	young_source_rule	L18.B003291.3_39_F.1.1-1-1-1	one_assay_suffix	3m	1	nan	thymocyte	CL:0002420	DN to DP transition (most are Cd8+/ Cd4+, some undergoing VDJ recombination)	facs	3_39_F	1234277.0	1179.0	female	Flowthrough	Thymus	nan	21	23
L18-MAA000508-3_9_M-1-1			3	L18.MAA000508.3_9_M.1.1-1-1	3_9_M	Spleen	False	1	False	L18.MAA000508.3_9_M.1.1-1-1	young_source_rule	L18.MAA000508.3_9_M.1.1-1-1-1	one_assay_suffix	3m	1	nan	CD4-positive, alpha-beta T cell	CL:0000084	nan	facs	3_9_M	295955.0	2123.0	male	nan	Spleen	nan	4	21
L18-MAA000607-3_9_M-1-1			3	L18.MAA000607.3_9_M.1.1-1-1	3_9_M	Thymus	False	1	False	L18.MAA000607.3_9_M.1.1-1-1	young_source_rule	L18.MAA000607.3_9_M.1.1-1-1-1	one_assay_suffix	3m	1	nan	thymocyte	CL:0002420	proliferating thymocyte; DN to DP transition, dividing (some are Cd8+/ Cd4+, some undergoing VDJ recombination)	facs	3_9_M	2487452.0	6420.0	male	nan	Thymus	nan	21	23
L18-MAA000609-3_8_M-1-1			3	L18.MAA000609.3_8_M.1.1-1-1	3_8_M	Thymus	False	1	False	L18.MAA000609.3_8_M.1.1-1-1	young_source_rule	L18.MAA000609.3_8_M.1.1-1-1-1	one_assay_suffix	3m	1	nan	thymocyte	CL:0002420	DN to DP transition (most are Cd8+/ Cd4+, some undergoing VDJ recombination)	facs	3_8_M	95560.0	1333.0	male	nan	Thymus	nan	21	23
L18-MAA000880-3_11_M-1-1	2.0	3.0	3	L18.MAA000880.3_11_M.1.1-1-1	3_11_M	Thymus	True	3	True	L18.MAA000880.3_11_M.1.1-1-1	young_source_rule	L18.MAA000880.3_11_M.1.1-1-1-1	one_assay_suffix	3m	1	nan	thymocyte	CL:0002420	proliferating thymocyte; DN to DP transition, dividing (some are Cd8+/ Cd4+, some undergoing VDJ recombination)	facs	3_11_M	1375835.0	4718.0	male	nan	Thymus	nan	21	23
L18-MAA001888-3_39_F-1-1			3	L18.MAA001888.3_39_F.1.1-1-1	3_39_F	Marrow	False	1	False	L18.MAA001888.3_39_F.1.1-1-1	young_source_rule	L18.MAA001888.3_39_F.1.1-1-1-1	one_assay_suffix	3m	1	nan	NK cell	CL:0000914	NK cell	facs	3_39_F	302298.0	3172.0	female	T-cells	Marrow	nan	4	9
L19-B000827-3_38_F-1-1	29.0	2.0	3	L19.B000827.3_38_F.1.1-1-1	3_38_F	Thymus	True	2	True	L19.B000827.3_38_F.1.1-1-1	young_source_rule	L19.B000827.3_38_F.1.1-1-1-1	one_assay_suffix	3m	1	nan	DN4 thymocyte	CL:0002420	DN4 thymocyte	facs	3_38_F	1012686.0	2432.0	female	Flowthrough	Thymus	nan	6	5
L19-B003291-3_39_F-1-1			3	L19.B003291.3_39_F.1.1-1-1	3_39_F	Thymus	False	1	False	L19.B003291.3_39_F.1.1-1-1	young_source_rule	L19.B003291.3_39_F.1.1-1-1-1	one_assay_suffix	3m	1	nan	thymocyte	CL:0002420	DN to DP transition (most are Cd8+/ Cd4+, some undergoing VDJ recombination)	facs	3_39_F	1675560.0	1162.0	female	Flowthrough	Thymus	nan	21	23
L19-MAA000607-3_9_M-1-1			3	L19.MAA000607.3_9_M.1.1-1-1	3_9_M	Thymus	False	1	False	L19.MAA000607.3_9_M.1.1-1-1	young_source_rule	L19.MAA000607.3_9_M.1.1-1-1-1	one_assay_suffix	3m	1	nan	thymocyte	CL:0002420	proliferating thymocyte; DN to DP transition, dividing (some are Cd8+/ Cd4+, some undergoing VDJ recombination)	facs	3_9_M	1249042.0	4014.0	male	nan	Thymus	nan	21	23
L19-MAA000609-3_8_M-1-1			3	L19.MAA000609.3_8_M.1.1-1-1	3_8_M	Thymus	False	1	False	L19.MAA000609.3_8_M.1.1-1-1	young_source_rule	L19.MAA000609.3_8_M.1.1-1-1-1	one_assay_suffix	3m	1	nan	thymocyte	CL:0002420	DN to DP transition (most are Cd8+/ Cd4+, some undergoing VDJ recombination)	facs	3_8_M	102004.0	1230.0	male	nan	Thymus	nan	6	23
L19-MAA000844-3_10_M-1-1			3	L19.MAA000844.3_10_M.1.1-1-1	3_10_M	Marrow	False	1	False	L19.MAA000844.3_10_M.1.1-1-1	young_source_rule	L19.MAA000844.3_10_M.1.1-1-1-1	one_assay_suffix	3m	1	nan	mature alpha-beta T cell	CL:0000236	BM CD8 + CD4 T cell	facs	3_10_M	1015653.0	3780.0	male	T-cells	Marrow	nan	4	9
L19-MAA000880-3_11_M-1-1	22.0	2.0	3	L19.MAA000880.3_11_M.1.1-1-1	3_11_M	Thymus	True	2	True	L19.MAA000880.3_11_M.1.1-1-1	young_source_rule	L19.MAA000880.3_11_M.1.1-1-1-1	one_assay_suffix	3m	1	nan	DN4 thymocyte	CL:0002420	DN4 thymocyte	facs	3_11_M	557060.0	2510.0	male	nan	Thymus	nan	6	23
L2-B000827-3_38_F-1-1			3	L2.B000827.3_38_F.1.1-1-1	3_38_F	Thymus	False	1	False	L2.B000827.3_38_F.1.1-1-1	young_source_rule	L2.B000827.3_38_F.1.1-1-1-1	one_assay_suffix	3m	1	nan	DN4 thymocyte	CL:0002420	DN4 thymocyte	facs	3_38_F	498286.0	2050.0	female	Flowthrough	Thymus	nan	6	5
L2-B001750-3_38_F-1-1			3	L2.B001750.3_38_F.1.1-1-1	3_38_F	Spleen	False	1	False	L2.B001750.3_38_F.1.1-1-1	young_source_rule	L2.B001750.3_38_F.1.1-1-1-1	one_assay_suffix	3m	1	nan	CD8-positive, alpha-beta T cell	CL:0000084	Cd3e T cell	facs	3_38_F	312408.0	2062.0	female	nan	Spleen	nan	6	5
L2-B003291-3_39_F-1-1			3	L2.B003291.3_39_F.1.1-1-1	3_39_F	Thymus	False	1	False	L2.B003291.3_39_F.1.1-1-1	young_source_rule	L2.B003291.3_39_F.1.1-1-1-1	one_assay_suffix	3m	1	nan	thymocyte	CL:0002420	DN to DP transition (most are Cd8+/ Cd4+, some undergoing VDJ recombination)	facs	3_39_F	364868.0	1293.0	female	Flowthrough	Thymus	nan	21	23
L2-MAA000508-3_9_M-1-1			3	L2.MAA000508.3_9_M.1.1-1-1	3_9_M	Spleen	False	1	False	L2.MAA000508.3_9_M.1.1-1-1	young_source_rule	L2.MAA000508.3_9_M.1.1-1-1-1	one_assay_suffix	3m	1	nan	CD4-positive, alpha-beta T cell	CL:0000084	Cd3e T cell	facs	3_9_M	321334.0	1949.0	male	nan	Spleen	nan	6	5
L2-MAA000607-3_9_M-1-1			3	L2.MAA000607.3_9_M.1.1-1-1	3_9_M	Thymus	False	1	False	L2.MAA000607.3_9_M.1.1-1-1	young_source_rule	L2.MAA000607.3_9_M.1.1-1-1-1	one_assay_suffix	3m	1	nan	thymocyte	CL:0002420	DN to DP transition (most are Cd8+/ Cd4+, some undergoing VDJ recombination)	facs	3_9_M	158279.0	1596.0	male	nan	Thymus	nan	21	23
L2-MAA000844-3_10_M-1-1			3	L2.MAA000844.3_10_M.1.1-1-1	3_10_M	Marrow	False	1	False	L2.MAA000844.3_10_M.1.1-1-1	young_source_rule	L2.MAA000844.3_10_M.1.1-1-1-1	one_assay_suffix	3m	1	nan	mature alpha-beta T cell	CL:0002420	BM CD8 + CD4 T cell	facs	3_10_M	566800.0	2195.0	male	T-cells	Marrow	nan	4	9
L20-B000827-3_38_F-1-1			3	L20.B000827.3_38_F.1.1-1-1	3_38_F	Thymus	False	1	False	L20.B000827.3_38_F.1.1-1-1	young_source_rule	L20.B000827.3_38_F.1.1-1-1-1	one_assay_suffix	3m	1	nan	DN4 thymocyte	CL:0002420	DN4 thymocyte	facs	3_38_F	942874.0	2011.0	female	Flowthrough	Thymus	nan	6	5
L20-MAA000508-3_9_M-1-1			3	L20.MAA000508.3_9_M.1.1-1-1	3_9_M	Spleen	False	1	False	L20.MAA000508.3_9_M.1.1-1-1	young_source_rule	L20.MAA000508.3_9_M.1.1-1-1-1	one_assay_suffix	3m	1	nan	CD4-positive, alpha-beta T cell	CL:0000084	Cd3e T cell	facs	3_9_M	371981.0	2480.0	male	nan	Spleen	nan	4	21
L20-MAA000607-3_9_M-1-1			3	L20.MAA000607.3_9_M.1.1-1-1	3_9_M	Thymus	False	1	False	L20.MAA000607.3_9_M.1.1-1-1	young_source_rule	L20.MAA000607.3_9_M.1.1-1-1-1	one_assay_suffix	3m	1	nan	DN4 thymocyte	CL:0002420	DN4 thymocyte	facs	3_9_M	538695.0	2231.0	male	nan	Thymus	nan	6	5
L20-MAA000609-3_8_M-1-1			3	L20.MAA000609.3_8_M.1.1-1-1	3_8_M	Thymus	False	1	False	L20.MAA000609.3_8_M.1.1-1-1	young_source_rule	L20.MAA000609.3_8_M.1.1-1-1-1	one_assay_suffix	3m	1	nan	thymocyte	CL:0002420	DN to DP transition (most are Cd8+/ Cd4+, some undergoing VDJ recombination)	facs	3_8_M	103528.0	1337.0	male	nan	Thymus	nan	21	23
L20-MAA000880-3_11_M-1-1			3	L20.MAA000880.3_11_M.1.1-1-1	3_11_M	Thymus	False	1	False	L20.MAA000880.3_11_M.1.1-1-1	young_source_rule	L20.MAA000880.3_11_M.1.1-1-1-1	one_assay_suffix	3m	1	nan	thymocyte	CL:0002420	DN to DP transition (most are Cd8+/ Cd4+, some undergoing VDJ recombination)	facs	3_11_M	394316.0	1240.0	male	nan	Thymus	nan	21	23
L21-B000827-3_38_F-1-1			3	L21.B000827.3_38_F.1.1-1-1	3_38_F	Thymus	False	1	False	L21.B000827.3_38_F.1.1-1-1	young_source_rule	L21.B000827.3_38_F.1.1-1-1-1	one_assay_suffix	3m	1	nan	DN4 thymocyte	CL:0002420	DN4 thymocyte	facs	3_38_F	3161337.0	3502.0	female	Flowthrough	Thymus	nan	4	21
L21-B003291-3_39_F-1-1			3	L21.B003291.3_39_F.1.1-1-1	3_39_F	Thymus	False	1	False	L21.B003291.3_39_F.1.1-1-1	young_source_rule	L21.B003291.3_39_F.1.1-1-1-1	one_assay_suffix	3m	1	nan	thymocyte	CL:0002420	proliferating thymocyte; DN to DP transition, dividing (some are Cd8+/ Cd4+, some undergoing VDJ recombination)	facs	3_39_F	2232145.0	2447.0	female	Flowthrough	Thymus	nan	21	23
L21-MAA000530-3_8_M-1-1			3	L21.MAA000530.3_8_M.1.1-1-1	3_8_M	Lung	False	1	False	L21.MAA000530.3_8_M.1.1-1-1	young_source_rule	L21.MAA000530.3_8_M.1.1-1-1-1	one_assay_suffix	3m	1	nan	CD4-positive, alpha-beta T cell	CL:0000084	CD4+ T	facs	3_8_M	579842.0	1826.0	male	nan	Lung	nan	6	5
L21-MAA000577-3_8_M-1-1			3	L21.MAA000577.3_8_M.1.1-1-1	3_8_M	Pancreas	False	1	False	L21.MAA000577.3_8_M.1.1-1-1	young_source_rule	L21.MAA000577.3_8_M.1.1-1-1-1	one_assay_suffix	3m	1	nan	leukocyte	CL:0000738	nan	facs	3_8_M	2325003.0	2311.0	male	Endocrine	Pancreas	nan	4	9
L21-MAA000609-3_8_M-1-1			3	L21.MAA000609.3_8_M.1.1-1-1	3_8_M	Thymus	False	1	False	L21.MAA000609.3_8_M.1.1-1-1	young_source_rule	L21.MAA000609.3_8_M.1.1-1-1-1	one_assay_suffix	3m	1	nan	thymocyte	CL:0002420	DN to DP transition (most are Cd8+/ Cd4+, some undergoing VDJ recombination)	facs	3_8_M	280306.0	2184.0	male	nan	Thymus	nan	6	23
L21-MAA000801-3_11_M-1-1			3	L21.MAA000801.3_11_M.1.1-1-1	3_11_M	Kidney	False	1	False	L21.MAA000801.3_11_M.1.1-1-1	young_source_rule	L21.MAA000801.3_11_M.1.1-1-1-1	one_assay_suffix	3m	1	nan	T cell	CL:0000738	T cell	facs	3_11_M	617126.0	1868.0	male	nan	Kidney	nan	4	21
L21-MAA001892-3_38_F-1-1			3	L21.MAA001892.3_38_F.1.1-1-1	3_38_F	Lung	False	1	False	L21.MAA001892.3_38_F.1.1-1-1	young_source_rule	L21.MAA001892.3_38_F.1.1-1-1-1	one_assay_suffix	3m	1	nan	CD4-positive, alpha-beta T cell	CL:0000084	CD4+ T	facs	3_38_F	228362.0	1502.0	female	Endomucin	Lung	nan	6	5
L22-B000827-3_38_F-1-1			3	L22.B000827.3_38_F.1.1-1-1	3_38_F	Thymus	False	1	False	L22.B000827.3_38_F.1.1-1-1	young_source_rule	L22.B000827.3_38_F.1.1-1-1-1	one_assay_suffix	3m	1	nan	DN4 thymocyte	CL:0002420	DN4 thymocyte	facs	3_38_F	619917.0	2202.0	female	Flowthrough	Thymus	nan	6	5
L22-B003291-3_39_F-1-1			3	L22.B003291.3_39_F.1.1-1-1	3_39_F	Thymus	False	1	False	L22.B003291.3_39_F.1.1-1-1	young_source_rule	L22.B003291.3_39_F.1.1-1-1-1	one_assay_suffix	3m	1	nan	thymocyte	CL:0002420	DN to DP transition (most are Cd8+/ Cd4+, some undergoing VDJ recombination)	facs	3_39_F	1226210.0	970.0	female	Flowthrough	Thymus	nan	21	23
L22-MAA000607-3_9_M-1-1			3	L22.MAA000607.3_9_M.1.1-1-1	3_9_M	Thymus	False	1	False	L22.MAA000607.3_9_M.1.1-1-1	young_source_rule	L22.MAA000607.3_9_M.1.1-1-1-1	one_assay_suffix	3m	1	nan	DN4 thymocyte	CL:0002420	DN4 thymocyte	facs	3_9_M	320060.0	2161.0	male	nan	Thymus	nan	6	5
L22-MAA000880-3_11_M-1-1			3	L22.MAA000880.3_11_M.1.1-1-1	3_11_M	Thymus	False	1	False	L22.MAA000880.3_11_M.1.1-1-1	young_source_rule	L22.MAA000880.3_11_M.1.1-1-1-1	one_assay_suffix	3m	1	nan	DN4 thymocyte	CL:0002420	DN4 thymocyte	facs	3_11_M	317863.0	986.0	male	nan	Thymus	nan	6	5
L22-MAA001847-3_39_F-1-1			3	L22.MAA001847.3_39_F.1.1-1-1	3_39_F	Lung	False	1	False	L22.MAA001847.3_39_F.1.1-1-1	young_source_rule	L22.MAA001847.3_39_F.1.1-1-1-1	one_assay_suffix	3m	1	nan	CD4-positive, alpha-beta T cell	CL:0000084	CD4+ T	facs	3_39_F	114868.0	1462.0	female	EPCAM	Lung	nan	4	5
L3-B000827-3_38_F-1-1			3	L3.B000827.3_38_F.1.1-1-1	3_38_F	Thymus	False	1	False	L3.B000827.3_38_F.1.1-1-1	young_source_rule	L3.B000827.3_38_F.1.1-1-1-1	one_assay_suffix	3m	1	nan	DN4 thymocyte	CL:0000894	DN4 thymocyte	facs	3_38_F	631622.0	2088.0	female	Flowthrough	Thymus	nan	4	9
L3-B000971-3_39_F-1-1			3	L3.B000971.3_39_F.1.1-1-1	3_39_F	Spleen	False	1	False	L3.B000971.3_39_F.1.1-1-1	young_source_rule	L3.B000971.3_39_F.1.1-1-1-1	one_assay_suffix	3m	1	nan	CD4-positive, alpha-beta T cell	CL:0000084	Cd3e T cell	facs	3_39_F	759441.0	1899.0	female	nan	Spleen	nan	6	5
L3-B003291-3_39_F-1-1			3	L3.B003291.3_39_F.1.1-1-1	3_39_F	Thymus	False	1	False	L3.B003291.3_39_F.1.1-1-1	young_source_rule	L3.B003291.3_39_F.1.1-1-1-1	one_assay_suffix	3m	1	nan	thymocyte	CL:0002420	DN to DP transition (most are Cd8+/ Cd4+, some undergoing VDJ recombination)	facs	3_39_F	238959.0	1694.0	female	Flowthrough	Thymus	nan	21	23
L3-MAA000884-3_10_M-1-1			3	L3.MAA000884.3_10_M.1.1-1-1	3_10_M	Pancreas	False	1	False	L3.MAA000884.3_10_M.1.1-1-1	young_source_rule	L3.MAA000884.3_10_M.1.1-1-1-1	one_assay_suffix	3m	1	nan	pancreatic B cell	CL:0000169	nan	facs	3_10_M	654132.0	6200.0	male	Endocrine	Pancreas	nan	14	16
L3-MAA001865-3_38_F-1-1			3	L3.MAA001865.3_38_F.1.1-1-1	3_38_F	Trachea	False	1	False	L3.MAA001865.3_38_F.1.1-1-1	young_source_rule	L3.MAA001865.3_38_F.1.1-1-1-1	one_assay_suffix	3m	1	nan	T cell	CL:0000081	nan	facs	3_38_F	172262.0	2247.0	female	nan	Trachea	nan	21	23
L4-B000827-3_38_F-1-1			3	L4.B000827.3_38_F.1.1-1-1	3_38_F	Thymus	False	1	False	L4.B000827.3_38_F.1.1-1-1	young_source_rule	L4.B000827.3_38_F.1.1-1-1-1	one_assay_suffix	3m	1	nan	DN4 thymocyte	CL:0002420	DN4 thymocyte	facs	3_38_F	352583.0	1836.0	female	Flowthrough	Thymus	nan	6	5
L4-B003285-3_38_F-1-1			3	L4.B003285.3_38_F.1.1-1-1	3_38_F	Thymus	False	1	False	L4.B003285.3_38_F.1.1-1-1	young_source_rule	L4.B003285.3_38_F.1.1-1-1-1	one_assay_suffix	3m	1	nan	thymocyte	CL:0002420	DN to DP transition (most are Cd8+/ Cd4+, some undergoing VDJ recombination)	facs	3_38_F	444432.0	1433.0	female	Epithelium	Thymus	nan	21	23
L4-B003291-3_39_F-1-1			3	L4.B003291.3_39_F.1.1-1-1	3_39_F	Thymus	False	1	False	L4.B003291.3_39_F.1.1-1-1	young_source_rule	L4.B003291.3_39_F.1.1-1-1-1	one_assay_suffix	3m	1	nan	thymocyte	CL:0002420	DN to DP transition (most are Cd8+/ Cd4+, some undergoing VDJ recombination)	facs	3_39_F	959725.0	1464.0	female	Flowthrough	Thymus	nan	21	23
L4-MAA000607-3_9_M-1-1			3	L4.MAA000607.3_9_M.1.1-1-1	3_9_M	Thymus	False	1	False	L4.MAA000607.3_9_M.1.1-1-1	young_source_rule	L4.MAA000607.3_9_M.1.1-1-1-1	one_assay_suffix	3m	1	nan	thymocyte	CL:0002420	DN to DP transition (most are Cd8+/ Cd4+, some undergoing VDJ recombination)	facs	3_9_M	275941.0	1418.0	male	nan	Thymus	nan	21	23
L4-MAA001865-3_38_F-1-1			3	L4.MAA001865.3_38_F.1.1-1-1	3_38_F	Trachea	False	1	False	L4.MAA001865.3_38_F.1.1-1-1	young_source_rule	L4.MAA001865.3_38_F.1.1-1-1-1	one_assay_suffix	3m	1	nan	T cell	CL:0000081	nan	facs	3_38_F	536220.0	4039.0	female	nan	Trachea	nan	21	23
L5-B000827-3_38_F-1-1			3	L5.B000827.3_38_F.1.1-1-1	3_38_F	Thymus	False	1	False	L5.B000827.3_38_F.1.1-1-1	young_source_rule	L5.B000827.3_38_F.1.1-1-1-1	one_assay_suffix	3m	1	nan	DN4 thymocyte	CL:0002420	DN4 thymocyte	facs	3_38_F	298202.0	1643.0	female	Flowthrough	Thymus	nan	6	5
L5-B002762-3_39_F-1-1			3	L5.B002762.3_39_F.1.1-1-1	3_39_F	Diaphragm	False	1	False	L5.B002762.3_39_F.1.1-1-1	young_source_rule	L5.B002762.3_39_F.1.1-1-1-1	one_assay_suffix	3m	1	nan	mesenchymal stem cell	CL:0000134	nan	facs	3_39_F	224959.0	3555.0	female	Limb_Muscle	Diaphragm	nan	1	1
L5-B003291-3_39_F-1-1			3	L5.B003291.3_39_F.1.1-1-1	3_39_F	Thymus	False	1	False	L5.B003291.3_39_F.1.1-1-1	young_source_rule	L5.B003291.3_39_F.1.1-1-1-1	one_assay_suffix	3m	1	nan	thymocyte	CL:0002420	DN to DP transition (most are Cd8+/ Cd4+, some undergoing VDJ recombination)	facs	3_39_F	848881.0	1867.0	female	Flowthrough	Thymus	nan	21	23
L5-MAA000508-3_9_M-1-1			3	L5.MAA000508.3_9_M.1.1-1-1	3_9_M	Spleen	False	1	False	L5.MAA000508.3_9_M.1.1-1-1	young_source_rule	L5.MAA000508.3_9_M.1.1-1-1-1	one_assay_suffix	3m	1	nan	CD8-positive, alpha-beta T cell	CL:0000084	Cd3e T cell	facs	3_9_M	383749.0	2441.0	male	nan	Spleen	nan	6	5
L5-MAA000607-3_9_M-1-1			3	L5.MAA000607.3_9_M.1.1-1-1	3_9_M	Thymus	False	1	False	L5.MAA000607.3_9_M.1.1-1-1	young_source_rule	L5.MAA000607.3_9_M.1.1-1-1-1	one_assay_suffix	3m	1	nan	thymocyte	CL:0002420	DN to DP transition (most are Cd8+/ Cd4+, some undergoing VDJ recombination)	facs	3_9_M	280608.0	1623.0	male	nan	Thymus	nan	21	23
L6-B000827-3_38_F-1-1	17.0	2.0	3	L6.B000827.3_38_F.1.1-1-1	3_38_F	Thymus	True	1	False	L6.B000827.3_38_F.1.1-1-1	young_source_rule	L6.B000827.3_38_F.1.1-1-1-1	one_assay_suffix	3m	1	nan	DN4 thymocyte	CL:0002420	DN4 thymocyte	facs	3_38_F	514051.0	2018.0	female	Flowthrough	Thymus	nan	6	5
L6-B001750-3_38_F-1-1			3	L6.B001750.3_38_F.1.1-1-1	3_38_F	Spleen	False	1	False	L6.B001750.3_38_F.1.1-1-1	young_source_rule	L6.B001750.3_38_F.1.1-1-1-1	one_assay_suffix	3m	1	nan	CD4-positive, alpha-beta T cell	CL:0000084	Cd3e T cell	facs	3_38_F	316106.0	1925.0	female	nan	Spleen	nan	4	5
L6-B003291-3_39_F-1-1			3	L6.B003291.3_39_F.1.1-1-1	3_39_F	Thymus	False	1	False	L6.B003291.3_39_F.1.1-1-1	young_source_rule	L6.B003291.3_39_F.1.1-1-1-1	one_assay_suffix	3m	1	nan	thymocyte	CL:0002420	DN to DP transition (most are Cd8+/ Cd4+, some undergoing VDJ recombination)	facs	3_39_F	1158400.0	2104.0	female	Flowthrough	Thymus	nan	21	23
L6-MAA000607-3_9_M-1-1			3	L6.MAA000607.3_9_M.1.1-1-1	3_9_M	Thymus	False	1	False	L6.MAA000607.3_9_M.1.1-1-1	young_source_rule	L6.MAA000607.3_9_M.1.1-1-1-1	one_assay_suffix	3m	1	nan	thymocyte	CL:0002420	DN to DP transition (most are Cd8+/ Cd4+, some undergoing VDJ recombination)	facs	3_9_M	404245.0	2202.0	male	nan	Thymus	nan	21	23
L6-MAA000880-3_11_M-1-1			3	L6.MAA000880.3_11_M.1.1-1-1	3_11_M	Thymus	False	1	False	L6.MAA000880.3_11_M.1.1-1-1	young_source_rule	L6.MAA000880.3_11_M.1.1-1-1-1	one_assay_suffix	3m	1	nan	DN4 thymocyte	CL:0002420	DN4 thymocyte	facs	3_11_M	1766587.0	2155.0	male	nan	Thymus	nan	6	5
L6-MAA001889-3_38_F-1-1			3	L6.MAA001889.3_38_F.1.1-1-1	3_38_F	Lung	False	1	False	L6.MAA001889.3_38_F.1.1-1-1	young_source_rule	L6.MAA001889.3_38_F.1.1-1-1-1	one_assay_suffix	3m	1	nan	CD4-positive, alpha-beta T cell	CL:0000084	CD4+ T	facs	3_38_F	941287.0	1677.0	female	EPCAM	Lung	nan	6	5
L7-B000827-3_38_F-1-1			3	L7.B000827.3_38_F.1.1-1-1	3_38_F	Thymus	False	1	False	L7.B000827.3_38_F.1.1-1-1	young_source_rule	L7.B000827.3_38_F.1.1-1-1-1	one_assay_suffix	3m	1	nan	DN4 thymocyte	CL:0002420	DN4 thymocyte	facs	3_38_F	866067.0	2314.0	female	Flowthrough	Thymus	nan	6	5
L7-B001750-3_38_F-1-1			3	L7.B001750.3_38_F.1.1-1-1	3_38_F	Spleen	False	1	False	L7.B001750.3_38_F.1.1-1-1	young_source_rule	L7.B001750.3_38_F.1.1-1-1-1	one_assay_suffix	3m	1	nan	CD8-positive, alpha-beta T cell	CL:0000084	nan	facs	3_38_F	1046028.0	3180.0	female	nan	Spleen	nan	4	9
L7-B003291-3_39_F-1-1			3	L7.B003291.3_39_F.1.1-1-1	3_39_F	Thymus	False	1	False	L7.B003291.3_39_F.1.1-1-1	young_source_rule	L7.B003291.3_39_F.1.1-1-1-1	one_assay_suffix	3m	1	nan	thymocyte	CL:0002420	DN to DP transition (most are Cd8+/ Cd4+, some undergoing VDJ recombination)	facs	3_39_F	993229.0	1467.0	female	Flowthrough	Thymus	nan	21	23
L7-MAA000607-3_9_M-1-1			3	L7.MAA000607.3_9_M.1.1-1-1	3_9_M	Thymus	False	1	False	L7.MAA000607.3_9_M.1.1-1-1	young_source_rule	L7.MAA000607.3_9_M.1.1-1-1-1	one_assay_suffix	3m	1	nan	DN4 thymocyte	CL:0002420	DN4 thymocyte	facs	3_9_M	287474.0	1597.0	male	nan	Thymus	nan	6	23
L7-MAA000609-3_8_M-1-1			3	L7.MAA000609.3_8_M.1.1-1-1	3_8_M	Thymus	False	1	False	L7.MAA000609.3_8_M.1.1-1-1	young_source_rule	L7.MAA000609.3_8_M.1.1-1-1-1	one_assay_suffix	3m	1	nan	thymocyte	CL:0002420	proliferating thymocyte; DN to DP transition, dividing (some are Cd8+/ Cd4+, some undergoing VDJ recombination)	facs	3_8_M	1072265.0	3007.0	male	nan	Thymus	nan	21	23
L8-B000827-3_38_F-1-1			3	L8.B000827.3_38_F.1.1-1-1	3_38_F	Thymus	False	1	False	L8.B000827.3_38_F.1.1-1-1	young_source_rule	L8.B000827.3_38_F.1.1-1-1-1	one_assay_suffix	3m	1	nan	DN4 thymocyte	CL:0002420	DN4 thymocyte	facs	3_38_F	660975.0	2124.0	female	Flowthrough	Thymus	nan	6	5
L8-B001750-3_38_F-1-1			3	L8.B001750.3_38_F.1.1-1-1	3_38_F	Spleen	False	1	False	L8.B001750.3_38_F.1.1-1-1	young_source_rule	L8.B001750.3_38_F.1.1-1-1-1	one_assay_suffix	3m	1	nan	CD8-positive, alpha-beta T cell	CL:0000084	nan	facs	3_38_F	1108255.0	2496.0	female	nan	Spleen	nan	4	9
L8-B003285-3_38_F-1-1			3	L8.B003285.3_38_F.1.1-1-1	3_38_F	Thymus	False	1	False	L8.B003285.3_38_F.1.1-1-1	young_source_rule	L8.B003285.3_38_F.1.1-1-1-1	one_assay_suffix	3m	1	nan	thymocyte	CL:0002420	DN to DP transition (most are Cd8+/ Cd4+, some undergoing VDJ recombination)	facs	3_38_F	782057.0	1798.0	female	Epithelium	Thymus	nan	21	23
L8-B003291-3_39_F-1-1			3	L8.B003291.3_39_F.1.1-1-1	3_39_F	Thymus	False	1	False	L8.B003291.3_39_F.1.1-1-1	young_source_rule	L8.B003291.3_39_F.1.1-1-1-1	one_assay_suffix	3m	1	nan	thymocyte	CL:0002420	DN to DP transition (most are Cd8+/ Cd4+, some undergoing VDJ recombination)	facs	3_39_F	974732.0	1753.0	female	Flowthrough	Thymus	nan	6	23
L8-MAA000556-3_9_M-1-1			3	L8.MAA000556.3_9_M.1.1-1-1	3_9_M	BAT	False	1	False	L8.MAA000556.3_9_M.1.1-1-1	young_source_rule	L8.MAA000556.3_9_M.1.1-1-1-1	one_assay_suffix	3m	1	nan	T cell	CL:0000084	nan	facs	3_9_M	368800.0	1766.0	male	Fat	BAT	nan	6	5
L8-MAA000607-3_9_M-1-1			3	L8.MAA000607.3_9_M.1.1-1-1	3_9_M	Thymus	False	1	False	L8.MAA000607.3_9_M.1.1-1-1	young_source_rule	L8.MAA000607.3_9_M.1.1-1-1-1	one_assay_suffix	3m	1	nan	thymocyte	CL:0002420	proliferating thymocyte; DN to DP transition, dividing (some are Cd8+/ Cd4+, some undergoing VDJ recombination)	facs	3_9_M	1290417.0	3753.0	male	nan	Thymus	nan	21	23
L8-MAA000609-3_8_M-1-1			3	L8.MAA000609.3_8_M.1.1-1-1	3_8_M	Thymus	False	1	False	L8.MAA000609.3_8_M.1.1-1-1	young_source_rule	L8.MAA000609.3_8_M.1.1-1-1-1	one_assay_suffix	3m	1	nan	thymocyte	CL:0002420	DN to DP transition (most are Cd8+/ Cd4+, some undergoing VDJ recombination)	facs	3_8_M	289398.0	1443.0	male	nan	Thymus	nan	21	23
L8-MAA000880-3_11_M-1-1			3	L8.MAA000880.3_11_M.1.1-1-1	3_11_M	Thymus	False	1	False	L8.MAA000880.3_11_M.1.1-1-1	young_source_rule	L8.MAA000880.3_11_M.1.1-1-1-1	one_assay_suffix	3m	1	nan	DN4 thymocyte	CL:0002420	DN4 thymocyte	facs	3_11_M	640670.0	1226.0	male	nan	Thymus	nan	6	5
L9-B000127-3_38_F-1-1			3	L9.B000127.3_38_F.1.1-1-1	3_38_F	SCAT	False	1	False	L9.B000127.3_38_F.1.1-1-1	young_source_rule	L9.B000127.3_38_F.1.1-1-1-1	one_assay_suffix	3m	1	nan	T cell	CL:0000084	nan	facs	3_38_F	539686.0	1161.0	female	Fat	SCAT	nan	6	5
L9-B000827-3_38_F-1-1			3	L9.B000827.3_38_F.1.1-1-1	3_38_F	Thymus	False	1	False	L9.B000827.3_38_F.1.1-1-1	young_source_rule	L9.B000827.3_38_F.1.1-1-1-1	one_assay_suffix	3m	1	nan	DN4 thymocyte	CL:0002420	DN4 thymocyte	facs	3_38_F	405444.0	1947.0	female	Flowthrough	Thymus	nan	6	5
L9-B000971-3_39_F-1-1			3	L9.B000971.3_39_F.1.1-1-1	3_39_F	Spleen	False	1	False	L9.B000971.3_39_F.1.1-1-1	young_source_rule	L9.B000971.3_39_F.1.1-1-1-1	one_assay_suffix	3m	1	nan	CD4-positive, alpha-beta T cell	CL:0000084	Cd3e T cell	facs	3_39_F	516802.0	1678.0	female	nan	Spleen	nan	6	5
L9-D043526-3_39_F-1-1			3	L9.D043526.3_39_F.1.1-1-1	3_39_F	SCAT	False	1	False	L9.D043526.3_39_F.1.1-1-1	young_source_rule	L9.D043526.3_39_F.1.1-1-1-1	one_assay_suffix	3m	1	nan	T cell	CL:0000084	nan	facs	3_39_F	485392.0	1920.0	female	Fat	SCAT	nan	6	5
L9-MAA000442-3_11_M-1-1			3	L9.MAA000442.3_11_M.1.1-1-1	3_11_M	BAT	False	1	False	L9.MAA000442.3_11_M.1.1-1-1	young_source_rule	L9.MAA000442.3_11_M.1.1-1-1-1	one_assay_suffix	3m	1	nan	T cell	CL:0000084	nan	facs	3_11_M	1010351.0	2559.0	male	Fat	BAT	nan	6	5
L9-MAA000607-3_9_M-1-1			3	L9.MAA000607.3_9_M.1.1-1-1	3_9_M	Thymus	False	1	False	L9.MAA000607.3_9_M.1.1-1-1	young_source_rule	L9.MAA000607.3_9_M.1.1-1-1-1	one_assay_suffix	3m	1	nan	thymocyte	CL:0002420	DN to DP transition (most are Cd8+/ Cd4+, some undergoing VDJ recombination)	facs	3_9_M	322486.0	1517.0	male	nan	Thymus	nan	21	23
L9-MAA000609-3_8_M-1-1			3	L9.MAA000609.3_8_M.1.1-1-1	3_8_M	Thymus	False	1	False	L9.MAA000609.3_8_M.1.1-1-1	young_source_rule	L9.MAA000609.3_8_M.1.1-1-1-1	one_assay_suffix	3m	1	nan	thymocyte	CL:0002420	DN to DP transition (most are Cd8+/ Cd4+, some undergoing VDJ recombination)	facs	3_8_M	190068.0	1313.0	male	nan	Thymus	nan	21	23
L9-MAA000877-3_11_M-1-1			3	L9.MAA000877.3_11_M.1.1-1-1	3_11_M	MAT	False	1	False	L9.MAA000877.3_11_M.1.1-1-1	young_source_rule	L9.MAA000877.3_11_M.1.1-1-1-1	one_assay_suffix	3m	1	nan	CD4-positive, alpha-beta T cell	CL:0000084	nan	facs	3_11_M	363046.0	1634.0	male	Fat	MAT	nan	6	5
L9-MAA000880-3_11_M-1-1			3	L9.MAA000880.3_11_M.1.1-1-1	3_11_M	Thymus	False	1	False	L9.MAA000880.3_11_M.1.1-1-1	young_source_rule	L9.MAA000880.3_11_M.1.1-1-1-1	one_assay_suffix	3m	1	nan	DN4 thymocyte	CL:0002420	DN4 thymocyte	facs	3_11_M	785575.0	1325.0	male	nan	Thymus	nan	6	5
L9-MAA001844-3_38_F-1-1			3	L9.MAA001844.3_38_F.1.1-1-1	3_38_F	Marrow	False	1	False	L9.MAA001844.3_38_F.1.1-1-1	young_source_rule	L9.MAA001844.3_38_F.1.1-1-1-1	one_assay_suffix	3m	1	nan	mature alpha-beta T cell	CL:0000815	BM CD8 + CD4 T cell	facs	3_38_F	956124.0	3236.0	female	KLS	Marrow	nan	16	9
M1-B000827-3_38_F-1-1			3	M1.B000827.3_38_F.1.1-1-1	3_38_F	Thymus	False	1	False	M1.B000827.3_38_F.1.1-1-1	young_source_rule	M1.B000827.3_38_F.1.1-1-1-1	one_assay_suffix	3m	1	nan	DN4 thymocyte	CL:0002420	DN4 thymocyte	facs	3_38_F	886131.0	2356.0	female	Flowthrough	Thymus	nan	6	5
M1-B000971-3_39_F-1-1			3	M1.B000971.3_39_F.1.1-1-1	3_39_F	Spleen	False	1	False	M1.B000971.3_39_F.1.1-1-1	young_source_rule	M1.B000971.3_39_F.1.1-1-1-1	one_assay_suffix	3m	1	nan	CD4-positive, alpha-beta T cell	CL:0000084	Cd3e T cell	facs	3_39_F	748142.0	1792.0	female	nan	Spleen	nan	6	5
M1-B003291-3_39_F-1-1			3	M1.B003291.3_39_F.1.1-1-1	3_39_F	Thymus	False	1	False	M1.B003291.3_39_F.1.1-1-1	young_source_rule	M1.B003291.3_39_F.1.1-1-1-1	one_assay_suffix	3m	1	nan	thymocyte	CL:0002420	DN to DP transition (most are Cd8+/ Cd4+, some undergoing VDJ recombination)	facs	3_39_F	717817.0	1279.0	female	Flowthrough	Thymus	nan	21	23
M1-MAA000607-3_9_M-1-1			3	M1.MAA000607.3_9_M.1.1-1-1	3_9_M	Thymus	False	1	False	M1.MAA000607.3_9_M.1.1-1-1	young_source_rule	M1.MAA000607.3_9_M.1.1-1-1-1	one_assay_suffix	3m	1	nan	thymocyte	CL:0002420	DN to DP transition (most are Cd8+/ Cd4+, some undergoing VDJ recombination)	facs	3_9_M	364548.0	1503.0	male	nan	Thymus	nan	21	23
M1-MAA000844-3_10_M-1-1			3	M1.MAA000844.3_10_M.1.1-1-1	3_10_M	Marrow	False	1	False	M1.MAA000844.3_10_M.1.1-1-1	young_source_rule	M1.MAA000844.3_10_M.1.1-1-1-1	one_assay_suffix	3m	1	nan	granulocyte monocyte progenitor cell	CL:0000557	granulocyte monocyte progenitor cell	facs	3_10_M	2114081.0	6739.0	male	T-cells	Marrow	nan	16	26
M1-MAA001847-3_39_F-1-1			3	M1.MAA001847.3_39_F.1.1-1-1	3_39_F	Lung	False	1	False	M1.MAA001847.3_39_F.1.1-1-1	young_source_rule	M1.MAA001847.3_39_F.1.1-1-1-1	one_assay_suffix	3m	1	nan	CD8-positive, alpha-beta T cell	CL:0000084	CD8+ T	facs	3_39_F	144863.0	2108.0	female	EPCAM	Lung	nan	4	9
M1-MAA001889-3_38_F-1-1	9.0	2.0	3	M1.MAA001889.3_38_F.1.1-1-1	3_38_F	Lung	True	2	True	M1.MAA001889.3_38_F.1.1-1-1	young_source_rule		unmatched																
M10-B000127-3_38_F-1-1			3	M10.B000127.3_38_F.1.1-1-1	3_38_F	SCAT	False	1	False	M10.B000127.3_38_F.1.1-1-1	young_source_rule	M10.B000127.3_38_F.1.1-1-1-1	one_assay_suffix	3m	1	nan	NK cell	CL:0000084	nan	facs	3_38_F	581893.0	1181.0	female	Fat	SCAT	nan	4	21
M10-B000827-3_38_F-1-1			3	M10.B000827.3_38_F.1.1-1-1	3_38_F	Thymus	False	1	False	M10.B000827.3_38_F.1.1-1-1	young_source_rule	M10.B000827.3_38_F.1.1-1-1-1	one_assay_suffix	3m	1	nan	DN4 thymocyte	CL:0002420	DN4 thymocyte	facs	3_38_F	1154862.0	3418.0	female	Flowthrough	Thymus	nan	6	5
M10-B003291-3_39_F-1-1			3	M10.B003291.3_39_F.1.1-1-1	3_39_F	Thymus	False	1	False	M10.B003291.3_39_F.1.1-1-1	young_source_rule	M10.B003291.3_39_F.1.1-1-1-1	one_assay_suffix	3m	1	nan	thymocyte	CL:0002420	DN to DP transition (most are Cd8+/ Cd4+, some undergoing VDJ recombination)	facs	3_39_F	1634528.0	2054.0	female	Flowthrough	Thymus	nan	21	23
M10-D043526-3_39_F-1-1			3	M10.D043526.3_39_F.1.1-1-1	3_39_F	SCAT	False	1	False	M10.D043526.3_39_F.1.1-1-1	young_source_rule	M10.D043526.3_39_F.1.1-1-1-1	one_assay_suffix	3m	1	nan	CD8-positive, alpha-beta T cell	CL:0000084	nan	facs	3_39_F	480042.0	2191.0	female	Fat	SCAT	nan	6	5
M10-D045064-3_38_F-1-1			3	M10.D045064.3_38_F.1.1-1-1	3_38_F	MAT	False	1	False	M10.D045064.3_38_F.1.1-1-1	young_source_rule	M10.D045064.3_38_F.1.1-1-1-1	one_assay_suffix	3m	1	nan	CD4-positive, alpha-beta T cell	CL:0000084	nan	facs	3_38_F	362750.0	1063.0	female	Fat	MAT	nan	6	5
M10-MAA000442-3_11_M-1-1			3	M10.MAA000442.3_11_M.1.1-1-1	3_11_M	BAT	False	1	False	M10.MAA000442.3_11_M.1.1-1-1	young_source_rule	M10.MAA000442.3_11_M.1.1-1-1-1	one_assay_suffix	3m	1	nan	T cell	CL:0000084	nan	facs	3_11_M	419963.0	1681.0	male	Fat	BAT	nan	6	5
M10-MAA000607-3_9_M-1-1			3	M10.MAA000607.3_9_M.1.1-1-1	3_9_M	Thymus	False	1	False	M10.MAA000607.3_9_M.1.1-1-1	young_source_rule	M10.MAA000607.3_9_M.1.1-1-1-1	one_assay_suffix	3m	1	nan	thymocyte	CL:0002420	proliferating thymocyte; DN to DP transition, dividing (some are Cd8+/ Cd4+, some undergoing VDJ recombination)	facs	3_9_M	1483060.0	4305.0	male	nan	Thymus	nan	21	23
M10-MAA000609-3_8_M-1-1			3	M10.MAA000609.3_8_M.1.1-1-1	3_8_M	Thymus	False	1	False	M10.MAA000609.3_8_M.1.1-1-1	young_source_rule	M10.MAA000609.3_8_M.1.1-1-1-1	one_assay_suffix	3m	1	nan	thymocyte	CL:0002420	DN to DP transition (most are Cd8+/ Cd4+, some undergoing VDJ recombination)	facs	3_8_M	323717.0	2359.0	male	nan	Thymus	nan	21	23
M10-MAA000880-3_11_M-1-1			3	M10.MAA000880.3_11_M.1.1-1-1	3_11_M	Thymus	False	1	False	M10.MAA000880.3_11_M.1.1-1-1	young_source_rule	M10.MAA000880.3_11_M.1.1-1-1-1	one_assay_suffix	3m	1	nan	thymocyte	CL:0002420	DN to DP transition (most are Cd8+/ Cd4+, some undergoing VDJ recombination)	facs	3_11_M	751763.0	1913.0	male	nan	Thymus	nan	21	23
M10-MAA000934-3_9_M-1-1			3	M10.MAA000934.3_9_M.1.1-1-1	3_9_M	SCAT	False	1	False	M10.MAA000934.3_9_M.1.1-1-1	young_source_rule	M10.MAA000934.3_9_M.1.1-1-1-1	one_assay_suffix	3m	1	nan	NK cell	CL:0000084	nan	facs	3_9_M	137356.0	1832.0	male	Fat	SCAT	nan	4	21
M10-MAA001888-3_39_F-1-1			3	M10.MAA001888.3_39_F.1.1-1-1	3_39_F	Marrow	False	1	False	M10.MAA001888.3_39_F.1.1-1-1	young_source_rule	M10.MAA001888.3_39_F.1.1-1-1-1	one_assay_suffix	3m	1	nan	NK cell	CL:0000914	NK cell	facs	3_39_F	240972.0	2507.0	female	T-cells	Marrow	nan	4	9
M10-MAA001889-3_38_F-1-1			3	M10.MAA001889.3_38_F.1.1-1-1	3_38_F	Lung	False	1	False	M10.MAA001889.3_38_F.1.1-1-1	young_source_rule	M10.MAA001889.3_38_F.1.1-1-1-1	one_assay_suffix	3m	1	nan	CD4-positive, alpha-beta T cell	CL:0000084	CD4+ T	facs	3_38_F	746173.0	1416.0	female	EPCAM	Lung	nan	4	21
M11-B000827-3_38_F-1-1			3	M11.B000827.3_38_F.1.1-1-1	3_38_F	Thymus	False	1	False	M11.B000827.3_38_F.1.1-1-1	young_source_rule	M11.B000827.3_38_F.1.1-1-1-1	one_assay_suffix	3m	1	nan	thymocyte	CL:0002420	proliferating thymocyte; DN to DP transition, dividing (some are Cd8+/ Cd4+, some undergoing VDJ recombination)	facs	3_38_F	889843.0	2785.0	female	Flowthrough	Thymus	nan	6	5
M11-B000971-3_39_F-1-1			3	M11.B000971.3_39_F.1.1-1-1	3_39_F	Spleen	False	1	False	M11.B000971.3_39_F.1.1-1-1	young_source_rule	M11.B000971.3_39_F.1.1-1-1-1	one_assay_suffix	3m	1	nan	CD8-positive, alpha-beta T cell	CL:0000084	nan	facs	3_39_F	682107.0	2237.0	female	nan	Spleen	nan	4	9
M11-B001750-3_38_F-1-1			3	M11.B001750.3_38_F.1.1-1-1	3_38_F	Spleen	False	1	False	M11.B001750.3_38_F.1.1-1-1	young_source_rule	M11.B001750.3_38_F.1.1-1-1-1	one_assay_suffix	3m	1	nan	CD8-positive, alpha-beta T cell	CL:0000084	Cd3e T cell	facs	3_38_F	214184.0	1369.0	female	nan	Spleen	nan	6	5
M11-B002314-3_56_F-1-1			3	M11.B002314.3_56_F.1.1-1-1	3_56_F	MAT	False	1	False	M11.B002314.3_56_F.1.1-1-1	young_source_rule	M11.B002314.3_56_F.1.1-1-1-1	one_assay_suffix	3m	1	nan	CD4-positive, alpha-beta T cell	CL:0000084	nan	facs	3_56_F	856804.0	1643.0	female	Fat	MAT	nan	6	5
M11-B002707-3_39_F-1-1			3	M11.B002707.3_39_F.1.1-1-1	3_39_F	BAT	False	1	False	M11.B002707.3_39_F.1.1-1-1	young_source_rule	M11.B002707.3_39_F.1.1-1-1-1	one_assay_suffix	3m	1	nan	T cell	CL:0000084	nan	facs	3_39_F	134908.0	1647.0	female	Fat	BAT	nan	4	9
M11-B003291-3_39_F-1-1			3	M11.B003291.3_39_F.1.1-1-1	3_39_F	Thymus	False	1	False	M11.B003291.3_39_F.1.1-1-1	young_source_rule	M11.B003291.3_39_F.1.1-1-1-1	one_assay_suffix	3m	1	nan	thymocyte	CL:0002420	DN to DP transition (most are Cd8+/ Cd4+, some undergoing VDJ recombination)	facs	3_39_F	988844.0	1781.0	female	Flowthrough	Thymus	nan	21	23
M11-MAA000385-3_10_M-1-1			3	M11.MAA000385.3_10_M.1.1-1-1	3_10_M	SCAT	False	1	False	M11.MAA000385.3_10_M.1.1-1-1	young_source_rule	M11.MAA000385.3_10_M.1.1-1-1-1	one_assay_suffix	3m	1	nan	T cell	CL:0000084	nan	facs	3_10_M	585931.0	3630.0	male	Fat	SCAT	nan	4	48
M11-MAA000607-3_9_M-1-1			3	M11.MAA000607.3_9_M.1.1-1-1	3_9_M	Thymus	False	1	False	M11.MAA000607.3_9_M.1.1-1-1	young_source_rule	M11.MAA000607.3_9_M.1.1-1-1-1	one_assay_suffix	3m	1	nan	thymocyte	CL:0002420	proliferating thymocyte; DN to DP transition, dividing (some are Cd8+/ Cd4+, some undergoing VDJ recombination)	facs	3_9_M	1108526.0	3950.0	male	nan	Thymus	nan	21	23
M11-MAA000609-3_8_M-1-1			3	M11.MAA000609.3_8_M.1.1-1-1	3_8_M	Thymus	False	1	False	M11.MAA000609.3_8_M.1.1-1-1	young_source_rule	M11.MAA000609.3_8_M.1.1-1-1-1	one_assay_suffix	3m	1	nan	thymocyte	CL:0002420	DN to DP transition (most are Cd8+/ Cd4+, some undergoing VDJ recombination)	facs	3_8_M	132798.0	1434.0	male	nan	Thymus	nan	21	23
M11-MAA000880-3_11_M-1-1			3	M11.MAA000880.3_11_M.1.1-1-1	3_11_M	Thymus	False	1	False	M11.MAA000880.3_11_M.1.1-1-1	young_source_rule	M11.MAA000880.3_11_M.1.1-1-1-1	one_assay_suffix	3m	1	nan	DN4 thymocyte	CL:0002420	DN4 thymocyte	facs	3_11_M	569878.0	1594.0	male	nan	Thymus	nan	6	5
M11-MAA000914-3_9_M-1-1			3	M11.MAA000914.3_9_M.1.1-1-1	3_9_M	MAT	False	1	False	M11.MAA000914.3_9_M.1.1-1-1	young_source_rule	M11.MAA000914.3_9_M.1.1-1-1-1	one_assay_suffix	3m	1	nan	B cell	CL:0000084	nan	facs	3_9_M	1354889.0	2565.0	male	Fat	MAT	nan	4	48
M11-MAA001888-3_39_F-1-1			3	M11.MAA001888.3_39_F.1.1-1-1	3_39_F	Marrow	False	1	False	M11.MAA001888.3_39_F.1.1-1-1	young_source_rule	M11.MAA001888.3_39_F.1.1-1-1-1	one_assay_suffix	3m	1	nan	mature alpha-beta T cell	CL:0000815	BM CD8 + CD4 T cell	facs	3_39_F	304677.0	2841.0	female	T-cells	Marrow	nan	4	21
M12-B000827-3_38_F-1-1			3	M12.B000827.3_38_F.1.1-1-1	3_38_F	Thymus	False	1	False	M12.B000827.3_38_F.1.1-1-1	young_source_rule	M12.B000827.3_38_F.1.1-1-1-1	one_assay_suffix	3m	1	nan	thymocyte	CL:0002420	proliferating thymocyte; DN to DP transition, dividing (some are Cd8+/ Cd4+, some undergoing VDJ recombination)	facs	3_38_F	1583669.0	3972.0	female	Flowthrough	Thymus	nan	6	21
M12-B003283-3_38_F-1-1	30.0	2.0	3	M12.B003283.3_38_F.1.1-1-1	3_38_F	Skin	True	1	False	M12.B003283.3_38_F.1.1-1-1	young_source_rule	M12.B003283.3_38_F.1.1-1-1-1	one_assay_suffix	3m	1	nan	bulge keratinocyte	CL:0002337	outer bulge	facs	3_38_F	620079.0	3234.0	female	Telogen	Skin	nan	39	45
M12-B003291-3_39_F-1-1			3	M12.B003291.3_39_F.1.1-1-1	3_39_F	Thymus	False	1	False	M12.B003291.3_39_F.1.1-1-1	young_source_rule	M12.B003291.3_39_F.1.1-1-1-1	one_assay_suffix	3m	1	nan	thymocyte	CL:0002420	DN to DP transition (most are Cd8+/ Cd4+, some undergoing VDJ recombination)	facs	3_39_F	147361.0	1580.0	female	Flowthrough	Thymus	nan	21	23
M12-MAA000388-3_11_M-1-1			3	M12.MAA000388.3_11_M.1.1-1-1	3_11_M	GAT	False	1	False	M12.MAA000388.3_11_M.1.1-1-1	young_source_rule	M12.MAA000388.3_11_M.1.1-1-1-1	one_assay_suffix	3m	1	nan	CD8-positive, alpha-beta T cell	CL:0000084	nan	facs	3_11_M	96782.0	2148.0	male	Fat	GAT	nan	4	48
M12-MAA000508-3_9_M-1-1			3	M12.MAA000508.3_9_M.1.1-1-1	3_9_M	Spleen	False	1	False	M12.MAA000508.3_9_M.1.1-1-1	young_source_rule	M12.MAA000508.3_9_M.1.1-1-1-1	one_assay_suffix	3m	1	nan	CD4-positive, alpha-beta T cell	CL:0000084	Cd3e T cell	facs	3_9_M	379285.0	2587.0	male	nan	Spleen	nan	4	21
M12-MAA000607-3_9_M-1-1			3	M12.MAA000607.3_9_M.1.1-1-1	3_9_M	Thymus	False	1	False	M12.MAA000607.3_9_M.1.1-1-1	young_source_rule	M12.MAA000607.3_9_M.1.1-1-1-1	one_assay_suffix	3m	1	nan	thymocyte	CL:0002420	DN to DP transition (most are Cd8+/ Cd4+, some undergoing VDJ recombination)	facs	3_9_M	249409.0	1571.0	male	nan	Thymus	nan	21	23
M12-MAA000609-3_8_M-1-1			3	M12.MAA000609.3_8_M.1.1-1-1	3_8_M	Thymus	False	1	False	M12.MAA000609.3_8_M.1.1-1-1	young_source_rule	M12.MAA000609.3_8_M.1.1-1-1-1	one_assay_suffix	3m	1	nan	thymocyte	CL:0002420	DN to DP transition (most are Cd8+/ Cd4+, some undergoing VDJ recombination)	facs	3_8_M	108098.0	1247.0	male	nan	Thymus	nan	21	23
M12-MAA000880-3_11_M-1-1			3	M12.MAA000880.3_11_M.1.1-1-1	3_11_M	Thymus	False	1	False	M12.MAA000880.3_11_M.1.1-1-1	young_source_rule	M12.MAA000880.3_11_M.1.1-1-1-1	one_assay_suffix	3m	1	nan	DN4 thymocyte	CL:0002420	DN4 thymocyte	facs	3_11_M	349446.0	1138.0	male	nan	Thymus	nan	6	5
M13-B000827-3_38_F-1-1			3	M13.B000827.3_38_F.1.1-1-1	3_38_F	Thymus	False	1	False	M13.B000827.3_38_F.1.1-1-1	young_source_rule	M13.B000827.3_38_F.1.1-1-1-1	one_assay_suffix	3m	1	nan	DN4 thymocyte	CL:0002420	DN4 thymocyte	facs	3_38_F	455237.0	1581.0	female	Flowthrough	Thymus	nan	6	5
M13-B003291-3_39_F-1-1			3	M13.B003291.3_39_F.1.1-1-1	3_39_F	Thymus	False	1	False	M13.B003291.3_39_F.1.1-1-1	young_source_rule	M13.B003291.3_39_F.1.1-1-1-1	one_assay_suffix	3m	1	nan	thymocyte	CL:0002420	DN to DP transition (most are Cd8+/ Cd4+, some undergoing VDJ recombination)	facs	3_39_F	970296.0	1378.0	female	Flowthrough	Thymus	nan	21	23
M13-MAA000556-3_9_M-1-1			3	M13.MAA000556.3_9_M.1.1-1-1	3_9_M	BAT	False	1	False	M13.MAA000556.3_9_M.1.1-1-1	young_source_rule	M13.MAA000556.3_9_M.1.1-1-1-1	one_assay_suffix	3m	1	nan	T cell	CL:0000084	nan	facs	3_9_M	449575.0	1741.0	male	Fat	BAT	nan	6	5
M13-MAA000607-3_9_M-1-1			3	M13.MAA000607.3_9_M.1.1-1-1	3_9_M	Thymus	False	1	False	M13.MAA000607.3_9_M.1.1-1-1	young_source_rule	M13.MAA000607.3_9_M.1.1-1-1-1	one_assay_suffix	3m	1	nan	thymocyte	CL:0002420	DN to DP transition (most are Cd8+/ Cd4+, some undergoing VDJ recombination)	facs	3_9_M	156390.0	1258.0	male	nan	Thymus	nan	21	23
M13-MAA000609-3_8_M-1-1			3	M13.MAA000609.3_8_M.1.1-1-1	3_8_M	Thymus	False	1	False	M13.MAA000609.3_8_M.1.1-1-1	young_source_rule	M13.MAA000609.3_8_M.1.1-1-1-1	one_assay_suffix	3m	1	nan	thymocyte	CL:0002420	DN to DP transition (most are Cd8+/ Cd4+, some undergoing VDJ recombination)	facs	3_8_M	195032.0	1593.0	male	nan	Thymus	nan	21	23
M13-MAA000844-3_10_M-1-1			3	M13.MAA000844.3_10_M.1.1-1-1	3_10_M	Marrow	False	1	False	M13.MAA000844.3_10_M.1.1-1-1	young_source_rule	M13.MAA000844.3_10_M.1.1-1-1-1	one_assay_suffix	3m	1	nan	CD4-positive, alpha-beta T cell	CL:0000815	BM CD4 T cell	facs	3_10_M	825008.0	1927.0	male	T-cells	Marrow	nan	4	21
M13-MAA000877-3_11_M-1-1			3	M13.MAA000877.3_11_M.1.1-1-1	3_11_M	MAT	False	1	False	M13.MAA000877.3_11_M.1.1-1-1	young_source_rule	M13.MAA000877.3_11_M.1.1-1-1-1	one_assay_suffix	3m	1	nan	CD4-positive, alpha-beta T cell	CL:0000084	nan	facs	3_11_M	1417420.0	3019.0	male	Fat	MAT	nan	6	48
M13-MAA000880-3_11_M-1-1			3	M13.MAA000880.3_11_M.1.1-1-1	3_11_M	Thymus	False	1	False	M13.MAA000880.3_11_M.1.1-1-1	young_source_rule	M13.MAA000880.3_11_M.1.1-1-1-1	one_assay_suffix	3m	1	nan	DN4 thymocyte	CL:0002420	DN4 thymocyte	facs	3_11_M	434857.0	1573.0	male	nan	Thymus	nan	6	5
M14-B000827-3_38_F-1-1			3	M14.B000827.3_38_F.1.1-1-1	3_38_F	Thymus	False	1	False	M14.B000827.3_38_F.1.1-1-1	young_source_rule	M14.B000827.3_38_F.1.1-1-1-1	one_assay_suffix	3m	1	nan	DN4 thymocyte	CL:0002420	DN4 thymocyte	facs	3_38_F	409690.0	1374.0	female	Flowthrough	Thymus	nan	6	5
M14-B000971-3_39_F-1-1			3	M14.B000971.3_39_F.1.1-1-1	3_39_F	Spleen	False	1	False	M14.B000971.3_39_F.1.1-1-1	young_source_rule	M14.B000971.3_39_F.1.1-1-1-1	one_assay_suffix	3m	1	nan	CD8-positive, alpha-beta T cell	CL:0000084	nan	facs	3_39_F	1259067.0	3109.0	female	nan	Spleen	nan	4	9
M14-B003291-3_39_F-1-1			3	M14.B003291.3_39_F.1.1-1-1	3_39_F	Thymus	False	1	False	M14.B003291.3_39_F.1.1-1-1	young_source_rule	M14.B003291.3_39_F.1.1-1-1-1	one_assay_suffix	3m	1	nan	thymocyte	CL:0002420	DN to DP transition (most are Cd8+/ Cd4+, some undergoing VDJ recombination)	facs	3_39_F	1161641.0	1652.0	female	Flowthrough	Thymus	nan	21	23
M14-MAA000556-3_9_M-1-1			3	M14.MAA000556.3_9_M.1.1-1-1	3_9_M	BAT	False	1	False	M14.MAA000556.3_9_M.1.1-1-1	young_source_rule	M14.MAA000556.3_9_M.1.1-1-1-1	one_assay_suffix	3m	1	nan	T cell	CL:0000084	nan	facs	3_9_M	375513.0	1585.0	male	Fat	BAT	nan	6	5
M14-MAA000607-3_9_M-1-1			3	M14.MAA000607.3_9_M.1.1-1-1	3_9_M	Thymus	False	1	False	M14.MAA000607.3_9_M.1.1-1-1	young_source_rule	M14.MAA000607.3_9_M.1.1-1-1-1	one_assay_suffix	3m	1	nan	thymocyte	CL:0002420	DN to DP transition (most are Cd8+/ Cd4+, some undergoing VDJ recombination)	facs	3_9_M	370691.0	1747.0	male	nan	Thymus	nan	21	23
M14-MAA000609-3_8_M-1-1			3	M14.MAA000609.3_8_M.1.1-1-1	3_8_M	Thymus	False	1	False	M14.MAA000609.3_8_M.1.1-1-1	young_source_rule	M14.MAA000609.3_8_M.1.1-1-1-1	one_assay_suffix	3m	1	nan	thymocyte	CL:0002420	DN to DP transition (most are Cd8+/ Cd4+, some undergoing VDJ recombination)	facs	3_8_M	181757.0	1614.0	male	nan	Thymus	nan	21	23
M14-MAA000844-3_10_M-1-1			3	M14.MAA000844.3_10_M.1.1-1-1	3_10_M	Marrow	False	1	False	M14.MAA000844.3_10_M.1.1-1-1	young_source_rule	M14.MAA000844.3_10_M.1.1-1-1-1	one_assay_suffix	3m	1	nan	promonocyte	CL:0000576	monocyte + promonocyte	facs	3_10_M	1054442.0	3706.0	male	T-cells	Marrow	nan	2	4
M14-MAA001865-3_38_F-1-1			3	M14.MAA001865.3_38_F.1.1-1-1	3_38_F	Trachea	False	1	False	M14.MAA001865.3_38_F.1.1-1-1	young_source_rule	M14.MAA001865.3_38_F.1.1-1-1-1	one_assay_suffix	3m	1	nan	T cell	CL:0000081	nan	facs	3_38_F	413291.0	2770.0	female	nan	Trachea	nan	4	21
M15-B000827-3_38_F-1-1			3	M15.B000827.3_38_F.1.1-1-1	3_38_F	Thymus	False	1	False	M15.B000827.3_38_F.1.1-1-1	young_source_rule	M15.B000827.3_38_F.1.1-1-1-1	one_assay_suffix	3m	1	nan	DN4 thymocyte	CL:0002420	DN4 thymocyte	facs	3_38_F	665877.0	2127.0	female	Flowthrough	Thymus	nan	6	5
M15-B002314-3_56_F-1-1			3	M15.B002314.3_56_F.1.1-1-1	3_56_F	MAT	False	1	False	M15.B002314.3_56_F.1.1-1-1	young_source_rule	M15.B002314.3_56_F.1.1-1-1-1	one_assay_suffix	3m	1	nan	CD8-positive, alpha-beta T cell	CL:0000084	nan	facs	3_56_F	988897.0	1846.0	female	Fat	MAT	nan	4	9
M15-B003291-3_39_F-1-1			3	M15.B003291.3_39_F.1.1-1-1	3_39_F	Thymus	False	1	False	M15.B003291.3_39_F.1.1-1-1	young_source_rule	M15.B003291.3_39_F.1.1-1-1-1	one_assay_suffix	3m	1	nan	thymocyte	CL:0002420	DN to DP transition (most are Cd8+/ Cd4+, some undergoing VDJ recombination)	facs	3_39_F	1312678.0	1525.0	female	Flowthrough	Thymus	nan	21	23
M15-MAA000607-3_9_M-1-1			3	M15.MAA000607.3_9_M.1.1-1-1	3_9_M	Thymus	False	1	False	M15.MAA000607.3_9_M.1.1-1-1	young_source_rule	M15.MAA000607.3_9_M.1.1-1-1-1	one_assay_suffix	3m	1	nan	thymocyte	CL:0002420	DN to DP transition (most are Cd8+/ Cd4+, some undergoing VDJ recombination)	facs	3_9_M	269757.0	1574.0	male	nan	Thymus	nan	21	23
M15-MAA000880-3_11_M-1-1			3	M15.MAA000880.3_11_M.1.1-1-1	3_11_M	Thymus	False	1	False	M15.MAA000880.3_11_M.1.1-1-1	young_source_rule	M15.MAA000880.3_11_M.1.1-1-1-1	one_assay_suffix	3m	1	nan	thymocyte	CL:0002420	DN to DP transition (most are Cd8+/ Cd4+, some undergoing VDJ recombination)	facs	3_11_M	577391.0	1358.0	male	nan	Thymus	nan	21	23
M15-MAA001888-3_39_F-1-1			3	M15.MAA001888.3_39_F.1.1-1-1	3_39_F	Marrow	False	1	False	M15.MAA001888.3_39_F.1.1-1-1	young_source_rule	M15.MAA001888.3_39_F.1.1-1-1-1	one_assay_suffix	3m	1	nan	NK cell	CL:0000914	NK cell	facs	3_39_F	336788.0	2679.0	female	T-cells	Marrow	nan	4	9
M16-B000827-3_38_F-1-1			3	M16.B000827.3_38_F.1.1-1-1	3_38_F	Thymus	False	1	False	M16.B000827.3_38_F.1.1-1-1	young_source_rule	M16.B000827.3_38_F.1.1-1-1-1	one_assay_suffix	3m	1	nan	DN4 thymocyte	CL:0002420	DN4 thymocyte	facs	3_38_F	553014.0	2405.0	female	Flowthrough	Thymus	nan	6	5
M16-B000971-3_39_F-1-1			3	M16.B000971.3_39_F.1.1-1-1	3_39_F	Spleen	False	1	False	M16.B000971.3_39_F.1.1-1-1	young_source_rule	M16.B000971.3_39_F.1.1-1-1-1	one_assay_suffix	3m	1	nan	CD4-positive, alpha-beta T cell	CL:0000084	Cd3e T cell	facs	3_39_F	309785.0	1278.0	female	nan	Spleen	nan	6	5
M16-B001960-3_56_F-1-1			3	M16.B001960.3_56_F.1.1-1-1	3_56_F	BAT	False	1	False	M16.B001960.3_56_F.1.1-1-1	young_source_rule	M16.B001960.3_56_F.1.1-1-1-1	one_assay_suffix	3m	1	nan	T cell	CL:0000084	nan	facs	3_56_F	933577.0	1702.0	female	Fat	BAT	nan	6	5
M16-B003291-3_39_F-1-1			3	M16.B003291.3_39_F.1.1-1-1	3_39_F	Thymus	False	1	False	M16.B003291.3_39_F.1.1-1-1	young_source_rule	M16.B003291.3_39_F.1.1-1-1-1	one_assay_suffix	3m	1	nan	thymocyte	CL:0002420	DN to DP transition (most are Cd8+/ Cd4+, some undergoing VDJ recombination)	facs	3_39_F	232987.0	1387.0	female	Flowthrough	Thymus	nan	21	23
M16-D043520-3_39_F-1-1			3	M16.D043520.3_39_F.1.1-1-1	3_39_F	MAT	False	1	False	M16.D043520.3_39_F.1.1-1-1	young_source_rule	M16.D043520.3_39_F.1.1-1-1-1	one_assay_suffix	3m	1	nan	CD8-positive, alpha-beta T cell	CL:0000084	nan	facs	3_39_F	586219.0	2028.0	female	Fat	MAT	nan	4	9
M16-MAA000508-3_9_M-1-1			3	M16.MAA000508.3_9_M.1.1-1-1	3_9_M	Spleen	False	1	False	M16.MAA000508.3_9_M.1.1-1-1	young_source_rule	M16.MAA000508.3_9_M.1.1-1-1-1	one_assay_suffix	3m	1	nan	CD4-positive, alpha-beta T cell	CL:0000084	Cd3e T cell	facs	3_9_M	232282.0	1986.0	male	nan	Spleen	nan	6	5
M16-MAA000607-3_9_M-1-1			3	M16.MAA000607.3_9_M.1.1-1-1	3_9_M	Thymus	False	1	False	M16.MAA000607.3_9_M.1.1-1-1	young_source_rule	M16.MAA000607.3_9_M.1.1-1-1-1	one_assay_suffix	3m	1	nan	DN4 thymocyte	CL:0002420	DN4 thymocyte	facs	3_9_M	834264.0	3058.0	male	nan	Thymus	nan	6	5
M16-MAA000844-3_10_M-1-1			3	M16.MAA000844.3_10_M.1.1-1-1	3_10_M	Marrow	False	1	False	M16.MAA000844.3_10_M.1.1-1-1	young_source_rule	M16.MAA000844.3_10_M.1.1-1-1-1	one_assay_suffix	3m	1	nan	NK cell	CL:0000914	NK cell	facs	3_10_M	1129380.0	3722.0	male	T-cells	Marrow	nan	4	9
M16-MAA000877-3_11_M-1-1			3	M16.MAA000877.3_11_M.1.1-1-1	3_11_M	MAT	False	1	False	M16.MAA000877.3_11_M.1.1-1-1	young_source_rule	M16.MAA000877.3_11_M.1.1-1-1-1	one_assay_suffix	3m	1	nan	CD4-positive, alpha-beta T cell	CL:0000084	nan	facs	3_11_M	1692330.0	2515.0	male	Fat	MAT	nan	6	5
M16-MAA000880-3_11_M-1-1			3	M16.MAA000880.3_11_M.1.1-1-1	3_11_M	Thymus	False	1	False	M16.MAA000880.3_11_M.1.1-1-1	young_source_rule	M16.MAA000880.3_11_M.1.1-1-1-1	one_assay_suffix	3m	1	nan	DN4 thymocyte	CL:0002420	DN4 thymocyte	facs	3_11_M	561723.0	1407.0	male	nan	Thymus	nan	6	5
M17-B000827-3_38_F-1-1			3	M17.B000827.3_38_F.1.1-1-1	3_38_F	Thymus	False	1	False	M17.B000827.3_38_F.1.1-1-1	young_source_rule	M17.B000827.3_38_F.1.1-1-1-1	one_assay_suffix	3m	1	nan	DN4 thymocyte	CL:0002420	DN4 thymocyte	facs	3_38_F	650638.0	1842.0	female	Flowthrough	Thymus	nan	6	5
M17-B000971-3_39_F-1-1			3	M17.B000971.3_39_F.1.1-1-1	3_39_F	Spleen	False	1	False	M17.B000971.3_39_F.1.1-1-1	young_source_rule	M17.B000971.3_39_F.1.1-1-1-1	one_assay_suffix	3m	1	nan	CD8-positive, alpha-beta T cell	CL:0000084	Cd3e T cell	facs	3_39_F	240040.0	669.0	female	nan	Spleen	nan	6	5
M17-B003291-3_39_F-1-1			3	M17.B003291.3_39_F.1.1-1-1	3_39_F	Thymus	False	1	False	M17.B003291.3_39_F.1.1-1-1	young_source_rule	M17.B003291.3_39_F.1.1-1-1-1	one_assay_suffix	3m	1	nan	thymocyte	CL:0002420	DN to DP transition (most are Cd8+/ Cd4+, some undergoing VDJ recombination)	facs	3_39_F	2554464.0	1683.0	female	Flowthrough	Thymus	nan	21	23
M17-MAA000508-3_9_M-1-1			3	M17.MAA000508.3_9_M.1.1-1-1	3_9_M	Spleen	False	1	False	M17.MAA000508.3_9_M.1.1-1-1	young_source_rule	M17.MAA000508.3_9_M.1.1-1-1-1	one_assay_suffix	3m	1	nan	CD8-positive, alpha-beta T cell	CL:0000084	Cd3e T cell	facs	3_9_M	292942.0	2102.0	male	nan	Spleen	nan	6	5
M17-MAA000607-3_9_M-1-1			3	M17.MAA000607.3_9_M.1.1-1-1	3_9_M	Thymus	False	1	False	M17.MAA000607.3_9_M.1.1-1-1	young_source_rule	M17.MAA000607.3_9_M.1.1-1-1-1	one_assay_suffix	3m	1	nan	DN4 thymocyte	CL:0002420	DN4 thymocyte	facs	3_9_M	301547.0	1633.0	male	nan	Thymus	nan	6	5
M17-MAA000880-3_11_M-1-1			3	M17.MAA000880.3_11_M.1.1-1-1	3_11_M	Thymus	False	1	False	M17.MAA000880.3_11_M.1.1-1-1	young_source_rule	M17.MAA000880.3_11_M.1.1-1-1-1	one_assay_suffix	3m	1	nan	thymocyte	CL:0002420	DN to DP transition (most are Cd8+/ Cd4+, some undergoing VDJ recombination)	facs	3_11_M	478821.0	961.0	male	nan	Thymus	nan	21	23
M17-MAA001889-3_38_F-1-1	7.0	2.0	3	M17.MAA001889.3_38_F.1.1-1-1	3_38_F	Lung	True	2	True	M17.MAA001889.3_38_F.1.1-1-1	young_source_rule		unmatched																
M18-B000827-3_38_F-1-1			3	M18.B000827.3_38_F.1.1-1-1	3_38_F	Thymus	False	1	False	M18.B000827.3_38_F.1.1-1-1	young_source_rule	M18.B000827.3_38_F.1.1-1-1-1	one_assay_suffix	3m	1	nan	DN4 thymocyte	CL:0002420	DN4 thymocyte	facs	3_38_F	737078.0	1916.0	female	Flowthrough	Thymus	nan	6	5
M18-B001750-3_38_F-1-1			3	M18.B001750.3_38_F.1.1-1-1	3_38_F	Spleen	False	1	False	M18.B001750.3_38_F.1.1-1-1	young_source_rule	M18.B001750.3_38_F.1.1-1-1-1	one_assay_suffix	3m	1	nan	CD8-positive, alpha-beta T cell	CL:0000084	Cd3e T cell	facs	3_38_F	766352.0	2169.0	female	nan	Spleen	nan	6	5
M18-B003291-3_39_F-1-1			3	M18.B003291.3_39_F.1.1-1-1	3_39_F	Thymus	False	1	False	M18.B003291.3_39_F.1.1-1-1	young_source_rule	M18.B003291.3_39_F.1.1-1-1-1	one_assay_suffix	3m	1	nan	thymocyte	CL:0002420	DN to DP transition (most are Cd8+/ Cd4+, some undergoing VDJ recombination)	facs	3_39_F	1623559.0	1391.0	female	Flowthrough	Thymus	nan	21	23
M18-B003728-3_56_F-1-1			3	M18.B003728.3_56_F.1.1-1-1	3_56_F	Brain_Non-Myeloid	False	1	False	M18.B003728.3_56_F.1.1-1-1	young_source_rule		unmatched																
M18-MAA000607-3_9_M-1-1			3	M18.MAA000607.3_9_M.1.1-1-1	3_9_M	Thymus	False	1	False	M18.MAA000607.3_9_M.1.1-1-1	young_source_rule	M18.MAA000607.3_9_M.1.1-1-1-1	one_assay_suffix	3m	1	nan	thymocyte	CL:0002420	DN to DP transition (most are Cd8+/ Cd4+, some undergoing VDJ recombination)	facs	3_9_M	259200.0	1520.0	male	nan	Thymus	nan	21	23
M18-MAA000609-3_8_M-1-1			3	M18.MAA000609.3_8_M.1.1-1-1	3_8_M	Thymus	False	1	False	M18.MAA000609.3_8_M.1.1-1-1	young_source_rule	M18.MAA000609.3_8_M.1.1-1-1-1	one_assay_suffix	3m	1	nan	thymocyte	CL:0002420	proliferating thymocyte; DN to DP transition, dividing (some are Cd8+/ Cd4+, some undergoing VDJ recombination)	facs	3_8_M	481816.0	2804.0	male	nan	Thymus	nan	21	23
M18-MAA000880-3_11_M-1-1			3	M18.MAA000880.3_11_M.1.1-1-1	3_11_M	Thymus	False	1	False	M18.MAA000880.3_11_M.1.1-1-1	young_source_rule	M18.MAA000880.3_11_M.1.1-1-1-1	one_assay_suffix	3m	1	nan	DN4 thymocyte	CL:0002420	DN4 thymocyte	facs	3_11_M	841500.0	1201.0	male	nan	Thymus	nan	6	5
M18-MAA000907-3_11_M-1-1			3	M18.MAA000907.3_11_M.1.1-1-1	3_11_M	Liver	False	1	False	M18.MAA000907.3_11_M.1.1-1-1	young_source_rule	M18.MAA000907.3_11_M.1.1-1-1-1	one_assay_suffix	3m	1	nan	mature NK T cell	CL:0000623	nan	facs	3_11_M	449556.0	2036.0	male	Non-hepatocytes	Liver	nan	40	47
M18-MAA001889-3_38_F-1-1	7.0	2.0	3	M18.MAA001889.3_38_F.1.1-1-1	3_38_F	Lung	True	2	True	M18.MAA001889.3_38_F.1.1-1-1	young_source_rule	M18.MAA001889.3_38_F.1.1-1-1-1	one_assay_suffix	3m	1	nan	T cell	nan	T cell	facs	3_38_F	7688.0	1024.0	female	EPCAM	Lung	nan	4	5
M19-B000827-3_38_F-1-1			3	M19.B000827.3_38_F.1.1-1-1	3_38_F	Thymus	False	1	False	M19.B000827.3_38_F.1.1-1-1	young_source_rule	M19.B000827.3_38_F.1.1-1-1-1	one_assay_suffix	3m	1	nan	DN4 thymocyte	CL:0002420	DN4 thymocyte	facs	3_38_F	820773.0	2348.0	female	Flowthrough	Thymus	nan	6	5
M19-B003291-3_39_F-1-1	27.0	2.0	3	M19.B003291.3_39_F.1.1-1-1	3_39_F	Thymus	True	1	False	M19.B003291.3_39_F.1.1-1-1	young_source_rule	M19.B003291.3_39_F.1.1-1-1-1	one_assay_suffix	3m	1	nan	thymocyte	CL:0002420	DN to DP transition (most are Cd8+/ Cd4+, some undergoing VDJ recombination)	facs	3_39_F	1512941.0	1223.0	female	Flowthrough	Thymus	nan	21	23
M19-MAA000607-3_9_M-1-1			3	M19.MAA000607.3_9_M.1.1-1-1	3_9_M	Thymus	False	1	False	M19.MAA000607.3_9_M.1.1-1-1	young_source_rule	M19.MAA000607.3_9_M.1.1-1-1-1	one_assay_suffix	3m	1	nan	thymocyte	CL:0002420	DN to DP transition (most are Cd8+/ Cd4+, some undergoing VDJ recombination)	facs	3_9_M	212426.0	1421.0	male	nan	Thymus	nan	21	23
M19-MAA000609-3_8_M-1-1			3	M19.MAA000609.3_8_M.1.1-1-1	3_8_M	Thymus	False	1	False	M19.MAA000609.3_8_M.1.1-1-1	young_source_rule	M19.MAA000609.3_8_M.1.1-1-1-1	one_assay_suffix	3m	1	nan	DN4 thymocyte	CL:0002420	DN4 thymocyte	facs	3_8_M	229060.0	2406.0	male	nan	Thymus	nan	6	5
M19-MAA000844-3_10_M-1-1			3	M19.MAA000844.3_10_M.1.1-1-1	3_10_M	Marrow	False	1	False	M19.MAA000844.3_10_M.1.1-1-1	young_source_rule	M19.MAA000844.3_10_M.1.1-1-1-1	one_assay_suffix	3m	1	nan	promonocyte	CL:0000576	monocyte + promonocyte	facs	3_10_M	707828.0	4000.0	male	T-cells	Marrow	nan	12	52
M19-MAA000880-3_11_M-1-1			3	M19.MAA000880.3_11_M.1.1-1-1	3_11_M	Thymus	False	1	False	M19.MAA000880.3_11_M.1.1-1-1	young_source_rule	M19.MAA000880.3_11_M.1.1-1-1-1	one_assay_suffix	3m	1	nan	thymocyte	CL:0002420	DN to DP transition (most are Cd8+/ Cd4+, some undergoing VDJ recombination)	facs	3_11_M	459763.0	992.0	male	nan	Thymus	nan	21	23
M2-B000827-3_38_F-1-1			3	M2.B000827.3_38_F.1.1-1-1	3_38_F	Thymus	False	1	False	M2.B000827.3_38_F.1.1-1-1	young_source_rule	M2.B000827.3_38_F.1.1-1-1-1	one_assay_suffix	3m	1	nan	DN4 thymocyte	CL:0002420	DN4 thymocyte	facs	3_38_F	1185667.0	2184.0	female	Flowthrough	Thymus	nan	6	5
M2-B003291-3_39_F-1-1			3	M2.B003291.3_39_F.1.1-1-1	3_39_F	Thymus	False	1	False	M2.B003291.3_39_F.1.1-1-1	young_source_rule	M2.B003291.3_39_F.1.1-1-1-1	one_assay_suffix	3m	1	nan	thymocyte	CL:0002420	DN to DP transition (most are Cd8+/ Cd4+, some undergoing VDJ recombination)	facs	3_39_F	746128.0	1569.0	female	Flowthrough	Thymus	nan	21	23
M2-MAA000607-3_9_M-1-1			3	M2.MAA000607.3_9_M.1.1-1-1	3_9_M	Thymus	False	1	False	M2.MAA000607.3_9_M.1.1-1-1	young_source_rule	M2.MAA000607.3_9_M.1.1-1-1-1	one_assay_suffix	3m	1	nan	thymocyte	CL:0002420	proliferating thymocyte; DN to DP transition, dividing (some are Cd8+/ Cd4+, some undergoing VDJ recombination)	facs	3_9_M	844817.0	2704.0	male	nan	Thymus	nan	21	23
M20-B000827-3_38_F-1-1			3	M20.B000827.3_38_F.1.1-1-1	3_38_F	Thymus	False	1	False	M20.B000827.3_38_F.1.1-1-1	young_source_rule	M20.B000827.3_38_F.1.1-1-1-1	one_assay_suffix	3m	1	nan	DN4 thymocyte	CL:0002420	DN4 thymocyte	facs	3_38_F	3600325.0	3560.0	female	Flowthrough	Thymus	nan	6	5
M20-B003291-3_39_F-1-1			3	M20.B003291.3_39_F.1.1-1-1	3_39_F	Thymus	False	1	False	M20.B003291.3_39_F.1.1-1-1	young_source_rule	M20.B003291.3_39_F.1.1-1-1-1	one_assay_suffix	3m	1	nan	thymocyte	CL:0002420	DN to DP transition (most are Cd8+/ Cd4+, some undergoing VDJ recombination)	facs	3_39_F	1823998.0	1084.0	female	Flowthrough	Thymus	nan	21	23
M20-MAA000607-3_9_M-1-1			3	M20.MAA000607.3_9_M.1.1-1-1	3_9_M	Thymus	False	1	False	M20.MAA000607.3_9_M.1.1-1-1	young_source_rule	M20.MAA000607.3_9_M.1.1-1-1-1	one_assay_suffix	3m	1	nan	thymocyte	CL:0002420	DN to DP transition (most are Cd8+/ Cd4+, some undergoing VDJ recombination)	facs	3_9_M	183771.0	1362.0	male	nan	Thymus	nan	21	23
M20-MAA000609-3_8_M-1-1			3	M20.MAA000609.3_8_M.1.1-1-1	3_8_M	Thymus	False	1	False	M20.MAA000609.3_8_M.1.1-1-1	young_source_rule	M20.MAA000609.3_8_M.1.1-1-1-1	one_assay_suffix	3m	1	nan	thymocyte	CL:0002420	DN to DP transition (most are Cd8+/ Cd4+, some undergoing VDJ recombination)	facs	3_8_M	73338.0	1109.0	male	nan	Thymus	nan	21	23
M20-MAA000880-3_11_M-1-1			3	M20.MAA000880.3_11_M.1.1-1-1	3_11_M	Thymus	False	1	False	M20.MAA000880.3_11_M.1.1-1-1	young_source_rule	M20.MAA000880.3_11_M.1.1-1-1-1	one_assay_suffix	3m	1	nan	DN4 thymocyte	CL:0002420	DN4 thymocyte	facs	3_11_M	956175.0	1726.0	male	nan	Thymus	nan	6	5
M20-MAA001888-3_39_F-1-1			3	M20.MAA001888.3_39_F.1.1-1-1	3_39_F	Marrow	False	1	False	M20.MAA001888.3_39_F.1.1-1-1	young_source_rule	M20.MAA001888.3_39_F.1.1-1-1-1	one_assay_suffix	3m	1	nan	NK cell	CL:0000914	NK cell	facs	3_39_F	324656.0	2821.0	female	T-cells	Marrow	nan	40	9
M21-B000827-3_38_F-1-1			3	M21.B000827.3_38_F.1.1-1-1	3_38_F	Thymus	False	1	False	M21.B000827.3_38_F.1.1-1-1	young_source_rule	M21.B000827.3_38_F.1.1-1-1-1	one_assay_suffix	3m	1	nan	DN4 thymocyte	CL:0002420	DN4 thymocyte	facs	3_38_F	1680777.0	1898.0	female	Flowthrough	Thymus	nan	6	5
M21-B003291-3_39_F-1-1			3	M21.B003291.3_39_F.1.1-1-1	3_39_F	Thymus	False	1	False	M21.B003291.3_39_F.1.1-1-1	young_source_rule	M21.B003291.3_39_F.1.1-1-1-1	one_assay_suffix	3m	1	nan	thymocyte	CL:0002420	DN to DP transition (most are Cd8+/ Cd4+, some undergoing VDJ recombination)	facs	3_39_F	1996445.0	1231.0	female	Flowthrough	Thymus	nan	21	23
M21-MAA000526-3_9_M-1-1			3	M21.MAA000526.3_9_M.1.1-1-1	3_9_M	Lung	False	1	False	M21.MAA000526.3_9_M.1.1-1-1	young_source_rule	M21.MAA000526.3_9_M.1.1-1-1-1	one_assay_suffix	3m	1	nan	CD4-positive, alpha-beta T cell	CL:0000084	CD4+ T	facs	3_9_M	547601.0	2785.0	male	nan	Lung	nan	4	5
M21-MAA000607-3_9_M-1-1			3	M21.MAA000607.3_9_M.1.1-1-1	3_9_M	Thymus	False	1	False	M21.MAA000607.3_9_M.1.1-1-1	young_source_rule	M21.MAA000607.3_9_M.1.1-1-1-1	one_assay_suffix	3m	1	nan	thymocyte	CL:0002420	DN to DP transition (most are Cd8+/ Cd4+, some undergoing VDJ recombination)	facs	3_9_M	320657.0	1633.0	male	nan	Thymus	nan	21	23
M21-MAA000609-3_8_M-1-1			3	M21.MAA000609.3_8_M.1.1-1-1	3_8_M	Thymus	False	1	False	M21.MAA000609.3_8_M.1.1-1-1	young_source_rule	M21.MAA000609.3_8_M.1.1-1-1-1	one_assay_suffix	3m	1	nan	DN4 thymocyte	CL:0002420	DN4 thymocyte	facs	3_8_M	495743.0	3051.0	male	nan	Thymus	nan	6	5
M21-MAA000880-3_11_M-1-1			3	M21.MAA000880.3_11_M.1.1-1-1	3_11_M	Thymus	False	1	False	M21.MAA000880.3_11_M.1.1-1-1	young_source_rule	M21.MAA000880.3_11_M.1.1-1-1-1	one_assay_suffix	3m	1	nan	DN4 thymocyte	CL:0002420	DN4 thymocyte	facs	3_11_M	614802.0	1325.0	male	nan	Thymus	nan	6	5
M22-B000827-3_38_F-1-1			3	M22.B000827.3_38_F.1.1-1-1	3_38_F	Thymus	False	1	False	M22.B000827.3_38_F.1.1-1-1	young_source_rule	M22.B000827.3_38_F.1.1-1-1-1	one_assay_suffix	3m	1	nan	DN4 thymocyte	CL:0002420	DN4 thymocyte	facs	3_38_F	650843.0	1531.0	female	Flowthrough	Thymus	nan	6	5
M22-B003291-3_39_F-1-1			3	M22.B003291.3_39_F.1.1-1-1	3_39_F	Thymus	False	1	False	M22.B003291.3_39_F.1.1-1-1	young_source_rule	M22.B003291.3_39_F.1.1-1-1-1	one_assay_suffix	3m	1	nan	thymocyte	CL:0002420	DN to DP transition (most are Cd8+/ Cd4+, some undergoing VDJ recombination)	facs	3_39_F	2113878.0	1156.0	female	Flowthrough	Thymus	nan	21	23
M22-MAA000508-3_9_M-1-1			3	M22.MAA000508.3_9_M.1.1-1-1	3_9_M	Spleen	False	1	False	M22.MAA000508.3_9_M.1.1-1-1	young_source_rule	M22.MAA000508.3_9_M.1.1-1-1-1	one_assay_suffix	3m	1	nan	CD4-positive, alpha-beta T cell	CL:0000084	Cd3e T cell	facs	3_9_M	328919.0	1934.0	male	nan	Spleen	nan	6	5
M22-MAA000607-3_9_M-1-1			3	M22.MAA000607.3_9_M.1.1-1-1	3_9_M	Thymus	False	1	False	M22.MAA000607.3_9_M.1.1-1-1	young_source_rule	M22.MAA000607.3_9_M.1.1-1-1-1	one_assay_suffix	3m	1	nan	thymocyte	CL:0002420	DN to DP transition (most are Cd8+/ Cd4+, some undergoing VDJ recombination)	facs	3_9_M	490959.0	2029.0	male	nan	Thymus	nan	21	23
M22-MAA000609-3_8_M-1-1			3	M22.MAA000609.3_8_M.1.1-1-1	3_8_M	Thymus	False	1	False	M22.MAA000609.3_8_M.1.1-1-1	young_source_rule	M22.MAA000609.3_8_M.1.1-1-1-1	one_assay_suffix	3m	1	nan	thymocyte	CL:0002420	DN to DP transition (most are Cd8+/ Cd4+, some undergoing VDJ recombination)	facs	3_8_M	236702.0	1763.0	male	nan	Thymus	nan	21	23
M22-MAA000880-3_11_M-1-1			3	M22.MAA000880.3_11_M.1.1-1-1	3_11_M	Thymus	False	1	False	M22.MAA000880.3_11_M.1.1-1-1	young_source_rule	M22.MAA000880.3_11_M.1.1-1-1-1	one_assay_suffix	3m	1	nan	DN4 thymocyte	CL:0002420	DN4 thymocyte	facs	3_11_M	794034.0	1134.0	male	nan	Thymus	nan	6	5
M22-MAA001888-3_39_F-1-1			3	M22.MAA001888.3_39_F.1.1-1-1	3_39_F	Marrow	False	1	False	M22.MAA001888.3_39_F.1.1-1-1	young_source_rule	M22.MAA001888.3_39_F.1.1-1-1-1	one_assay_suffix	3m	1	nan	NK cell	CL:0000914	NK cell	facs	3_39_F	232155.0	2249.0	female	T-cells	Marrow	nan	4	9
M3-B000827-3_38_F-1-1			3	M3.B000827.3_38_F.1.1-1-1	3_38_F	Thymus	False	1	False	M3.B000827.3_38_F.1.1-1-1	young_source_rule	M3.B000827.3_38_F.1.1-1-1-1	one_assay_suffix	3m	1	nan	DN4 thymocyte	CL:0002420	DN4 thymocyte	facs	3_38_F	542279.0	1926.0	female	Flowthrough	Thymus	nan	6	5
M3-B003291-3_39_F-1-1			3	M3.B003291.3_39_F.1.1-1-1	3_39_F	Thymus	False	1	False	M3.B003291.3_39_F.1.1-1-1	young_source_rule	M3.B003291.3_39_F.1.1-1-1-1	one_assay_suffix	3m	1	nan	thymocyte	CL:0002420	DN to DP transition (most are Cd8+/ Cd4+, some undergoing VDJ recombination)	facs	3_39_F	642010.0	2077.0	female	Flowthrough	Thymus	nan	21	23
M3-MAA000607-3_9_M-1-1			3	M3.MAA000607.3_9_M.1.1-1-1	3_9_M	Thymus	False	1	False	M3.MAA000607.3_9_M.1.1-1-1	young_source_rule	M3.MAA000607.3_9_M.1.1-1-1-1	one_assay_suffix	3m	1	nan	DN4 thymocyte	CL:0002420	DN4 thymocyte	facs	3_9_M	540518.0	2387.0	male	nan	Thymus	nan	6	5
M3-MAA000844-3_10_M-1-1			3	M3.MAA000844.3_10_M.1.1-1-1	3_10_M	Marrow	False	1	False	M3.MAA000844.3_10_M.1.1-1-1	young_source_rule	M3.MAA000844.3_10_M.1.1-1-1-1	one_assay_suffix	3m	1	nan	CD4-positive, alpha-beta T cell	CL:0000815	BM CD4 T cell	facs	3_10_M	501142.0	2312.0	male	T-cells	Marrow	nan	4	21
M3-MAA001888-3_39_F-1-1			3	M3.MAA001888.3_39_F.1.1-1-1	3_39_F	Marrow	False	1	False	M3.MAA001888.3_39_F.1.1-1-1	young_source_rule	M3.MAA001888.3_39_F.1.1-1-1-1	one_assay_suffix	3m	1	nan	mature alpha-beta T cell	CL:0002420	BM CD8 + CD4 T cell	facs	3_39_F	264166.0	3086.0	female	T-cells	Marrow	nan	6	5
M4-B000827-3_38_F-1-1			3	M4.B000827.3_38_F.1.1-1-1	3_38_F	Thymus	False	1	False	M4.B000827.3_38_F.1.1-1-1	young_source_rule	M4.B000827.3_38_F.1.1-1-1-1	one_assay_suffix	3m	1	nan	DN4 thymocyte	CL:0002420	DN4 thymocyte	facs	3_38_F	803327.0	2173.0	female	Flowthrough	Thymus	nan	6	5
M4-B003291-3_39_F-1-1			3	M4.B003291.3_39_F.1.1-1-1	3_39_F	Thymus	False	1	False	M4.B003291.3_39_F.1.1-1-1	young_source_rule	M4.B003291.3_39_F.1.1-1-1-1	one_assay_suffix	3m	1	nan	DN4 thymocyte	CL:0002420	DN4 thymocyte	facs	3_39_F	452799.0	2430.0	female	Flowthrough	Thymus	nan	6	5
M4-MAA000607-3_9_M-1-1			3	M4.MAA000607.3_9_M.1.1-1-1	3_9_M	Thymus	False	1	False	M4.MAA000607.3_9_M.1.1-1-1	young_source_rule	M4.MAA000607.3_9_M.1.1-1-1-1	one_assay_suffix	3m	1	nan	thymocyte	CL:0002420	DN to DP transition (most are Cd8+/ Cd4+, some undergoing VDJ recombination)	facs	3_9_M	247650.0	1425.0	male	nan	Thymus	nan	21	23
M5-B000827-3_38_F-1-1			3	M5.B000827.3_38_F.1.1-1-1	3_38_F	Thymus	False	1	False	M5.B000827.3_38_F.1.1-1-1	young_source_rule	M5.B000827.3_38_F.1.1-1-1-1	one_assay_suffix	3m	1	nan	DN4 thymocyte	CL:0002420	DN4 thymocyte	facs	3_38_F	1333408.0	2927.0	female	Flowthrough	Thymus	nan	6	5
M5-B003291-3_39_F-1-1			3	M5.B003291.3_39_F.1.1-1-1	3_39_F	Thymus	False	1	False	M5.B003291.3_39_F.1.1-1-1	young_source_rule	M5.B003291.3_39_F.1.1-1-1-1	one_assay_suffix	3m	1	nan	DN4 thymocyte	CL:0002420	DN4 thymocyte	facs	3_39_F	1321976.0	1995.0	female	Flowthrough	Thymus	nan	6	5
M5-MAA000607-3_9_M-1-1			3	M5.MAA000607.3_9_M.1.1-1-1	3_9_M	Thymus	False	1	False	M5.MAA000607.3_9_M.1.1-1-1	young_source_rule	M5.MAA000607.3_9_M.1.1-1-1-1	one_assay_suffix	3m	1	nan	thymocyte	CL:0002420	DN to DP transition (most are Cd8+/ Cd4+, some undergoing VDJ recombination)	facs	3_9_M	313161.0	1576.0	male	nan	Thymus	nan	21	23
M5-MAA000844-3_10_M-1-1			3	M5.MAA000844.3_10_M.1.1-1-1	3_10_M	Marrow	False	1	False	M5.MAA000844.3_10_M.1.1-1-1	young_source_rule	M5.MAA000844.3_10_M.1.1-1-1-1	one_assay_suffix	3m	1	nan	mature alpha-beta T cell	CL:0000236	BM CD8 + CD4 T cell	facs	3_10_M	802187.0	3758.0	male	T-cells	Marrow	nan	4	9
M6-B000827-3_38_F-1-1			3	M6.B000827.3_38_F.1.1-1-1	3_38_F	Thymus	False	1	False	M6.B000827.3_38_F.1.1-1-1	young_source_rule	M6.B000827.3_38_F.1.1-1-1-1	one_assay_suffix	3m	1	nan	DN4 thymocyte	CL:0002420	DN4 thymocyte	facs	3_38_F	1102972.0	2316.0	female	Flowthrough	Thymus	nan	6	5
M6-B003291-3_39_F-1-1			3	M6.B003291.3_39_F.1.1-1-1	3_39_F	Thymus	False	1	False	M6.B003291.3_39_F.1.1-1-1	young_source_rule	M6.B003291.3_39_F.1.1-1-1-1	one_assay_suffix	3m	1	nan	thymocyte	CL:0002420	DN to DP transition (most are Cd8+/ Cd4+, some undergoing VDJ recombination)	facs	3_39_F	1045651.0	1561.0	female	Flowthrough	Thymus	nan	21	23
M6-MAA000607-3_9_M-1-1			3	M6.MAA000607.3_9_M.1.1-1-1	3_9_M	Thymus	False	1	False	M6.MAA000607.3_9_M.1.1-1-1	young_source_rule	M6.MAA000607.3_9_M.1.1-1-1-1	one_assay_suffix	3m	1	nan	thymocyte	CL:0002420	DN to DP transition (most are Cd8+/ Cd4+, some undergoing VDJ recombination)	facs	3_9_M	374383.0	1903.0	male	nan	Thymus	nan	6	23
M6-MAA001888-3_39_F-1-1			3	M6.MAA001888.3_39_F.1.1-1-1	3_39_F	Marrow	False	1	False	M6.MAA001888.3_39_F.1.1-1-1	young_source_rule	M6.MAA001888.3_39_F.1.1-1-1-1	one_assay_suffix	3m	1	nan	NK cell	CL:0000914	NK cell	facs	3_39_F	276313.0	2783.0	female	T-cells	Marrow	nan	4	9
M7-B000827-3_38_F-1-1			3	M7.B000827.3_38_F.1.1-1-1	3_38_F	Thymus	False	1	False	M7.B000827.3_38_F.1.1-1-1	young_source_rule	M7.B000827.3_38_F.1.1-1-1-1	one_assay_suffix	3m	1	nan	DN4 thymocyte	CL:0002420	DN4 thymocyte	facs	3_38_F	590129.0	2089.0	female	Flowthrough	Thymus	nan	6	5
M7-B000971-3_39_F-1-1			3	M7.B000971.3_39_F.1.1-1-1	3_39_F	Spleen	False	1	False	M7.B000971.3_39_F.1.1-1-1	young_source_rule	M7.B000971.3_39_F.1.1-1-1-1	one_assay_suffix	3m	1	nan	CD8-positive, alpha-beta T cell	CL:0000084	Cd3e T cell	facs	3_39_F	927988.0	1804.0	female	nan	Spleen	nan	6	5
M7-B003291-3_39_F-1-1			3	M7.B003291.3_39_F.1.1-1-1	3_39_F	Thymus	False	1	False	M7.B003291.3_39_F.1.1-1-1	young_source_rule	M7.B003291.3_39_F.1.1-1-1-1	one_assay_suffix	3m	1	nan	thymocyte	CL:0002420	DN to DP transition (most are Cd8+/ Cd4+, some undergoing VDJ recombination)	facs	3_39_F	702344.0	1478.0	female	Flowthrough	Thymus	nan	21	23
M7-MAA000607-3_9_M-1-1			3	M7.MAA000607.3_9_M.1.1-1-1	3_9_M	Thymus	False	1	False	M7.MAA000607.3_9_M.1.1-1-1	young_source_rule	M7.MAA000607.3_9_M.1.1-1-1-1	one_assay_suffix	3m	1	nan	thymocyte	CL:0002420	DN to DP transition (most are Cd8+/ Cd4+, some undergoing VDJ recombination)	facs	3_9_M	202673.0	1454.0	male	nan	Thymus	nan	21	23
M7-MAA000880-3_11_M-1-1	18.0	2.0	3	M7.MAA000880.3_11_M.1.1-1-1	3_11_M	Thymus	True	2	True	M7.MAA000880.3_11_M.1.1-1-1	young_source_rule	M7.MAA000880.3_11_M.1.1-1-1-1	one_assay_suffix	3m	1	nan	thymocyte	CL:0002420	DN to DP transition (most are Cd8+/ Cd4+, some undergoing VDJ recombination)	facs	3_11_M	850396.0	1513.0	male	nan	Thymus	nan	21	23
M8-B000127-3_38_F-1-1			3	M8.B000127.3_38_F.1.1-1-1	3_38_F	SCAT	False	1	False	M8.B000127.3_38_F.1.1-1-1	young_source_rule	M8.B000127.3_38_F.1.1-1-1-1	one_assay_suffix	3m	1	nan	T cell	CL:0000084	nan	facs	3_38_F	654993.0	1298.0	female	Fat	SCAT	nan	6	5
M8-B003291-3_39_F-1-1			3	M8.B003291.3_39_F.1.1-1-1	3_39_F	Thymus	False	1	False	M8.B003291.3_39_F.1.1-1-1	young_source_rule	M8.B003291.3_39_F.1.1-1-1-1	one_assay_suffix	3m	1	nan	DN4 thymocyte	CL:0002420	DN4 thymocyte	facs	3_39_F	1016377.0	1697.0	female	Flowthrough	Thymus	nan	6	5
M8-D043526-3_39_F-1-1			3	M8.D043526.3_39_F.1.1-1-1	3_39_F	SCAT	False	1	False	M8.D043526.3_39_F.1.1-1-1	young_source_rule	M8.D043526.3_39_F.1.1-1-1-1	one_assay_suffix	3m	1	nan	T cell	CL:0000084	nan	facs	3_39_F	635941.0	1325.0	female	Fat	SCAT	nan	4	21
M8-MAA000607-3_9_M-1-1	6.0	2.0	3	M8.MAA000607.3_9_M.1.1-1-1	3_9_M	Thymus	True	1	False	M8.MAA000607.3_9_M.1.1-1-1	young_source_rule	M8.MAA000607.3_9_M.1.1-1-1-1	one_assay_suffix	3m	1	nan	DN4 thymocyte	CL:0002420	DN4 thymocyte	facs	3_9_M	237583.0	1639.0	male	nan	Thymus	nan	6	5
M8-MAA000609-3_8_M-1-1			3	M8.MAA000609.3_8_M.1.1-1-1	3_8_M	Thymus	False	1	False	M8.MAA000609.3_8_M.1.1-1-1	young_source_rule	M8.MAA000609.3_8_M.1.1-1-1-1	one_assay_suffix	3m	1	nan	thymocyte	CL:0002420	DN to DP transition (most are Cd8+/ Cd4+, some undergoing VDJ recombination)	facs	3_8_M	361078.0	1513.0	male	nan	Thymus	nan	21	23
M8-MAA000779-3_11_M-1-1			3	M8.MAA000779.3_11_M.1.1-1-1	3_11_M	Spleen	False	1	False	M8.MAA000779.3_11_M.1.1-1-1	young_source_rule	M8.MAA000779.3_11_M.1.1-1-1-1	one_assay_suffix	3m	1	nan	CD4-positive, alpha-beta T cell	CL:0000084	Cd3e T cell	facs	3_11_M	451469.0	1315.0	male	nan	Spleen	nan	6	5
M9-B000827-3_38_F-1-1			3	M9.B000827.3_38_F.1.1-1-1	3_38_F	Thymus	False	1	False	M9.B000827.3_38_F.1.1-1-1	young_source_rule	M9.B000827.3_38_F.1.1-1-1-1	one_assay_suffix	3m	1	nan	DN4 thymocyte	CL:0002420	DN4 thymocyte	facs	3_38_F	847179.0	2268.0	female	Flowthrough	Thymus	nan	6	5
M9-B000971-3_39_F-1-1			3	M9.B000971.3_39_F.1.1-1-1	3_39_F	Spleen	False	1	False	M9.B000971.3_39_F.1.1-1-1	young_source_rule	M9.B000971.3_39_F.1.1-1-1-1	one_assay_suffix	3m	1	nan	CD8-positive, alpha-beta T cell	CL:0000084	nan	facs	3_39_F	826654.0	2729.0	female	nan	Spleen	nan	4	9
M9-B003291-3_39_F-1-1			3	M9.B003291.3_39_F.1.1-1-1	3_39_F	Thymus	False	1	False	M9.B003291.3_39_F.1.1-1-1	young_source_rule	M9.B003291.3_39_F.1.1-1-1-1	one_assay_suffix	3m	1	nan	thymocyte	CL:0002420	DN to DP transition (most are Cd8+/ Cd4+, some undergoing VDJ recombination)	facs	3_39_F	1144771.0	1596.0	female	Flowthrough	Thymus	nan	21	23
M9-MAA000385-3_10_M-1-1			3	M9.MAA000385.3_10_M.1.1-1-1	3_10_M	SCAT	False	1	False	M9.MAA000385.3_10_M.1.1-1-1	young_source_rule	M9.MAA000385.3_10_M.1.1-1-1-1	one_assay_suffix	3m	1	nan	T cell	CL:0000084	nan	facs	3_10_M	474197.0	2182.0	male	Fat	SCAT	nan	6	5
M9-MAA000508-3_9_M-1-1			3	M9.MAA000508.3_9_M.1.1-1-1	3_9_M	Spleen	False	1	False	M9.MAA000508.3_9_M.1.1-1-1	young_source_rule	M9.MAA000508.3_9_M.1.1-1-1-1	one_assay_suffix	3m	1	nan	CD8-positive, alpha-beta T cell	CL:0000084	nan	facs	3_9_M	213810.0	2005.0	male	nan	Spleen	nan	4	9
M9-MAA000607-3_9_M-1-1			3	M9.MAA000607.3_9_M.1.1-1-1	3_9_M	Thymus	False	1	False	M9.MAA000607.3_9_M.1.1-1-1	young_source_rule	M9.MAA000607.3_9_M.1.1-1-1-1	one_assay_suffix	3m	1	nan	DN4 thymocyte	CL:0002420	DN4 thymocyte	facs	3_9_M	380198.0	1865.0	male	nan	Thymus	nan	6	23
M9-MAA000609-3_8_M-1-1			3	M9.MAA000609.3_8_M.1.1-1-1	3_8_M	Thymus	False	1	False	M9.MAA000609.3_8_M.1.1-1-1	young_source_rule	M9.MAA000609.3_8_M.1.1-1-1-1	one_assay_suffix	3m	1	nan	DN4 thymocyte	CL:0002420	DN4 thymocyte	facs	3_8_M	482766.0	1884.0	male	nan	Thymus	nan	6	5
M9-MAA000934-3_9_M-1-1			3	M9.MAA000934.3_9_M.1.1-1-1	3_9_M	SCAT	False	1	False	M9.MAA000934.3_9_M.1.1-1-1	young_source_rule	M9.MAA000934.3_9_M.1.1-1-1-1	one_assay_suffix	3m	1	nan	CD8-positive, alpha-beta T cell	CL:0000084	nan	facs	3_9_M	148145.0	2295.0	male	Fat	SCAT	nan	4	9
M9-MAA001888-3_39_F-1-1			3	M9.MAA001888.3_39_F.1.1-1-1	3_39_F	Marrow	False	1	False	M9.MAA001888.3_39_F.1.1-1-1	young_source_rule	M9.MAA001888.3_39_F.1.1-1-1-1	one_assay_suffix	3m	1	nan	mature alpha-beta T cell	CL:0002420	BM CD8 + CD4 T cell	facs	3_39_F	302714.0	2957.0	female	T-cells	Marrow	nan	6	21
N1-B000827-3_38_F-1-1			3	N1.B000827.3_38_F.1.1-1-1	3_38_F	Thymus	False	1	False	N1.B000827.3_38_F.1.1-1-1	young_source_rule	N1.B000827.3_38_F.1.1-1-1-1	one_assay_suffix	3m	1	nan	DN4 thymocyte	CL:0002420	DN4 thymocyte	facs	3_38_F	861967.0	2457.0	female	Flowthrough	Thymus	nan	4	21
N1-B003291-3_39_F-1-1			3	N1.B003291.3_39_F.1.1-1-1	3_39_F	Thymus	False	1	False	N1.B003291.3_39_F.1.1-1-1	young_source_rule	N1.B003291.3_39_F.1.1-1-1-1	one_assay_suffix	3m	1	nan	thymocyte	CL:0002420	DN to DP transition (most are Cd8+/ Cd4+, some undergoing VDJ recombination)	facs	3_39_F	815862.0	1452.0	female	Flowthrough	Thymus	nan	21	23
N1-MAA000779-3_11_M-1-1			3	N1.MAA000779.3_11_M.1.1-1-1	3_11_M	Spleen	False	1	False	N1.MAA000779.3_11_M.1.1-1-1	young_source_rule	N1.MAA000779.3_11_M.1.1-1-1-1	one_assay_suffix	3m	1	nan	CD4-positive, alpha-beta T cell	CL:0000084	Cd3e T cell	facs	3_11_M	408560.0	1527.0	male	nan	Spleen	nan	6	5
N1-MAA001888-3_39_F-1-1			3	N1.MAA001888.3_39_F.1.1-1-1	3_39_F	Marrow	False	1	False	N1.MAA001888.3_39_F.1.1-1-1	young_source_rule	N1.MAA001888.3_39_F.1.1-1-1-1	one_assay_suffix	3m	1	nan	NK cell	CL:0000824	NK cell	facs	3_39_F	552309.0	4349.0	female	T-cells	Marrow	nan	40	9
N1-MAA001889-3_38_F-1-1	9.0	2.0	3	N1.MAA001889.3_38_F.1.1-1-1	3_38_F	Lung	True	2	True	N1.MAA001889.3_38_F.1.1-1-1	young_source_rule		unmatched																
N10-B002955-3_56_F-1-1			3	N10.B002955.3_56_F.1.1-1-1	3_56_F	GAT	False	1	False	N10.B002955.3_56_F.1.1-1-1	young_source_rule	N10.B002955.3_56_F.1.1-1-1-1	one_assay_suffix	3m	1	nan	CD8-positive, alpha-beta T cell	CL:0000084	nan	facs	3_56_F	762074.0	2419.0	female	Fat	GAT	nan	6	5
N10-B003291-3_39_F-1-1			3	N10.B003291.3_39_F.1.1-1-1	3_39_F	Thymus	False	1	False	N10.B003291.3_39_F.1.1-1-1	young_source_rule	N10.B003291.3_39_F.1.1-1-1-1	one_assay_suffix	3m	1	nan	thymocyte	CL:0002420	DN to DP transition (most are Cd8+/ Cd4+, some undergoing VDJ recombination)	facs	3_39_F	888703.0	1614.0	female	Flowthrough	Thymus	nan	21	23
N10-D043520-3_39_F-1-1			3	N10.D043520.3_39_F.1.1-1-1	3_39_F	MAT	False	1	False	N10.D043520.3_39_F.1.1-1-1	young_source_rule	N10.D043520.3_39_F.1.1-1-1-1	one_assay_suffix	3m	1	nan	CD8-positive, alpha-beta T cell	CL:0000084	nan	facs	3_39_F	617237.0	2026.0	female	Fat	MAT	nan	4	9
N10-MAA000442-3_11_M-1-1			3	N10.MAA000442.3_11_M.1.1-1-1	3_11_M	BAT	False	1	False	N10.MAA000442.3_11_M.1.1-1-1	young_source_rule	N10.MAA000442.3_11_M.1.1-1-1-1	one_assay_suffix	3m	1	nan	T cell	CL:0000084	nan	facs	3_11_M	526942.0	2117.0	male	Fat	BAT	nan	6	5
N10-MAA000607-3_9_M-1-1			3	N10.MAA000607.3_9_M.1.1-1-1	3_9_M	Thymus	False	1	False	N10.MAA000607.3_9_M.1.1-1-1	young_source_rule	N10.MAA000607.3_9_M.1.1-1-1-1	one_assay_suffix	3m	1	nan	thymocyte	CL:0002420	DN to DP transition (most are Cd8+/ Cd4+, some undergoing VDJ recombination)	facs	3_9_M	296518.0	1783.0	male	nan	Thymus	nan	21	23
N10-MAA000609-3_8_M-1-1			3	N10.MAA000609.3_8_M.1.1-1-1	3_8_M	Thymus	False	1	False	N10.MAA000609.3_8_M.1.1-1-1	young_source_rule	N10.MAA000609.3_8_M.1.1-1-1-1	one_assay_suffix	3m	1	nan	thymocyte	CL:0002420	DN to DP transition (most are Cd8+/ Cd4+, some undergoing VDJ recombination)	facs	3_8_M	404294.0	1992.0	male	nan	Thymus	nan	21	23
N10-MAA000880-3_11_M-1-1			3	N10.MAA000880.3_11_M.1.1-1-1	3_11_M	Thymus	False	1	False	N10.MAA000880.3_11_M.1.1-1-1	young_source_rule	N10.MAA000880.3_11_M.1.1-1-1-1	one_assay_suffix	3m	1	nan	thymocyte	CL:0002420	DN to DP transition (most are Cd8+/ Cd4+, some undergoing VDJ recombination)	facs	3_11_M	505634.0	962.0	male	nan	Thymus	nan	6	23
N10-MAA000914-3_9_M-1-1			3	N10.MAA000914.3_9_M.1.1-1-1	3_9_M	MAT	False	1	False	N10.MAA000914.3_9_M.1.1-1-1	young_source_rule	N10.MAA000914.3_9_M.1.1-1-1-1	one_assay_suffix	3m	1	nan	CD4-positive, alpha-beta T cell	CL:0000084	nan	facs	3_9_M	1291398.0	2206.0	male	Fat	MAT	nan	6	5
N11-B000827-3_38_F-1-1			3	N11.B000827.3_38_F.1.1-1-1	3_38_F	Thymus	False	1	False	N11.B000827.3_38_F.1.1-1-1	young_source_rule	N11.B000827.3_38_F.1.1-1-1-1	one_assay_suffix	3m	1	nan	DN4 thymocyte	CL:0002420	DN4 thymocyte	facs	3_38_F	450279.0	2091.0	female	Flowthrough	Thymus	nan	6	5
N11-B002707-3_39_F-1-1			3	N11.B002707.3_39_F.1.1-1-1	3_39_F	BAT	False	1	False	N11.B002707.3_39_F.1.1-1-1	young_source_rule	N11.B002707.3_39_F.1.1-1-1-1	one_assay_suffix	3m	1	nan	T cell	CL:0000084	nan	facs	3_39_F	252995.0	1674.0	female	Fat	BAT	nan	6	5
N11-B003291-3_39_F-1-1			3	N11.B003291.3_39_F.1.1-1-1	3_39_F	Thymus	False	1	False	N11.B003291.3_39_F.1.1-1-1	young_source_rule	N11.B003291.3_39_F.1.1-1-1-1	one_assay_suffix	3m	1	nan	thymocyte	CL:0002420	DN to DP transition (most are Cd8+/ Cd4+, some undergoing VDJ recombination)	facs	3_39_F	835301.0	1218.0	female	Flowthrough	Thymus	nan	21	23
N11-D045064-3_38_F-1-1			3	N11.D045064.3_38_F.1.1-1-1	3_38_F	MAT	False	1	False	N11.D045064.3_38_F.1.1-1-1	young_source_rule	N11.D045064.3_38_F.1.1-1-1-1	one_assay_suffix	3m	1	nan	CD4-positive, alpha-beta T cell	CL:0000084	nan	facs	3_38_F	828665.0	1232.0	female	Fat	MAT	nan	6	5
N11-MAA000609-3_8_M-1-1			3	N11.MAA000609.3_8_M.1.1-1-1	3_8_M	Thymus	False	1	False	N11.MAA000609.3_8_M.1.1-1-1	young_source_rule	N11.MAA000609.3_8_M.1.1-1-1-1	one_assay_suffix	3m	1	nan	thymocyte	CL:0002420	DN to DP transition (most are Cd8+/ Cd4+, some undergoing VDJ recombination)	facs	3_8_M	97503.0	1435.0	male	nan	Thymus	nan	21	23
N11-MAA000880-3_11_M-1-1			3	N11.MAA000880.3_11_M.1.1-1-1	3_11_M	Thymus	False	1	False	N11.MAA000880.3_11_M.1.1-1-1	young_source_rule	N11.MAA000880.3_11_M.1.1-1-1-1	one_assay_suffix	3m	1	nan	DN4 thymocyte	CL:0002420	DN4 thymocyte	facs	3_11_M	524547.0	1301.0	male	nan	Thymus	nan	4	9
N11-MAA000914-3_9_M-1-1			3	N11.MAA000914.3_9_M.1.1-1-1	3_9_M	MAT	False	1	False	N11.MAA000914.3_9_M.1.1-1-1	young_source_rule	N11.MAA000914.3_9_M.1.1-1-1-1	one_assay_suffix	3m	1	nan	CD4-positive, alpha-beta T cell	CL:0000084	nan	facs	3_9_M	741701.0	1513.0	male	Fat	MAT	nan	6	5
N12-B000827-3_38_F-1-1			3	N12.B000827.3_38_F.1.1-1-1	3_38_F	Thymus	False	1	False	N12.B000827.3_38_F.1.1-1-1	young_source_rule	N12.B000827.3_38_F.1.1-1-1-1	one_assay_suffix	3m	1	nan	DN4 thymocyte	CL:0002420	DN4 thymocyte	facs	3_38_F	335640.0	1975.0	female	Flowthrough	Thymus	nan	6	5
N12-B001750-3_38_F-1-1			3	N12.B001750.3_38_F.1.1-1-1	3_38_F	Spleen	False	1	False	N12.B001750.3_38_F.1.1-1-1	young_source_rule	N12.B001750.3_38_F.1.1-1-1-1	one_assay_suffix	3m	1	nan	CD8-positive, alpha-beta T cell	CL:0000084	Cd3e T cell	facs	3_38_F	441836.0	1774.0	female	nan	Spleen	nan	6	5
N12-B003291-3_39_F-1-1			3	N12.B003291.3_39_F.1.1-1-1	3_39_F	Thymus	False	1	False	N12.B003291.3_39_F.1.1-1-1	young_source_rule	N12.B003291.3_39_F.1.1-1-1-1	one_assay_suffix	3m	1	nan	thymocyte	CL:0002420	DN to DP transition (most are Cd8+/ Cd4+, some undergoing VDJ recombination)	facs	3_39_F	1248114.0	1819.0	female	Flowthrough	Thymus	nan	21	23
N12-MAA000607-3_9_M-1-1			3	N12.MAA000607.3_9_M.1.1-1-1	3_9_M	Thymus	False	1	False	N12.MAA000607.3_9_M.1.1-1-1	young_source_rule	N12.MAA000607.3_9_M.1.1-1-1-1	one_assay_suffix	3m	1	nan	DN4 thymocyte	CL:0002420	DN4 thymocyte	facs	3_9_M	443787.0	2103.0	male	nan	Thymus	nan	6	5
N12-MAA000609-3_8_M-1-1			3	N12.MAA000609.3_8_M.1.1-1-1	3_8_M	Thymus	False	1	False	N12.MAA000609.3_8_M.1.1-1-1	young_source_rule	N12.MAA000609.3_8_M.1.1-1-1-1	one_assay_suffix	3m	1	nan	DN4 thymocyte	CL:0002420	DN4 thymocyte	facs	3_8_M	102290.0	2026.0	male	nan	Thymus	nan	6	5
N12-MAA000844-3_10_M-1-1			3	N12.MAA000844.3_10_M.1.1-1-1	3_10_M	Marrow	False	1	False	N12.MAA000844.3_10_M.1.1-1-1	young_source_rule	N12.MAA000844.3_10_M.1.1-1-1-1	one_assay_suffix	3m	1	nan	mature alpha-beta T cell	CL:0002420	BM CD8 + CD4 T cell	facs	3_10_M	688199.0	2079.0	male	T-cells	Marrow	nan	4	9
N12-MAA000877-3_11_M-1-1			3	N12.MAA000877.3_11_M.1.1-1-1	3_11_M	MAT	False	1	False	N12.MAA000877.3_11_M.1.1-1-1	young_source_rule	N12.MAA000877.3_11_M.1.1-1-1-1	one_assay_suffix	3m	1	nan	CD8-positive, alpha-beta T cell	CL:0000084	nan	facs	3_11_M	790321.0	2253.0	male	Fat	MAT	nan	4	9
N12-MAA000880-3_11_M-1-1			3	N12.MAA000880.3_11_M.1.1-1-1	3_11_M	Thymus	False	1	False	N12.MAA000880.3_11_M.1.1-1-1	young_source_rule	N12.MAA000880.3_11_M.1.1-1-1-1	one_assay_suffix	3m	1	nan	DN4 thymocyte	CL:0002420	DN4 thymocyte	facs	3_11_M	559011.0	1324.0	male	nan	Thymus	nan	6	5
N12-MAA001888-3_39_F-1-1			3	N12.MAA001888.3_39_F.1.1-1-1	3_39_F	Marrow	False	1	False	N12.MAA001888.3_39_F.1.1-1-1	young_source_rule	N12.MAA001888.3_39_F.1.1-1-1-1	one_assay_suffix	3m	1	nan	mature alpha-beta T cell	CL:0000236	BM CD8 + CD4 T cell	facs	3_39_F	249166.0	3520.0	female	T-cells	Marrow	nan	40	47
N12-MAA001889-3_38_F-1-1			3	N12.MAA001889.3_38_F.1.1-1-1	3_38_F	Lung	False	1	False	N12.MAA001889.3_38_F.1.1-1-1	young_source_rule	N12.MAA001889.3_38_F.1.1-1-1-1	one_assay_suffix	3m	1	nan	NK cell	CL:0000623	Natural Killer	facs	3_38_F	2433816.0	1906.0	female	EPCAM	Lung	nan	40	47
N13-B000827-3_38_F-1-1			3	N13.B000827.3_38_F.1.1-1-1	3_38_F	Thymus	False	1	False	N13.B000827.3_38_F.1.1-1-1	young_source_rule	N13.B000827.3_38_F.1.1-1-1-1	one_assay_suffix	3m	1	nan	DN4 thymocyte	CL:0002420	DN4 thymocyte	facs	3_38_F	490712.0	1791.0	female	Flowthrough	Thymus	nan	6	5
N13-B001960-3_56_F-1-1			3	N13.B001960.3_56_F.1.1-1-1	3_56_F	BAT	False	1	False	N13.B001960.3_56_F.1.1-1-1	young_source_rule	N13.B001960.3_56_F.1.1-1-1-1	one_assay_suffix	3m	1	nan	T cell	CL:0000084	nan	facs	3_56_F	1046913.0	1649.0	female	Fat	BAT	nan	6	5
N13-B002314-3_56_F-1-1			3	N13.B002314.3_56_F.1.1-1-1	3_56_F	MAT	False	1	False	N13.B002314.3_56_F.1.1-1-1	young_source_rule	N13.B002314.3_56_F.1.1-1-1-1	one_assay_suffix	3m	1	nan	CD4-positive, alpha-beta T cell	CL:0000084	nan	facs	3_56_F	1307821.0	2170.0	female	Fat	MAT	nan	6	5
N13-B003291-3_39_F-1-1			3	N13.B003291.3_39_F.1.1-1-1	3_39_F	Thymus	False	1	False	N13.B003291.3_39_F.1.1-1-1	young_source_rule	N13.B003291.3_39_F.1.1-1-1-1	one_assay_suffix	3m	1	nan	thymocyte	CL:0002420	DN to DP transition (most are Cd8+/ Cd4+, some undergoing VDJ recombination)	facs	3_39_F	1166793.0	1515.0	female	Flowthrough	Thymus	nan	21	23
N13-MAA000607-3_9_M-1-1			3	N13.MAA000607.3_9_M.1.1-1-1	3_9_M	Thymus	False	1	False	N13.MAA000607.3_9_M.1.1-1-1	young_source_rule	N13.MAA000607.3_9_M.1.1-1-1-1	one_assay_suffix	3m	1	nan	thymocyte	CL:0000738	DN to DP transition (most are Cd8+/ Cd4+, some undergoing VDJ recombination)	facs	3_9_M	553417.0	2104.0	male	nan	Thymus	nan	21	23
N13-MAA000877-3_11_M-1-1			3	N13.MAA000877.3_11_M.1.1-1-1	3_11_M	MAT	False	1	False	N13.MAA000877.3_11_M.1.1-1-1	young_source_rule	N13.MAA000877.3_11_M.1.1-1-1-1	one_assay_suffix	3m	1	nan	CD4-positive, alpha-beta T cell	CL:0000084	nan	facs	3_11_M	1407476.0	2886.0	male	Fat	MAT	nan	4	5
N13-MAA000880-3_11_M-1-1			3	N13.MAA000880.3_11_M.1.1-1-1	3_11_M	Thymus	False	1	False	N13.MAA000880.3_11_M.1.1-1-1	young_source_rule	N13.MAA000880.3_11_M.1.1-1-1-1	one_assay_suffix	3m	1	nan	DN4 thymocyte	CL:0002420	DN4 thymocyte	facs	3_11_M	569838.0	1407.0	male	nan	Thymus	nan	6	5
N13-MAA001888-3_39_F-1-1			3	N13.MAA001888.3_39_F.1.1-1-1	3_39_F	Marrow	False	1	False	N13.MAA001888.3_39_F.1.1-1-1	young_source_rule	N13.MAA001888.3_39_F.1.1-1-1-1	one_assay_suffix	3m	1	nan	NK cell	CL:0000914	NK cell	facs	3_39_F	419613.0	3737.0	female	T-cells	Marrow	nan	4	9
N14-B000827-3_38_F-1-1			3	N14.B000827.3_38_F.1.1-1-1	3_38_F	Thymus	False	1	False	N14.B000827.3_38_F.1.1-1-1	young_source_rule	N14.B000827.3_38_F.1.1-1-1-1	one_assay_suffix	3m	1	nan	DN4 thymocyte	CL:0002420	DN4 thymocyte	facs	3_38_F	417812.0	1907.0	female	Flowthrough	Thymus	nan	6	5
N14-B002707-3_39_F-1-1			3	N14.B002707.3_39_F.1.1-1-1	3_39_F	BAT	False	1	False	N14.B002707.3_39_F.1.1-1-1	young_source_rule	N14.B002707.3_39_F.1.1-1-1-1	one_assay_suffix	3m	1	nan	T cell	CL:0000084	nan	facs	3_39_F	283619.0	1859.0	female	Fat	BAT	nan	6	5
N14-B003291-3_39_F-1-1			3	N14.B003291.3_39_F.1.1-1-1	3_39_F	Thymus	False	1	False	N14.B003291.3_39_F.1.1-1-1	young_source_rule	N14.B003291.3_39_F.1.1-1-1-1	one_assay_suffix	3m	1	nan	thymocyte	CL:0002420	DN to DP transition (most are Cd8+/ Cd4+, some undergoing VDJ recombination)	facs	3_39_F	1923767.0	2152.0	female	Flowthrough	Thymus	nan	21	23
N14-MAA000385-3_10_M-1-1			3	N14.MAA000385.3_10_M.1.1-1-1	3_10_M	SCAT	False	1	False	N14.MAA000385.3_10_M.1.1-1-1	young_source_rule	N14.MAA000385.3_10_M.1.1-1-1-1	one_assay_suffix	3m	1	nan	B cell	CL:0000236	nan	facs	3_10_M	1150334.0	3151.0	male	Fat	SCAT	nan	4	48
N14-MAA000607-3_9_M-1-1			3	N14.MAA000607.3_9_M.1.1-1-1	3_9_M	Thymus	False	1	False	N14.MAA000607.3_9_M.1.1-1-1	young_source_rule	N14.MAA000607.3_9_M.1.1-1-1-1	one_assay_suffix	3m	1	nan	thymocyte	CL:0002420	proliferating thymocyte; DN to DP transition, dividing (some are Cd8+/ Cd4+, some undergoing VDJ recombination)	facs	3_9_M	1592649.0	4119.0	male	nan	Thymus	nan	21	23
N14-MAA000609-3_8_M-1-1			3	N14.MAA000609.3_8_M.1.1-1-1	3_8_M	Thymus	False	1	False	N14.MAA000609.3_8_M.1.1-1-1	young_source_rule	N14.MAA000609.3_8_M.1.1-1-1-1	one_assay_suffix	3m	1	nan	thymocyte	CL:0002420	DN to DP transition (most are Cd8+/ Cd4+, some undergoing VDJ recombination)	facs	3_8_M	157614.0	1577.0	male	nan	Thymus	nan	21	23
N14-MAA000779-3_11_M-1-1	33.0	3.0	3	N14.MAA000779.3_11_M.1.1-1-1	3_11_M	Spleen	True	1	False	N14.MAA000779.3_11_M.1.1-1-1	young_source_rule	N14.MAA000779.3_11_M.1.1-1-1-1	one_assay_suffix	3m	1	nan	CD4-positive, alpha-beta T cell	CL:0000084	nan	facs	3_11_M	541740.0	1732.0	male	nan	Spleen	nan	4	9
N14-MAA000880-3_11_M-1-1			3	N14.MAA000880.3_11_M.1.1-1-1	3_11_M	Thymus	False	1	False	N14.MAA000880.3_11_M.1.1-1-1	young_source_rule	N14.MAA000880.3_11_M.1.1-1-1-1	one_assay_suffix	3m	1	nan	DN4 thymocyte	CL:0002420	DN4 thymocyte	facs	3_11_M	600463.0	1422.0	male	nan	Thymus	nan	6	5
N15-B000827-3_38_F-1-1			3	N15.B000827.3_38_F.1.1-1-1	3_38_F	Thymus	False	1	False	N15.B000827.3_38_F.1.1-1-1	young_source_rule	N15.B000827.3_38_F.1.1-1-1-1	one_assay_suffix	3m	1	nan	DN4 thymocyte	CL:0002420	DN4 thymocyte	facs	3_38_F	429731.0	2318.0	female	Flowthrough	Thymus	nan	6	5
N15-B003291-3_39_F-1-1			3	N15.B003291.3_39_F.1.1-1-1	3_39_F	Thymus	False	1	False	N15.B003291.3_39_F.1.1-1-1	young_source_rule	N15.B003291.3_39_F.1.1-1-1-1	one_assay_suffix	3m	1	nan	thymocyte	CL:0002420	DN to DP transition (most are Cd8+/ Cd4+, some undergoing VDJ recombination)	facs	3_39_F	1098293.0	1419.0	female	Flowthrough	Thymus	nan	21	23
N15-MAA000607-3_9_M-1-1			3	N15.MAA000607.3_9_M.1.1-1-1	3_9_M	Thymus	False	1	False	N15.MAA000607.3_9_M.1.1-1-1	young_source_rule	N15.MAA000607.3_9_M.1.1-1-1-1	one_assay_suffix	3m	1	nan	thymocyte	CL:0002420	DN to DP transition (most are Cd8+/ Cd4+, some undergoing VDJ recombination)	facs	3_9_M	387856.0	1571.0	male	nan	Thymus	nan	21	23
N15-MAA000880-3_11_M-1-1			3	N15.MAA000880.3_11_M.1.1-1-1	3_11_M	Thymus	False	1	False	N15.MAA000880.3_11_M.1.1-1-1	young_source_rule	N15.MAA000880.3_11_M.1.1-1-1-1	one_assay_suffix	3m	1	nan	DN4 thymocyte	CL:0002420	DN4 thymocyte	facs	3_11_M	680181.0	1806.0	male	nan	Thymus	nan	6	5
N15-MAA001865-3_38_F-1-1			3	N15.MAA001865.3_38_F.1.1-1-1	3_38_F	Trachea	False	1	False	N15.MAA001865.3_38_F.1.1-1-1	young_source_rule	N15.MAA001865.3_38_F.1.1-1-1-1	one_assay_suffix	3m	1	nan	T cell	CL:0000081	nan	facs	3_38_F	436389.0	3594.0	female	nan	Trachea	nan	21	23
N16-B000827-3_38_F-1-1			3	N16.B000827.3_38_F.1.1-1-1	3_38_F	Thymus	False	1	False	N16.B000827.3_38_F.1.1-1-1	young_source_rule	N16.B000827.3_38_F.1.1-1-1-1	one_assay_suffix	3m	1	nan	DN4 thymocyte	CL:0002420	DN4 thymocyte	facs	3_38_F	242281.0	1586.0	female	Flowthrough	Thymus	nan	6	5
N16-B001750-3_38_F-1-1			3	N16.B001750.3_38_F.1.1-1-1	3_38_F	Spleen	False	1	False	N16.B001750.3_38_F.1.1-1-1	young_source_rule	N16.B001750.3_38_F.1.1-1-1-1	one_assay_suffix	3m	1	nan	CD4-positive, alpha-beta T cell	CL:0000084	Cd3e T cell	facs	3_38_F	309378.0	1237.0	female	nan	Spleen	nan	6	5
N16-B003291-3_39_F-1-1			3	N16.B003291.3_39_F.1.1-1-1	3_39_F	Thymus	False	1	False	N16.B003291.3_39_F.1.1-1-1	young_source_rule	N16.B003291.3_39_F.1.1-1-1-1	one_assay_suffix	3m	1	nan	thymocyte	CL:0002420	DN to DP transition (most are Cd8+/ Cd4+, some undergoing VDJ recombination)	facs	3_39_F	885077.0	1229.0	female	Flowthrough	Thymus	nan	21	23
N16-MAA000607-3_9_M-1-1			3	N16.MAA000607.3_9_M.1.1-1-1	3_9_M	Thymus	False	1	False	N16.MAA000607.3_9_M.1.1-1-1	young_source_rule	N16.MAA000607.3_9_M.1.1-1-1-1	one_assay_suffix	3m	1	nan	thymocyte	CL:0002420	DN to DP transition (most are Cd8+/ Cd4+, some undergoing VDJ recombination)	facs	3_9_M	293926.0	1446.0	male	nan	Thymus	nan	21	23
N16-MAA000844-3_10_M-1-1			3	N16.MAA000844.3_10_M.1.1-1-1	3_10_M	Marrow	False	1	False	N16.MAA000844.3_10_M.1.1-1-1	young_source_rule	N16.MAA000844.3_10_M.1.1-1-1-1	one_assay_suffix	3m	1	nan	NK cell	CL:0000094	Klrb1a/b/c(-) NK cell	facs	3_10_M	1967837.0	3525.0	male	T-cells	Marrow	nan	11	8
N16-MAA000877-3_11_M-1-1			3	N16.MAA000877.3_11_M.1.1-1-1	3_11_M	MAT	False	1	False	N16.MAA000877.3_11_M.1.1-1-1	young_source_rule	N16.MAA000877.3_11_M.1.1-1-1-1	one_assay_suffix	3m	1	nan	CD8-positive, alpha-beta T cell	CL:0000084	nan	facs	3_11_M	568308.0	2182.0	male	Fat	MAT	nan	6	5
N16-MAA000880-3_11_M-1-1			3	N16.MAA000880.3_11_M.1.1-1-1	3_11_M	Thymus	False	1	False	N16.MAA000880.3_11_M.1.1-1-1	young_source_rule	N16.MAA000880.3_11_M.1.1-1-1-1	one_assay_suffix	3m	1	nan	thymocyte	CL:0002420	DN to DP transition (most are Cd8+/ Cd4+, some undergoing VDJ recombination)	facs	3_11_M	236500.0	796.0	male	nan	Thymus	nan	21	23
N16-MAA000934-3_9_M-1-1			3	N16.MAA000934.3_9_M.1.1-1-1	3_9_M	SCAT	False	1	False	N16.MAA000934.3_9_M.1.1-1-1	young_source_rule	N16.MAA000934.3_9_M.1.1-1-1-1	one_assay_suffix	3m	1	nan	CD4-positive, alpha-beta T cell	CL:0000623	nan	facs	3_9_M	112862.0	2338.0	male	Fat	SCAT	nan	40	47
N16-MAA001888-3_39_F-1-1			3	N16.MAA001888.3_39_F.1.1-1-1	3_39_F	Marrow	False	1	False	N16.MAA001888.3_39_F.1.1-1-1	young_source_rule	N16.MAA001888.3_39_F.1.1-1-1-1	one_assay_suffix	3m	1	nan	NK cell	CL:0000914	NK cell	facs	3_39_F	243145.0	2294.0	female	T-cells	Marrow	nan	4	9
N17-B000827-3_38_F-1-1			3	N17.B000827.3_38_F.1.1-1-1	3_38_F	Thymus	False	1	False	N17.B000827.3_38_F.1.1-1-1	young_source_rule	N17.B000827.3_38_F.1.1-1-1-1	one_assay_suffix	3m	1	nan	DN4 thymocyte	CL:0002420	DN4 thymocyte	facs	3_38_F	1117137.0	3688.0	female	Flowthrough	Thymus	nan	4	21
N17-B000971-3_39_F-1-1			3	N17.B000971.3_39_F.1.1-1-1	3_39_F	Spleen	False	1	False	N17.B000971.3_39_F.1.1-1-1	young_source_rule	N17.B000971.3_39_F.1.1-1-1-1	one_assay_suffix	3m	1	nan	CD4-positive, alpha-beta T cell	CL:0000084	Cd3e T cell	facs	3_39_F	372949.0	1300.0	female	nan	Spleen	nan	6	5
N17-B003291-3_39_F-1-1			3	N17.B003291.3_39_F.1.1-1-1	3_39_F	Thymus	False	1	False	N17.B003291.3_39_F.1.1-1-1	young_source_rule	N17.B003291.3_39_F.1.1-1-1-1	one_assay_suffix	3m	1	nan	thymocyte	CL:0002420	DN to DP transition (most are Cd8+/ Cd4+, some undergoing VDJ recombination)	facs	3_39_F	631428.0	2548.0	female	Flowthrough	Thymus	nan	21	23
N17-MAA000607-3_9_M-1-1			3	N17.MAA000607.3_9_M.1.1-1-1	3_9_M	Thymus	False	1	False	N17.MAA000607.3_9_M.1.1-1-1	young_source_rule	N17.MAA000607.3_9_M.1.1-1-1-1	one_assay_suffix	3m	1	nan	thymocyte	CL:0002420	DN to DP transition (most are Cd8+/ Cd4+, some undergoing VDJ recombination)	facs	3_9_M	512588.0	1946.0	male	nan	Thymus	nan	6	23
N17-MAA000609-3_8_M-1-1			3	N17.MAA000609.3_8_M.1.1-1-1	3_8_M	Thymus	False	1	False	N17.MAA000609.3_8_M.1.1-1-1	young_source_rule	N17.MAA000609.3_8_M.1.1-1-1-1	one_assay_suffix	3m	1	nan	DN4 thymocyte	CL:0002420	DN4 thymocyte	facs	3_8_M	143305.0	1424.0	male	nan	Thymus	nan	6	5
N17-MAA000880-3_11_M-1-1			3	N17.MAA000880.3_11_M.1.1-1-1	3_11_M	Thymus	False	1	False	N17.MAA000880.3_11_M.1.1-1-1	young_source_rule	N17.MAA000880.3_11_M.1.1-1-1-1	one_assay_suffix	3m	1	nan	DN4 thymocyte	CL:0002420	DN4 thymocyte	facs	3_11_M	529770.0	1477.0	male	nan	Thymus	nan	6	5
N18-B000827-3_38_F-1-1			3	N18.B000827.3_38_F.1.1-1-1	3_38_F	Thymus	False	1	False	N18.B000827.3_38_F.1.1-1-1	young_source_rule	N18.B000827.3_38_F.1.1-1-1-1	one_assay_suffix	3m	1	nan	DN4 thymocyte	CL:0002420	DN4 thymocyte	facs	3_38_F	473273.0	2172.0	female	Flowthrough	Thymus	nan	6	5
N18-B001750-3_38_F-1-1			3	N18.B001750.3_38_F.1.1-1-1	3_38_F	Spleen	False	1	False	N18.B001750.3_38_F.1.1-1-1	young_source_rule	N18.B001750.3_38_F.1.1-1-1-1	one_assay_suffix	3m	1	nan	CD4-positive, alpha-beta T cell	CL:0000084	Cd3e T cell	facs	3_38_F	717694.0	1750.0	female	nan	Spleen	nan	6	5
N18-MAA000561-3_10_M-1-1	11.0	2.0	3	N18.MAA000561.3_10_M.1.1-1-1	3_10_M	Brain_Non-Myeloid	True	2	True	N18.MAA000561.3_10_M.1.1-1-1	young_source_rule	N18.MAA000561.3_10_M.1.1-1-1-1	one_assay_suffix	3m	1	nan	CD8-positive, alpha-beta T cell	CL:0000128	nan	facs	3_10_M	973696.0	2452.0	male	Cortex	Brain_Non-Myeloid	nan	4	9
N18-MAA000607-3_9_M-1-1			3	N18.MAA000607.3_9_M.1.1-1-1	3_9_M	Thymus	False	1	False	N18.MAA000607.3_9_M.1.1-1-1	young_source_rule	N18.MAA000607.3_9_M.1.1-1-1-1	one_assay_suffix	3m	1	nan	thymocyte	CL:0002420	DN to DP transition (most are Cd8+/ Cd4+, some undergoing VDJ recombination)	facs	3_9_M	354366.0	1766.0	male	nan	Thymus	nan	21	23
N18-MAA000609-3_8_M-1-1			3	N18.MAA000609.3_8_M.1.1-1-1	3_8_M	Thymus	False	1	False	N18.MAA000609.3_8_M.1.1-1-1	young_source_rule	N18.MAA000609.3_8_M.1.1-1-1-1	one_assay_suffix	3m	1	nan	thymocyte	CL:0002420	DN to DP transition (most are Cd8+/ Cd4+, some undergoing VDJ recombination)	facs	3_8_M	131611.0	1395.0	male	nan	Thymus	nan	21	23
N18-MAA000844-3_10_M-1-1			3	N18.MAA000844.3_10_M.1.1-1-1	3_10_M	Marrow	False	1	False	N18.MAA000844.3_10_M.1.1-1-1	young_source_rule	N18.MAA000844.3_10_M.1.1-1-1-1	one_assay_suffix	3m	1	nan	mature alpha-beta T cell	CL:0000236	BM CD8 + CD4 T cell	facs	3_10_M	1770583.0	3461.0	male	T-cells	Marrow	nan	4	48
N18-MAA000880-3_11_M-1-1			3	N18.MAA000880.3_11_M.1.1-1-1	3_11_M	Thymus	False	1	False	N18.MAA000880.3_11_M.1.1-1-1	young_source_rule	N18.MAA000880.3_11_M.1.1-1-1-1	one_assay_suffix	3m	1	nan	DN4 thymocyte	CL:0002420	DN4 thymocyte	facs	3_11_M	622282.0	1709.0	male	nan	Thymus	nan	6	5
N18-MAA001847-3_39_F-1-1			3	N18.MAA001847.3_39_F.1.1-1-1	3_39_F	Lung	False	1	False	N18.MAA001847.3_39_F.1.1-1-1	young_source_rule	N18.MAA001847.3_39_F.1.1-1-1-1	one_assay_suffix	3m	1	nan	CD4-positive, alpha-beta T cell	CL:0000084	CD4+ T	facs	3_39_F	258395.0	2582.0	female	EPCAM	Lung	nan	4	5
N19-B000827-3_38_F-1-1			3	N19.B000827.3_38_F.1.1-1-1	3_38_F	Thymus	False	1	False	N19.B000827.3_38_F.1.1-1-1	young_source_rule	N19.B000827.3_38_F.1.1-1-1-1	one_assay_suffix	3m	1	nan	DN4 thymocyte	CL:0002420	DN4 thymocyte	facs	3_38_F	580754.0	1968.0	female	Flowthrough	Thymus	nan	6	5
N19-B003291-3_39_F-1-1			3	N19.B003291.3_39_F.1.1-1-1	3_39_F	Thymus	False	1	False	N19.B003291.3_39_F.1.1-1-1	young_source_rule	N19.B003291.3_39_F.1.1-1-1-1	one_assay_suffix	3m	1	nan	DN4 thymocyte	CL:0002420	DN4 thymocyte	facs	3_39_F	1726599.0	1341.0	female	Flowthrough	Thymus	nan	6	23
N19-MAA000607-3_9_M-1-1			3	N19.MAA000607.3_9_M.1.1-1-1	3_9_M	Thymus	False	1	False	N19.MAA000607.3_9_M.1.1-1-1	young_source_rule	N19.MAA000607.3_9_M.1.1-1-1-1	one_assay_suffix	3m	1	nan	thymocyte	CL:0002420	DN to DP transition (most are Cd8+/ Cd4+, some undergoing VDJ recombination)	facs	3_9_M	356564.0	1521.0	male	nan	Thymus	nan	21	23
N19-MAA000609-3_8_M-1-1			3	N19.MAA000609.3_8_M.1.1-1-1	3_8_M	Thymus	False	1	False	N19.MAA000609.3_8_M.1.1-1-1	young_source_rule	N19.MAA000609.3_8_M.1.1-1-1-1	one_assay_suffix	3m	1	nan	thymocyte	CL:0002420	DN to DP transition (most are Cd8+/ Cd4+, some undergoing VDJ recombination)	facs	3_8_M	83655.0	1258.0	male	nan	Thymus	nan	21	23
N19-MAA000936-3_9_M-1-1	33.0	3.0	3	N19.MAA000936.3_9_M.1.1-1-1	3_9_M	Heart	True	1	False	N19.MAA000936.3_9_M.1.1-1-1	young_source_rule	N19.MAA000936.3_9_M.1.1-1-1-1	one_assay_suffix	3m	1	nan	T cell	CL:0000738	T cell	facs	3_9_M	181788.0	2712.0	male	RA	Heart	nan	4	21
N19-MAA001884-3_38_F-1-1	35.0	2.0	3	N19.MAA001884.3_38_F.1.1-1-1	3_38_F	Marrow	True	2	True	N19.MAA001884.3_38_F.1.1-1-1	young_source_rule	N19.MAA001884.3_38_F.1.1-1-1-1	one_assay_suffix	3m	1	nan	CD4-positive, alpha-beta T cell	CL:0000236	BM CD4 T cell	facs	3_38_F	1133352.0	3842.0	female	B-cells	Marrow	nan	4	48
N2-B001750-3_38_F-1-1			3	N2.B001750.3_38_F.1.1-1-1	3_38_F	Spleen	False	1	False	N2.B001750.3_38_F.1.1-1-1	young_source_rule	N2.B001750.3_38_F.1.1-1-1-1	one_assay_suffix	3m	1	nan	CD4-positive, alpha-beta T cell	CL:0000084	Cd3e T cell	facs	3_38_F	519610.0	2106.0	female	nan	Spleen	nan	6	5
N2-B003291-3_39_F-1-1			3	N2.B003291.3_39_F.1.1-1-1	3_39_F	Thymus	False	1	False	N2.B003291.3_39_F.1.1-1-1	young_source_rule	N2.B003291.3_39_F.1.1-1-1-1	one_assay_suffix	3m	1	nan	thymocyte	CL:0002420	DN to DP transition (most are Cd8+/ Cd4+, some undergoing VDJ recombination)	facs	3_39_F	982872.0	1619.0	female	Flowthrough	Thymus	nan	21	23
N2-MAA000607-3_9_M-1-1			3	N2.MAA000607.3_9_M.1.1-1-1	3_9_M	Thymus	False	1	False	N2.MAA000607.3_9_M.1.1-1-1	young_source_rule	N2.MAA000607.3_9_M.1.1-1-1-1	one_assay_suffix	3m	1	nan	DN4 thymocyte	CL:0002420	DN4 thymocyte	facs	3_9_M	436075.0	2163.0	male	nan	Thymus	nan	6	5
N20-B000827-3_38_F-1-1			3	N20.B000827.3_38_F.1.1-1-1	3_38_F	Thymus	False	1	False	N20.B000827.3_38_F.1.1-1-1	young_source_rule	N20.B000827.3_38_F.1.1-1-1-1	one_assay_suffix	3m	1	nan	DN4 thymocyte	CL:0002420	DN4 thymocyte	facs	3_38_F	430250.0	1978.0	female	Flowthrough	Thymus	nan	6	5
N20-B003291-3_39_F-1-1			3	N20.B003291.3_39_F.1.1-1-1	3_39_F	Thymus	False	1	False	N20.B003291.3_39_F.1.1-1-1	young_source_rule	N20.B003291.3_39_F.1.1-1-1-1	one_assay_suffix	3m	1	nan	thymocyte	CL:0002420	DN to DP transition (most are Cd8+/ Cd4+, some undergoing VDJ recombination)	facs	3_39_F	1391261.0	888.0	female	Flowthrough	Thymus	nan	21	23
N20-MAA000508-3_9_M-1-1			3	N20.MAA000508.3_9_M.1.1-1-1	3_9_M	Spleen	False	1	False	N20.MAA000508.3_9_M.1.1-1-1	young_source_rule	N20.MAA000508.3_9_M.1.1-1-1-1	one_assay_suffix	3m	1	nan	CD4-positive, alpha-beta T cell	CL:0000084	Cd3e T cell	facs	3_9_M	276672.0	2415.0	male	nan	Spleen	nan	6	5
N20-MAA000607-3_9_M-1-1			3	N20.MAA000607.3_9_M.1.1-1-1	3_9_M	Thymus	False	1	False	N20.MAA000607.3_9_M.1.1-1-1	young_source_rule	N20.MAA000607.3_9_M.1.1-1-1-1	one_assay_suffix	3m	1	nan	DN4 thymocyte	CL:0002420	DN4 thymocyte	facs	3_9_M	314879.0	1658.0	male	nan	Thymus	nan	6	5
N20-MAA000609-3_8_M-1-1			3	N20.MAA000609.3_8_M.1.1-1-1	3_8_M	Thymus	False	1	False	N20.MAA000609.3_8_M.1.1-1-1	young_source_rule	N20.MAA000609.3_8_M.1.1-1-1-1	one_assay_suffix	3m	1	nan	thymocyte	CL:0002420	DN to DP transition (most are Cd8+/ Cd4+, some undergoing VDJ recombination)	facs	3_8_M	124379.0	1441.0	male	nan	Thymus	nan	21	23
N20-MAA000880-3_11_M-1-1			3	N20.MAA000880.3_11_M.1.1-1-1	3_11_M	Thymus	False	1	False	N20.MAA000880.3_11_M.1.1-1-1	young_source_rule	N20.MAA000880.3_11_M.1.1-1-1-1	one_assay_suffix	3m	1	nan	thymocyte	CL:0002420	DN to DP transition (most are Cd8+/ Cd4+, some undergoing VDJ recombination)	facs	3_11_M	475103.0	1054.0	male	nan	Thymus	nan	21	23
N20-MAA001847-3_39_F-1-1			3	N20.MAA001847.3_39_F.1.1-1-1	3_39_F	Lung	False	1	False	N20.MAA001847.3_39_F.1.1-1-1	young_source_rule	N20.MAA001847.3_39_F.1.1-1-1-1	one_assay_suffix	3m	1	nan	CD8-positive, alpha-beta T cell	CL:0000084	CD8+ T	facs	3_39_F	224756.0	2745.0	female	EPCAM	Lung	nan	4	9
N20-MAA001865-3_38_F-1-1			3	N20.MAA001865.3_38_F.1.1-1-1	3_38_F	Trachea	False	1	False	N20.MAA001865.3_38_F.1.1-1-1	young_source_rule	N20.MAA001865.3_38_F.1.1-1-1-1	one_assay_suffix	3m	1	nan	T cell	CL:0000081	nan	facs	3_38_F	651846.0	4644.0	female	nan	Trachea	nan	21	23
N21-B000827-3_38_F-1-1			3	N21.B000827.3_38_F.1.1-1-1	3_38_F	Thymus	False	1	False	N21.B000827.3_38_F.1.1-1-1	young_source_rule	N21.B000827.3_38_F.1.1-1-1-1	one_assay_suffix	3m	1	nan	DN4 thymocyte	CL:0002420	DN4 thymocyte	facs	3_38_F	992236.0	1853.0	female	Flowthrough	Thymus	nan	6	5
N21-B003291-3_39_F-1-1			3	N21.B003291.3_39_F.1.1-1-1	3_39_F	Thymus	False	1	False	N21.B003291.3_39_F.1.1-1-1	young_source_rule	N21.B003291.3_39_F.1.1-1-1-1	one_assay_suffix	3m	1	nan	thymocyte	CL:0002420	DN to DP transition (most are Cd8+/ Cd4+, some undergoing VDJ recombination)	facs	3_39_F	2548000.0	1311.0	female	Flowthrough	Thymus	nan	21	23
N21-MAA000526-3_9_M-1-1			3	N21.MAA000526.3_9_M.1.1-1-1	3_9_M	Lung	False	1	False	N21.MAA000526.3_9_M.1.1-1-1	young_source_rule	N21.MAA000526.3_9_M.1.1-1-1-1	one_assay_suffix	3m	1	nan	CD4-positive, alpha-beta T cell	CL:0000084	CD4+ T	facs	3_9_M	637649.0	2019.0	male	nan	Lung	nan	6	5
N21-MAA000607-3_9_M-1-1			3	N21.MAA000607.3_9_M.1.1-1-1	3_9_M	Thymus	False	1	False	N21.MAA000607.3_9_M.1.1-1-1	young_source_rule	N21.MAA000607.3_9_M.1.1-1-1-1	one_assay_suffix	3m	1	nan	thymocyte	CL:0002420	DN to DP transition (most are Cd8+/ Cd4+, some undergoing VDJ recombination)	facs	3_9_M	487960.0	1848.0	male	nan	Thymus	nan	21	23
N21-MAA000609-3_8_M-1-1			3	N21.MAA000609.3_8_M.1.1-1-1	3_8_M	Thymus	False	1	False	N21.MAA000609.3_8_M.1.1-1-1	young_source_rule	N21.MAA000609.3_8_M.1.1-1-1-1	one_assay_suffix	3m	1	nan	thymocyte	CL:0002420	DN to DP transition (most are Cd8+/ Cd4+, some undergoing VDJ recombination)	facs	3_8_M	246888.0	1602.0	male	nan	Thymus	nan	21	23
N21-MAA000880-3_11_M-1-1	22.0	2.0	3	N21.MAA000880.3_11_M.1.1-1-1	3_11_M	Thymus	True	2	True	N21.MAA000880.3_11_M.1.1-1-1	young_source_rule	N21.MAA000880.3_11_M.1.1-1-1-1	one_assay_suffix	3m	1	nan	DN4 thymocyte	CL:0002420	DN4 thymocyte	facs	3_11_M	397551.0	969.0	male	nan	Thymus	nan	21	23
N22-B000827-3_38_F-1-1			3	N22.B000827.3_38_F.1.1-1-1	3_38_F	Thymus	False	1	False	N22.B000827.3_38_F.1.1-1-1	young_source_rule	N22.B000827.3_38_F.1.1-1-1-1	one_assay_suffix	3m	1	nan	DN4 thymocyte	CL:0002420	DN4 thymocyte	facs	3_38_F	519286.0	1892.0	female	Flowthrough	Thymus	nan	6	5
N22-MAA000530-3_8_M-1-1			3	N22.MAA000530.3_8_M.1.1-1-1	3_8_M	Lung	False	1	False	N22.MAA000530.3_8_M.1.1-1-1	young_source_rule	N22.MAA000530.3_8_M.1.1-1-1-1	one_assay_suffix	3m	1	nan	CD4-positive, alpha-beta T cell	CL:0000084	CD4+ T	facs	3_8_M	1405316.0	1972.0	male	nan	Lung	nan	6	5
N22-MAA000607-3_9_M-1-1			3	N22.MAA000607.3_9_M.1.1-1-1	3_9_M	Thymus	False	1	False	N22.MAA000607.3_9_M.1.1-1-1	young_source_rule	N22.MAA000607.3_9_M.1.1-1-1-1	one_assay_suffix	3m	1	nan	thymocyte	CL:0002420	proliferating thymocyte; DN to DP transition, dividing (some are Cd8+/ Cd4+, some undergoing VDJ recombination)	facs	3_9_M	2034500.0	5234.0	male	nan	Thymus	nan	21	23
N22-MAA000609-3_8_M-1-1			3	N22.MAA000609.3_8_M.1.1-1-1	3_8_M	Thymus	False	1	False	N22.MAA000609.3_8_M.1.1-1-1	young_source_rule	N22.MAA000609.3_8_M.1.1-1-1-1	one_assay_suffix	3m	1	nan	thymocyte	CL:0002420	DN to DP transition (most are Cd8+/ Cd4+, some undergoing VDJ recombination)	facs	3_8_M	123148.0	1278.0	male	nan	Thymus	nan	21	23
N22-MAA000848-3_10_M-1-1			3	N22.MAA000848.3_10_M.1.1-1-1	3_10_M	Marrow	False	1	False	N22.MAA000848.3_10_M.1.1-1-1	young_source_rule	N22.MAA000848.3_10_M.1.1-1-1-1	one_assay_suffix	3m	1	nan	granulocyte monocyte progenitor cell	CL:0002036	granulocyte monocyte progenitor cell	facs	3_10_M	856532.0	5412.0	male	KLS	Marrow	nan	16	35
N22-MAA000880-3_11_M-1-1			3	N22.MAA000880.3_11_M.1.1-1-1	3_11_M	Thymus	False	1	False	N22.MAA000880.3_11_M.1.1-1-1	young_source_rule	N22.MAA000880.3_11_M.1.1-1-1-1	one_assay_suffix	3m	1	nan	DN4 thymocyte	CL:0002420	DN4 thymocyte	facs	3_11_M	358122.0	1154.0	male	nan	Thymus	nan	6	5
N3-B000827-3_38_F-1-1			3	N3.B000827.3_38_F.1.1-1-1	3_38_F	Thymus	False	1	False	N3.B000827.3_38_F.1.1-1-1	young_source_rule	N3.B000827.3_38_F.1.1-1-1-1	one_assay_suffix	3m	1	nan	DN4 thymocyte	CL:0002420	DN4 thymocyte	facs	3_38_F	519742.0	2266.0	female	Flowthrough	Thymus	nan	6	5
N3-B000971-3_39_F-1-1			3	N3.B000971.3_39_F.1.1-1-1	3_39_F	Spleen	False	1	False	N3.B000971.3_39_F.1.1-1-1	young_source_rule	N3.B000971.3_39_F.1.1-1-1-1	one_assay_suffix	3m	1	nan	CD4-positive, alpha-beta T cell	CL:0000084	Cd3e T cell	facs	3_39_F	807779.0	2037.0	female	nan	Spleen	nan	4	21
N3-B003291-3_39_F-1-1			3	N3.B003291.3_39_F.1.1-1-1	3_39_F	Thymus	False	1	False	N3.B003291.3_39_F.1.1-1-1	young_source_rule	N3.B003291.3_39_F.1.1-1-1-1	one_assay_suffix	3m	1	nan	thymocyte	CL:0002420	DN to DP transition (most are Cd8+/ Cd4+, some undergoing VDJ recombination)	facs	3_39_F	790839.0	1741.0	female	Flowthrough	Thymus	nan	21	23
N4-B000827-3_38_F-1-1			3	N4.B000827.3_38_F.1.1-1-1	3_38_F	Thymus	False	1	False	N4.B000827.3_38_F.1.1-1-1	young_source_rule	N4.B000827.3_38_F.1.1-1-1-1	one_assay_suffix	3m	1	nan	DN4 thymocyte	CL:0002420	DN4 thymocyte	facs	3_38_F	561553.0	2356.0	female	Flowthrough	Thymus	nan	6	5
N4-B003291-3_39_F-1-1			3	N4.B003291.3_39_F.1.1-1-1	3_39_F	Thymus	False	1	False	N4.B003291.3_39_F.1.1-1-1	young_source_rule	N4.B003291.3_39_F.1.1-1-1-1	one_assay_suffix	3m	1	nan	thymocyte	CL:0002420	DN to DP transition (most are Cd8+/ Cd4+, some undergoing VDJ recombination)	facs	3_39_F	598210.0	1642.0	female	Flowthrough	Thymus	nan	21	23
N4-MAA000607-3_9_M-1-1			3	N4.MAA000607.3_9_M.1.1-1-1	3_9_M	Thymus	False	1	False	N4.MAA000607.3_9_M.1.1-1-1	young_source_rule	N4.MAA000607.3_9_M.1.1-1-1-1	one_assay_suffix	3m	1	nan	thymocyte	CL:0002420	DN to DP transition (most are Cd8+/ Cd4+, some undergoing VDJ recombination)	facs	3_9_M	256933.0	1415.0	male	nan	Thymus	nan	21	23
N4-MAA000779-3_11_M-1-1	15.0	2.0	3	N4.MAA000779.3_11_M.1.1-1-1	3_11_M	Spleen	True	1	False	N4.MAA000779.3_11_M.1.1-1-1	young_source_rule	N4.MAA000779.3_11_M.1.1-1-1-1	one_assay_suffix	3m	1	nan	CD4-positive, alpha-beta T cell	CL:0000084	Cd3e T cell	facs	3_11_M	183496.0	1071.0	male	nan	Spleen	nan	6	5
N5-B003291-3_39_F-1-1			3	N5.B003291.3_39_F.1.1-1-1	3_39_F	Thymus	False	1	False	N5.B003291.3_39_F.1.1-1-1	young_source_rule	N5.B003291.3_39_F.1.1-1-1-1	one_assay_suffix	3m	1	nan	thymocyte	CL:0002420	DN to DP transition (most are Cd8+/ Cd4+, some undergoing VDJ recombination)	facs	3_39_F	994799.0	1570.0	female	Flowthrough	Thymus	nan	21	23
N5-MAA000607-3_9_M-1-1			3	N5.MAA000607.3_9_M.1.1-1-1	3_9_M	Thymus	False	1	False	N5.MAA000607.3_9_M.1.1-1-1	young_source_rule	N5.MAA000607.3_9_M.1.1-1-1-1	one_assay_suffix	3m	1	nan	thymocyte	CL:0002420	DN to DP transition (most are Cd8+/ Cd4+, some undergoing VDJ recombination)	facs	3_9_M	250550.0	1509.0	male	nan	Thymus	nan	21	23
N5-MAA001888-3_39_F-1-1			3	N5.MAA001888.3_39_F.1.1-1-1	3_39_F	Marrow	False	1	False	N5.MAA001888.3_39_F.1.1-1-1	young_source_rule	N5.MAA001888.3_39_F.1.1-1-1-1	one_assay_suffix	3m	1	nan	mature alpha-beta T cell	CL:0000236	BM CD8 + CD4 T cell	facs	3_39_F	240379.0	2979.0	female	T-cells	Marrow	nan	4	9
N6-B000827-3_38_F-1-1			3	N6.B000827.3_38_F.1.1-1-1	3_38_F	Thymus	False	1	False	N6.B000827.3_38_F.1.1-1-1	young_source_rule	N6.B000827.3_38_F.1.1-1-1-1	one_assay_suffix	3m	1	nan	DN4 thymocyte	CL:0000894	DN4 thymocyte	facs	3_38_F	1137055.0	3017.0	female	Flowthrough	Thymus	nan	4	21
N6-B003291-3_39_F-1-1			3	N6.B003291.3_39_F.1.1-1-1	3_39_F	Thymus	False	1	False	N6.B003291.3_39_F.1.1-1-1	young_source_rule	N6.B003291.3_39_F.1.1-1-1-1	one_assay_suffix	3m	1	nan	thymocyte	CL:0002420	DN to DP transition (most are Cd8+/ Cd4+, some undergoing VDJ recombination)	facs	3_39_F	1010331.0	1380.0	female	Flowthrough	Thymus	nan	21	23
N6-MAA000607-3_9_M-1-1			3	N6.MAA000607.3_9_M.1.1-1-1	3_9_M	Thymus	False	1	False	N6.MAA000607.3_9_M.1.1-1-1	young_source_rule	N6.MAA000607.3_9_M.1.1-1-1-1	one_assay_suffix	3m	1	nan	DN4 thymocyte	CL:0002420	DN4 thymocyte	facs	3_9_M	429296.0	2217.0	male	nan	Thymus	nan	6	5
N7-B003291-3_39_F-1-1			3	N7.B003291.3_39_F.1.1-1-1	3_39_F	Thymus	False	1	False	N7.B003291.3_39_F.1.1-1-1	young_source_rule	N7.B003291.3_39_F.1.1-1-1-1	one_assay_suffix	3m	1	nan	thymocyte	CL:0002420	DN to DP transition (most are Cd8+/ Cd4+, some undergoing VDJ recombination)	facs	3_39_F	701288.0	1986.0	female	Flowthrough	Thymus	nan	21	23
N7-D043526-3_39_F-1-1			3	N7.D043526.3_39_F.1.1-1-1	3_39_F	SCAT	False	1	False	N7.D043526.3_39_F.1.1-1-1	young_source_rule	N7.D043526.3_39_F.1.1-1-1-1	one_assay_suffix	3m	1	nan	T cell	CL:0000084	nan	facs	3_39_F	633566.0	1309.0	female	Fat	SCAT	nan	6	5
N7-MAA000607-3_9_M-1-1	40.0	2.0	3	N7.MAA000607.3_9_M.1.1-1-1	3_9_M	Thymus	True	1	False	N7.MAA000607.3_9_M.1.1-1-1	young_source_rule	N7.MAA000607.3_9_M.1.1-1-1-1	one_assay_suffix	3m	1	nan	DN4 thymocyte	CL:0002420	DN4 thymocyte	facs	3_9_M	396443.0	2011.0	male	nan	Thymus	nan	6	5
N7-MAA000609-3_8_M-1-1			3	N7.MAA000609.3_8_M.1.1-1-1	3_8_M	Thymus	False	1	False	N7.MAA000609.3_8_M.1.1-1-1	young_source_rule	N7.MAA000609.3_8_M.1.1-1-1-1	one_assay_suffix	3m	1	nan	thymocyte	CL:0002420	proliferating thymocyte; DN to DP transition, dividing (some are Cd8+/ Cd4+, some undergoing VDJ recombination)	facs	3_8_M	1838423.0	4521.0	male	nan	Thymus	nan	21	23
N7-MAA000880-3_11_M-1-1			3	N7.MAA000880.3_11_M.1.1-1-1	3_11_M	Thymus	False	1	False	N7.MAA000880.3_11_M.1.1-1-1	young_source_rule	N7.MAA000880.3_11_M.1.1-1-1-1	one_assay_suffix	3m	1	nan	thymocyte	CL:0002420	DN to DP transition (most are Cd8+/ Cd4+, some undergoing VDJ recombination)	facs	3_11_M	1296212.0	1645.0	male	nan	Thymus	nan	21	23
N8-B000827-3_38_F-1-1			3	N8.B000827.3_38_F.1.1-1-1	3_38_F	Thymus	False	1	False	N8.B000827.3_38_F.1.1-1-1	young_source_rule	N8.B000827.3_38_F.1.1-1-1-1	one_assay_suffix	3m	1	nan	DN4 thymocyte	CL:0002420	DN4 thymocyte	facs	3_38_F	290641.0	1705.0	female	Flowthrough	Thymus	nan	6	5
N8-B000971-3_39_F-1-1			3	N8.B000971.3_39_F.1.1-1-1	3_39_F	Spleen	False	1	False	N8.B000971.3_39_F.1.1-1-1	young_source_rule	N8.B000971.3_39_F.1.1-1-1-1	one_assay_suffix	3m	1	nan	CD4-positive, alpha-beta T cell	CL:0000084	Cd3e T cell	facs	3_39_F	444175.0	1724.0	female	nan	Spleen	nan	4	5
N8-B001750-3_38_F-1-1			3	N8.B001750.3_38_F.1.1-1-1	3_38_F	Spleen	False	1	False	N8.B001750.3_38_F.1.1-1-1	young_source_rule	N8.B001750.3_38_F.1.1-1-1-1	one_assay_suffix	3m	1	nan	CD8-positive, alpha-beta T cell	CL:0000084	Cd3e T cell	facs	3_38_F	518023.0	1920.0	female	nan	Spleen	nan	6	5
N8-B003291-3_39_F-1-1			3	N8.B003291.3_39_F.1.1-1-1	3_39_F	Thymus	False	1	False	N8.B003291.3_39_F.1.1-1-1	young_source_rule	N8.B003291.3_39_F.1.1-1-1-1	one_assay_suffix	3m	1	nan	thymocyte	CL:0002420	DN to DP transition (most are Cd8+/ Cd4+, some undergoing VDJ recombination)	facs	3_39_F	597833.0	1426.0	female	Flowthrough	Thymus	nan	21	23
N8-MAA000442-3_11_M-1-1			3	N8.MAA000442.3_11_M.1.1-1-1	3_11_M	BAT	False	1	False	N8.MAA000442.3_11_M.1.1-1-1	young_source_rule	N8.MAA000442.3_11_M.1.1-1-1-1	one_assay_suffix	3m	1	nan	T cell	CL:0000084	nan	facs	3_11_M	449915.0	2047.0	male	Fat	BAT	nan	4	5
N8-MAA000508-3_9_M-1-1			3	N8.MAA000508.3_9_M.1.1-1-1	3_9_M	Spleen	False	1	False	N8.MAA000508.3_9_M.1.1-1-1	young_source_rule	N8.MAA000508.3_9_M.1.1-1-1-1	one_assay_suffix	3m	1	nan	CD4-positive, alpha-beta T cell	CL:0000084	Cd3e T cell	facs	3_9_M	264855.0	1970.0	male	nan	Spleen	nan	6	5
N8-MAA000607-3_9_M-1-1			3	N8.MAA000607.3_9_M.1.1-1-1	3_9_M	Thymus	False	1	False	N8.MAA000607.3_9_M.1.1-1-1	young_source_rule	N8.MAA000607.3_9_M.1.1-1-1-1	one_assay_suffix	3m	1	nan	thymocyte	CL:0002420	DN to DP transition (most are Cd8+/ Cd4+, some undergoing VDJ recombination)	facs	3_9_M	329644.0	1733.0	male	nan	Thymus	nan	21	23
N8-MAA000609-3_8_M-1-1			3	N8.MAA000609.3_8_M.1.1-1-1	3_8_M	Thymus	False	1	False	N8.MAA000609.3_8_M.1.1-1-1	young_source_rule	N8.MAA000609.3_8_M.1.1-1-1-1	one_assay_suffix	3m	1	nan	thymocyte	CL:0002420	proliferating thymocyte; DN to DP transition, dividing (some are Cd8+/ Cd4+, some undergoing VDJ recombination)	facs	3_8_M	872665.0	3871.0	male	nan	Thymus	nan	21	23
N8-MAA000880-3_11_M-1-1			3	N8.MAA000880.3_11_M.1.1-1-1	3_11_M	Thymus	False	1	False	N8.MAA000880.3_11_M.1.1-1-1	young_source_rule	N8.MAA000880.3_11_M.1.1-1-1-1	one_assay_suffix	3m	1	nan	thymocyte	CL:0002420	DN to DP transition (most are Cd8+/ Cd4+, some undergoing VDJ recombination)	facs	3_11_M	508326.0	1002.0	male	nan	Thymus	nan	21	23
N8-MAA001888-3_39_F-1-1			3	N8.MAA001888.3_39_F.1.1-1-1	3_39_F	Marrow	False	1	False	N8.MAA001888.3_39_F.1.1-1-1	young_source_rule	N8.MAA001888.3_39_F.1.1-1-1-1	one_assay_suffix	3m	1	nan	NK cell	CL:0000094	Klrb1a/b/c(-) NK cell	facs	3_39_F	343730.0	3445.0	female	T-cells	Marrow	nan	11	7
N9-B000827-3_38_F-1-1			3	N9.B000827.3_38_F.1.1-1-1	3_38_F	Thymus	False	1	False	N9.B000827.3_38_F.1.1-1-1	young_source_rule	N9.B000827.3_38_F.1.1-1-1-1	one_assay_suffix	3m	1	nan	DN4 thymocyte	CL:0002420	DN4 thymocyte	facs	3_38_F	373681.0	1473.0	female	Flowthrough	Thymus	nan	4	21
N9-B001750-3_38_F-1-1			3	N9.B001750.3_38_F.1.1-1-1	3_38_F	Spleen	False	1	False	N9.B001750.3_38_F.1.1-1-1	young_source_rule	N9.B001750.3_38_F.1.1-1-1-1	one_assay_suffix	3m	1	nan	CD8-positive, alpha-beta T cell	CL:0000084	Cd3e T cell	facs	3_38_F	342102.0	1761.0	female	nan	Spleen	nan	6	5
N9-B002314-3_56_F-1-1			3	N9.B002314.3_56_F.1.1-1-1	3_56_F	MAT	False	1	False	N9.B002314.3_56_F.1.1-1-1	young_source_rule	N9.B002314.3_56_F.1.1-1-1-1	one_assay_suffix	3m	1	nan	CD8-positive, alpha-beta T cell	CL:0000084	nan	facs	3_56_F	1346614.0	1790.0	female	Fat	MAT	nan	4	9
N9-B003291-3_39_F-1-1			3	N9.B003291.3_39_F.1.1-1-1	3_39_F	Thymus	False	1	False	N9.B003291.3_39_F.1.1-1-1	young_source_rule	N9.B003291.3_39_F.1.1-1-1-1	one_assay_suffix	3m	1	nan	thymocyte	CL:0002420	DN to DP transition (most are Cd8+/ Cd4+, some undergoing VDJ recombination)	facs	3_39_F	1351930.0	2196.0	female	Flowthrough	Thymus	nan	21	23
N9-MAA000441-3_10_M-1-1			3	N9.MAA000441.3_10_M.1.1-1-1	3_10_M	BAT	False	1	False	N9.MAA000441.3_10_M.1.1-1-1	young_source_rule	N9.MAA000441.3_10_M.1.1-1-1-1	one_assay_suffix	3m	1	nan	T cell	CL:0000084	nan	facs	3_10_M	252898.0	2243.0	male	Fat	BAT	nan	6	5
N9-MAA000607-3_9_M-1-1			3	N9.MAA000607.3_9_M.1.1-1-1	3_9_M	Thymus	False	1	False	N9.MAA000607.3_9_M.1.1-1-1	young_source_rule	N9.MAA000607.3_9_M.1.1-1-1-1	one_assay_suffix	3m	1	nan	thymocyte	CL:0002420	DN to DP transition (most are Cd8+/ Cd4+, some undergoing VDJ recombination)	facs	3_9_M	249156.0	1331.0	male	nan	Thymus	nan	21	23
N9-MAA000609-3_8_M-1-1			3	N9.MAA000609.3_8_M.1.1-1-1	3_8_M	Thymus	False	1	False	N9.MAA000609.3_8_M.1.1-1-1	young_source_rule	N9.MAA000609.3_8_M.1.1-1-1-1	one_assay_suffix	3m	1	nan	thymocyte	CL:0002420	DN to DP transition (most are Cd8+/ Cd4+, some undergoing VDJ recombination)	facs	3_8_M	225254.0	1216.0	male	nan	Thymus	nan	21	23
N9-MAA000844-3_10_M-1-1			3	N9.MAA000844.3_10_M.1.1-1-1	3_10_M	Marrow	False	1	False	N9.MAA000844.3_10_M.1.1-1-1	young_source_rule	N9.MAA000844.3_10_M.1.1-1-1-1	one_assay_suffix	3m	1	nan	NK cell	CL:0000914	NK cell	facs	3_10_M	1254519.0	2697.0	male	T-cells	Marrow	nan	4	47
N9-MAA000880-3_11_M-1-1			3	N9.MAA000880.3_11_M.1.1-1-1	3_11_M	Thymus	False	1	False	N9.MAA000880.3_11_M.1.1-1-1	young_source_rule	N9.MAA000880.3_11_M.1.1-1-1-1	one_assay_suffix	3m	1	nan	DN4 thymocyte	CL:0002420	DN4 thymocyte	facs	3_11_M	483938.0	1106.0	male	nan	Thymus	nan	6	5
O1-B000827-3_38_F-1-1			3	O1.B000827.3_38_F.1.1-1-1	3_38_F	Thymus	False	1	False	O1.B000827.3_38_F.1.1-1-1	young_source_rule	O1.B000827.3_38_F.1.1-1-1-1	one_assay_suffix	3m	1	nan	DN4 thymocyte	CL:0002420	DN4 thymocyte	facs	3_38_F	612843.0	2389.0	female	Flowthrough	Thymus	nan	6	5
O1-B001750-3_38_F-1-1			3	O1.B001750.3_38_F.1.1-1-1	3_38_F	Spleen	False	1	False	O1.B001750.3_38_F.1.1-1-1	young_source_rule	O1.B001750.3_38_F.1.1-1-1-1	one_assay_suffix	3m	1	nan	CD4-positive, alpha-beta T cell	CL:0000084	Cd3e T cell	facs	3_38_F	1141272.0	2134.0	female	nan	Spleen	nan	4	5
O1-B002762-3_39_F-1-1			3	O1.B002762.3_39_F.1.1-1-1	3_39_F	Diaphragm	False	1	False	O1.B002762.3_39_F.1.1-1-1	young_source_rule	O1.B002762.3_39_F.1.1-1-1-1	one_assay_suffix	3m	1	nan	T cell	nan	nan	facs	3_39_F	43297.0	1185.0	female	Limb_Muscle	Diaphragm	nan	4	21
O1-B003285-3_38_F-1-1			3	O1.B003285.3_38_F.1.1-1-1	3_38_F	Thymus	False	1	False	O1.B003285.3_38_F.1.1-1-1	young_source_rule	O1.B003285.3_38_F.1.1-1-1-1	one_assay_suffix	3m	1	nan	thymocyte	CL:0002420	DN to DP transition (most are Cd8+/ Cd4+, some undergoing VDJ recombination)	facs	3_38_F	176810.0	1674.0	female	Epithelium	Thymus	nan	21	23
O1-B003291-3_39_F-1-1	16.0	2.0	3	O1.B003291.3_39_F.1.1-1-1	3_39_F	Thymus	True	1	False	O1.B003291.3_39_F.1.1-1-1	young_source_rule	O1.B003291.3_39_F.1.1-1-1-1	one_assay_suffix	3m	1	nan	thymocyte	CL:0002420	DN to DP transition (most are Cd8+/ Cd4+, some undergoing VDJ recombination)	facs	3_39_F	448355.0	1655.0	female	Flowthrough	Thymus	nan	21	23
O1-MAA000607-3_9_M-1-1			3	O1.MAA000607.3_9_M.1.1-1-1	3_9_M	Thymus	False	1	False	O1.MAA000607.3_9_M.1.1-1-1	young_source_rule	O1.MAA000607.3_9_M.1.1-1-1-1	one_assay_suffix	3m	1	nan	thymocyte	CL:0002420	DN to DP transition (most are Cd8+/ Cd4+, some undergoing VDJ recombination)	facs	3_9_M	391302.0	1614.0	male	nan	Thymus	nan	21	23
O10-B000636-3_56_F-1-1			3	O10.B000636.3_56_F.1.1-1-1	3_56_F	Heart	False	1	False	O10.B000636.3_56_F.1.1-1-1	young_source_rule	O10.B000636.3_56_F.1.1-1-1-1	one_assay_suffix	3m	1	nan	T cell	CL:0000738	T cell	facs	3_56_F	780059.0	2183.0	female	LV	Heart	nan	4	9
O10-B000827-3_38_F-1-1			3	O10.B000827.3_38_F.1.1-1-1	3_38_F	Thymus	False	1	False	O10.B000827.3_38_F.1.1-1-1	young_source_rule	O10.B000827.3_38_F.1.1-1-1-1	one_assay_suffix	3m	1	nan	DN4 thymocyte	CL:0002420	DN4 thymocyte	facs	3_38_F	207948.0	2038.0	female	Flowthrough	Thymus	nan	6	5
O10-B002314-3_56_F-1-1			3	O10.B002314.3_56_F.1.1-1-1	3_56_F	MAT	False	1	False	O10.B002314.3_56_F.1.1-1-1	young_source_rule	O10.B002314.3_56_F.1.1-1-1-1	one_assay_suffix	3m	1	nan	CD8-positive, alpha-beta T cell	CL:0000084	nan	facs	3_56_F	955933.0	2600.0	female	Fat	MAT	nan	4	9
O10-B003291-3_39_F-1-1			3	O10.B003291.3_39_F.1.1-1-1	3_39_F	Thymus	False	1	False	O10.B003291.3_39_F.1.1-1-1	young_source_rule	O10.B003291.3_39_F.1.1-1-1-1	one_assay_suffix	3m	1	nan	thymocyte	CL:0002420	DN to DP transition (most are Cd8+/ Cd4+, some undergoing VDJ recombination)	facs	3_39_F	422330.0	1416.0	female	Flowthrough	Thymus	nan	21	23
O10-MAA000385-3_10_M-1-1			3	O10.MAA000385.3_10_M.1.1-1-1	3_10_M	SCAT	False	1	False	O10.MAA000385.3_10_M.1.1-1-1	young_source_rule	O10.MAA000385.3_10_M.1.1-1-1-1	one_assay_suffix	3m	1	nan	T cell	CL:0000084	nan	facs	3_10_M	504253.0	2303.0	male	Fat	SCAT	nan	6	5
O10-MAA000556-3_9_M-1-1			3	O10.MAA000556.3_9_M.1.1-1-1	3_9_M	BAT	False	1	False	O10.MAA000556.3_9_M.1.1-1-1	young_source_rule	O10.MAA000556.3_9_M.1.1-1-1-1	one_assay_suffix	3m	1	nan	T cell	CL:0000084	nan	facs	3_9_M	563611.0	2464.0	male	Fat	BAT	nan	4	21
O10-MAA000607-3_9_M-1-1			3	O10.MAA000607.3_9_M.1.1-1-1	3_9_M	Thymus	False	1	False	O10.MAA000607.3_9_M.1.1-1-1	young_source_rule	O10.MAA000607.3_9_M.1.1-1-1-1	one_assay_suffix	3m	1	nan	thymocyte	CL:0002420	DN to DP transition (most are Cd8+/ Cd4+, some undergoing VDJ recombination)	facs	3_9_M	425264.0	1902.0	male	nan	Thymus	nan	6	23
O10-MAA000609-3_8_M-1-1			3	O10.MAA000609.3_8_M.1.1-1-1	3_8_M	Thymus	False	1	False	O10.MAA000609.3_8_M.1.1-1-1	young_source_rule	O10.MAA000609.3_8_M.1.1-1-1-1	one_assay_suffix	3m	1	nan	thymocyte	CL:0002420	proliferating thymocyte; DN to DP transition, dividing (some are Cd8+/ Cd4+, some undergoing VDJ recombination)	facs	3_8_M	502337.0	3253.0	male	nan	Thymus	nan	21	23
O10-MAA000877-3_11_M-1-1			3	O10.MAA000877.3_11_M.1.1-1-1	3_11_M	MAT	False	1	False	O10.MAA000877.3_11_M.1.1-1-1	young_source_rule	O10.MAA000877.3_11_M.1.1-1-1-1	one_assay_suffix	3m	1	nan	CD4-positive, alpha-beta T cell	CL:0000084	nan	facs	3_11_M	440464.0	1610.0	male	Fat	MAT	nan	6	5
O10-MAA000880-3_11_M-1-1			3	O10.MAA000880.3_11_M.1.1-1-1	3_11_M	Thymus	False	1	False	O10.MAA000880.3_11_M.1.1-1-1	young_source_rule	O10.MAA000880.3_11_M.1.1-1-1-1	one_assay_suffix	3m	1	nan	thymocyte	CL:0002420	DN to DP transition (most are Cd8+/ Cd4+, some undergoing VDJ recombination)	facs	3_11_M	746041.0	1840.0	male	nan	Thymus	nan	21	23
O10-MAA000914-3_9_M-1-1	24.0	2.0	3	O10.MAA000914.3_9_M.1.1-1-1	3_9_M	MAT	True	2	True	O10.MAA000914.3_9_M.1.1-1-1	young_source_rule	O10.MAA000914.3_9_M.1.1-1-1-1	one_assay_suffix	3m	1	nan	CD4-positive, alpha-beta T cell	CL:0000084	nan	facs	3_9_M	458356.0	1583.0	male	Fat	MAT	nan	6	5
O10-MAA001888-3_39_F-1-1			3	O10.MAA001888.3_39_F.1.1-1-1	3_39_F	Marrow	False	1	False	O10.MAA001888.3_39_F.1.1-1-1	young_source_rule	O10.MAA001888.3_39_F.1.1-1-1-1	one_assay_suffix	3m	1	nan	promonocyte	CL:0000576	monocyte + promonocyte	facs	3_39_F	619607.0	5943.0	female	T-cells	Marrow	nan	2	17
O11-B003291-3_39_F-1-1			3	O11.B003291.3_39_F.1.1-1-1	3_39_F	Thymus	False	1	False	O11.B003291.3_39_F.1.1-1-1	young_source_rule	O11.B003291.3_39_F.1.1-1-1-1	one_assay_suffix	3m	1	nan	thymocyte	CL:0002420	DN to DP transition (most are Cd8+/ Cd4+, some undergoing VDJ recombination)	facs	3_39_F	799870.0	1402.0	female	Flowthrough	Thymus	nan	21	23
O11-D042186-3_8_M-1-1			3	O11.D042186.3_8_M.1.1-1-1	3_8_M	Limb_Muscle	False	1	False	O11.D042186.3_8_M.1.1-1-1	young_source_rule	O11.D042186.3_8_M.1.1-1-1-1	one_assay_suffix	3m	1	nan	T cell	CL:0000084	nan	facs	3_8_M	368751.0	2858.0	male	ForelimbandHindlimb	Limb_Muscle	nan	4	21
O11-D043520-3_39_F-1-1			3	O11.D043520.3_39_F.1.1-1-1	3_39_F	MAT	False	1	False	O11.D043520.3_39_F.1.1-1-1	young_source_rule	O11.D043520.3_39_F.1.1-1-1-1	one_assay_suffix	3m	1	nan	CD8-positive, alpha-beta T cell	CL:0000084	nan	facs	3_39_F	462013.0	1482.0	female	Fat	MAT	nan	4	5
O11-MAA000607-3_9_M-1-1			3	O11.MAA000607.3_9_M.1.1-1-1	3_9_M	Thymus	False	1	False	O11.MAA000607.3_9_M.1.1-1-1	young_source_rule	O11.MAA000607.3_9_M.1.1-1-1-1	one_assay_suffix	3m	1	nan	DN4 thymocyte	CL:0002420	DN4 thymocyte	facs	3_9_M	403930.0	1974.0	male	nan	Thymus	nan	6	5
O11-MAA000609-3_8_M-1-1			3	O11.MAA000609.3_8_M.1.1-1-1	3_8_M	Thymus	False	1	False	O11.MAA000609.3_8_M.1.1-1-1	young_source_rule	O11.MAA000609.3_8_M.1.1-1-1-1	one_assay_suffix	3m	1	nan	thymocyte	CL:0002420	DN to DP transition (most are Cd8+/ Cd4+, some undergoing VDJ recombination)	facs	3_8_M	103300.0	1257.0	male	nan	Thymus	nan	21	23
O11-MAA000880-3_11_M-1-1			3	O11.MAA000880.3_11_M.1.1-1-1	3_11_M	Thymus	False	1	False	O11.MAA000880.3_11_M.1.1-1-1	young_source_rule	O11.MAA000880.3_11_M.1.1-1-1-1	one_assay_suffix	3m	1	nan	thymocyte	CL:0002420	DN to DP transition (most are Cd8+/ Cd4+, some undergoing VDJ recombination)	facs	3_11_M	444895.0	961.0	male	nan	Thymus	nan	21	23
O11-MAA000913-3_9_M-1-1			3	O11.MAA000913.3_9_M.1.1-1-1	3_9_M	GAT	False	1	False	O11.MAA000913.3_9_M.1.1-1-1	young_source_rule	O11.MAA000913.3_9_M.1.1-1-1-1	one_assay_suffix	3m	1	nan	CD8-positive, alpha-beta T cell	CL:0000084	nan	facs	3_9_M	386056.0	1929.0	male	Fat	GAT	nan	4	9
O11-MAA000914-3_9_M-1-1			3	O11.MAA000914.3_9_M.1.1-1-1	3_9_M	MAT	False	1	False	O11.MAA000914.3_9_M.1.1-1-1	young_source_rule	O11.MAA000914.3_9_M.1.1-1-1-1	one_assay_suffix	3m	1	nan	CD4-positive, alpha-beta T cell	CL:0000084	nan	facs	3_9_M	1415944.0	1889.0	male	Fat	MAT	nan	6	5
O11-MAA001888-3_39_F-1-1			3	O11.MAA001888.3_39_F.1.1-1-1	3_39_F	Marrow	False	1	False	O11.MAA001888.3_39_F.1.1-1-1	young_source_rule	O11.MAA001888.3_39_F.1.1-1-1-1	one_assay_suffix	3m	1	nan	NK cell	CL:0000236	NK cell	facs	3_39_F	270105.0	3152.0	female	T-cells	Marrow	nan	40	47
O12-B000827-3_38_F-1-1			3	O12.B000827.3_38_F.1.1-1-1	3_38_F	Thymus	False	1	False	O12.B000827.3_38_F.1.1-1-1	young_source_rule	O12.B000827.3_38_F.1.1-1-1-1	one_assay_suffix	3m	1	nan	DN4 thymocyte	CL:0002420	DN4 thymocyte	facs	3_38_F	360962.0	2210.0	female	Flowthrough	Thymus	nan	6	5
O12-B002314-3_56_F-1-1			3	O12.B002314.3_56_F.1.1-1-1	3_56_F	MAT	False	1	False	O12.B002314.3_56_F.1.1-1-1	young_source_rule	O12.B002314.3_56_F.1.1-1-1-1	one_assay_suffix	3m	1	nan	CD4-positive, alpha-beta T cell	CL:0000084	nan	facs	3_56_F	841181.0	1805.0	female	Fat	MAT	nan	6	5
O12-B003291-3_39_F-1-1			3	O12.B003291.3_39_F.1.1-1-1	3_39_F	Thymus	False	1	False	O12.B003291.3_39_F.1.1-1-1	young_source_rule	O12.B003291.3_39_F.1.1-1-1-1	one_assay_suffix	3m	1	nan	thymocyte	CL:0002420	DN to DP transition (most are Cd8+/ Cd4+, some undergoing VDJ recombination)	facs	3_39_F	675724.0	1357.0	female	Flowthrough	Thymus	nan	21	23
O12-D043526-3_39_F-1-1	33.0	3.0	3	O12.D043526.3_39_F.1.1-1-1	3_39_F	SCAT	True	1	False	O12.D043526.3_39_F.1.1-1-1	young_source_rule	O12.D043526.3_39_F.1.1-1-1-1	one_assay_suffix	3m	1	nan	NK cell	CL:0000084	nan	facs	3_39_F	1826811.0	3460.0	female	Fat	SCAT	nan	4	21
O12-MAA000607-3_9_M-1-1			3	O12.MAA000607.3_9_M.1.1-1-1	3_9_M	Thymus	False	1	False	O12.MAA000607.3_9_M.1.1-1-1	young_source_rule	O12.MAA000607.3_9_M.1.1-1-1-1	one_assay_suffix	3m	1	nan	DN4 thymocyte	CL:0002420	DN4 thymocyte	facs	3_9_M	432627.0	1894.0	male	nan	Thymus	nan	6	5
O12-MAA000609-3_8_M-1-1			3	O12.MAA000609.3_8_M.1.1-1-1	3_8_M	Thymus	False	1	False	O12.MAA000609.3_8_M.1.1-1-1	young_source_rule	O12.MAA000609.3_8_M.1.1-1-1-1	one_assay_suffix	3m	1	nan	thymocyte	CL:0002420	DN to DP transition (most are Cd8+/ Cd4+, some undergoing VDJ recombination)	facs	3_8_M	81017.0	1249.0	male	nan	Thymus	nan	21	23
O12-MAA000877-3_11_M-1-1			3	O12.MAA000877.3_11_M.1.1-1-1	3_11_M	MAT	False	1	False	O12.MAA000877.3_11_M.1.1-1-1	young_source_rule	O12.MAA000877.3_11_M.1.1-1-1-1	one_assay_suffix	3m	1	nan	CD4-positive, alpha-beta T cell	CL:0000084	nan	facs	3_11_M	596609.0	3739.0	male	Fat	MAT	nan	4	21
O12-MAA000880-3_11_M-1-1			3	O12.MAA000880.3_11_M.1.1-1-1	3_11_M	Thymus	False	1	False	O12.MAA000880.3_11_M.1.1-1-1	young_source_rule	O12.MAA000880.3_11_M.1.1-1-1-1	one_assay_suffix	3m	1	nan	thymocyte	CL:0002420	proliferating thymocyte; DN to DP transition, dividing (some are Cd8+/ Cd4+, some undergoing VDJ recombination)	facs	3_11_M	970720.0	2581.0	male	nan	Thymus	nan	21	23
O13-B000127-3_38_F-1-1			3	O13.B000127.3_38_F.1.1-1-1	3_38_F	SCAT	False	1	False	O13.B000127.3_38_F.1.1-1-1	young_source_rule	O13.B000127.3_38_F.1.1-1-1-1	one_assay_suffix	3m	1	nan	T cell	CL:0000084	nan	facs	3_38_F	236525.0	1603.0	female	Fat	SCAT	nan	6	5
O13-B000827-3_38_F-1-1			3	O13.B000827.3_38_F.1.1-1-1	3_38_F	Thymus	False	1	False	O13.B000827.3_38_F.1.1-1-1	young_source_rule	O13.B000827.3_38_F.1.1-1-1-1	one_assay_suffix	3m	1	nan	DN4 thymocyte	CL:0002420	DN4 thymocyte	facs	3_38_F	259044.0	2646.0	female	Flowthrough	Thymus	nan	6	5
O13-B002314-3_56_F-1-1			3	O13.B002314.3_56_F.1.1-1-1	3_56_F	MAT	False	1	False	O13.B002314.3_56_F.1.1-1-1	young_source_rule	O13.B002314.3_56_F.1.1-1-1-1	one_assay_suffix	3m	1	nan	CD4-positive, alpha-beta T cell	CL:0000084	nan	facs	3_56_F	541133.0	1835.0	female	Fat	MAT	nan	4	21
O13-B003291-3_39_F-1-1			3	O13.B003291.3_39_F.1.1-1-1	3_39_F	Thymus	False	1	False	O13.B003291.3_39_F.1.1-1-1	young_source_rule	O13.B003291.3_39_F.1.1-1-1-1	one_assay_suffix	3m	1	nan	thymocyte	CL:0002420	DN to DP transition (most are Cd8+/ Cd4+, some undergoing VDJ recombination)	facs	3_39_F	799687.0	1861.0	female	Flowthrough	Thymus	nan	21	23
O13-D042105-3_11_M-1-1			3	O13.D042105.3_11_M.1.1-1-1	3_11_M	Diaphragm	False	1	False	O13.D042105.3_11_M.1.1-1-1	young_source_rule	O13.D042105.3_11_M.1.1-1-1-1	one_assay_suffix	3m	1	nan	T cell	CL:0000134	nan	facs	3_11_M	720797.0	2677.0	male	Limb_Muscle	Diaphragm	nan	21	23
O13-MAA000508-3_9_M-1-1			3	O13.MAA000508.3_9_M.1.1-1-1	3_9_M	Spleen	False	1	False	O13.MAA000508.3_9_M.1.1-1-1	young_source_rule	O13.MAA000508.3_9_M.1.1-1-1-1	one_assay_suffix	3m	1	nan	CD4-positive, alpha-beta T cell	CL:0000084	Cd3e T cell	facs	3_9_M	281035.0	1885.0	male	nan	Spleen	nan	6	5
O13-MAA000607-3_9_M-1-1			3	O13.MAA000607.3_9_M.1.1-1-1	3_9_M	Thymus	False	1	False	O13.MAA000607.3_9_M.1.1-1-1	young_source_rule	O13.MAA000607.3_9_M.1.1-1-1-1	one_assay_suffix	3m	1	nan	thymocyte	CL:0002420	DN to DP transition (most are Cd8+/ Cd4+, some undergoing VDJ recombination)	facs	3_9_M	359197.0	1744.0	male	nan	Thymus	nan	21	23
O13-MAA000609-3_8_M-1-1			3	O13.MAA000609.3_8_M.1.1-1-1	3_8_M	Thymus	False	1	False	O13.MAA000609.3_8_M.1.1-1-1	young_source_rule	O13.MAA000609.3_8_M.1.1-1-1-1	one_assay_suffix	3m	1	nan	thymocyte	CL:0002420	DN to DP transition (most are Cd8+/ Cd4+, some undergoing VDJ recombination)	facs	3_8_M	78153.0	1425.0	male	nan	Thymus	nan	21	23
O13-MAA000880-3_11_M-1-1			3	O13.MAA000880.3_11_M.1.1-1-1	3_11_M	Thymus	False	1	False	O13.MAA000880.3_11_M.1.1-1-1	young_source_rule	O13.MAA000880.3_11_M.1.1-1-1-1	one_assay_suffix	3m	1	nan	DN4 thymocyte	CL:0002420	DN4 thymocyte	facs	3_11_M	537651.0	1218.0	male	nan	Thymus	nan	6	5
O13-MAA000914-3_9_M-1-1			3	O13.MAA000914.3_9_M.1.1-1-1	3_9_M	MAT	False	1	False	O13.MAA000914.3_9_M.1.1-1-1	young_source_rule	O13.MAA000914.3_9_M.1.1-1-1-1	one_assay_suffix	3m	1	nan	CD4-positive, alpha-beta T cell	CL:0000084	nan	facs	3_9_M	807685.0	2465.0	male	Fat	MAT	nan	6	5
O13-MAA001888-3_39_F-1-1			3	O13.MAA001888.3_39_F.1.1-1-1	3_39_F	Marrow	False	1	False	O13.MAA001888.3_39_F.1.1-1-1	young_source_rule	O13.MAA001888.3_39_F.1.1-1-1-1	one_assay_suffix	3m	1	nan	NK cell	CL:0000914	NK cell	facs	3_39_F	322590.0	2718.0	female	T-cells	Marrow	nan	4	9
O14-B000827-3_38_F-1-1			3	O14.B000827.3_38_F.1.1-1-1	3_38_F	Thymus	False	1	False	O14.B000827.3_38_F.1.1-1-1	young_source_rule	O14.B000827.3_38_F.1.1-1-1-1	one_assay_suffix	3m	1	nan	DN4 thymocyte	CL:0000894	DN4 thymocyte	facs	3_38_F	128510.0	2087.0	female	Flowthrough	Thymus	nan	4	21
O14-B003291-3_39_F-1-1			3	O14.B003291.3_39_F.1.1-1-1	3_39_F	Thymus	False	1	False	O14.B003291.3_39_F.1.1-1-1	young_source_rule	O14.B003291.3_39_F.1.1-1-1-1	one_assay_suffix	3m	1	nan	DN4 thymocyte	CL:0002420	DN4 thymocyte	facs	3_39_F	564008.0	1561.0	female	Flowthrough	Thymus	nan	21	23
O14-MAA000385-3_10_M-1-1			3	O14.MAA000385.3_10_M.1.1-1-1	3_10_M	SCAT	False	1	False	O14.MAA000385.3_10_M.1.1-1-1	young_source_rule	O14.MAA000385.3_10_M.1.1-1-1-1	one_assay_suffix	3m	1	nan	T cell	CL:0000084	nan	facs	3_10_M	642533.0	2072.0	male	Fat	SCAT	nan	4	5
O14-MAA000441-3_10_M-1-1			3	O14.MAA000441.3_10_M.1.1-1-1	3_10_M	BAT	False	1	False	O14.MAA000441.3_10_M.1.1-1-1	young_source_rule	O14.MAA000441.3_10_M.1.1-1-1-1	one_assay_suffix	3m	1	nan	T cell	CL:0000084	nan	facs	3_10_M	190757.0	1991.0	male	Fat	BAT	nan	6	5
O14-MAA000508-3_9_M-1-1			3	O14.MAA000508.3_9_M.1.1-1-1	3_9_M	Spleen	False	1	False	O14.MAA000508.3_9_M.1.1-1-1	young_source_rule	O14.MAA000508.3_9_M.1.1-1-1-1	one_assay_suffix	3m	1	nan	CD4-positive, alpha-beta T cell	CL:0000084	Cd3e T cell	facs	3_9_M	185534.0	1715.0	male	nan	Spleen	nan	4	21
O14-MAA000556-3_9_M-1-1	3.0	2.0	3	O14.MAA000556.3_9_M.1.1-1-1	3_9_M	BAT	True	1	False	O14.MAA000556.3_9_M.1.1-1-1	young_source_rule	O14.MAA000556.3_9_M.1.1-1-1-1	one_assay_suffix	3m	1	nan	T cell	CL:0000084	nan	facs	3_9_M	404306.0	1624.0	male	Fat	BAT	nan	6	5
O14-MAA000607-3_9_M-1-1			3	O14.MAA000607.3_9_M.1.1-1-1	3_9_M	Thymus	False	1	False	O14.MAA000607.3_9_M.1.1-1-1	young_source_rule	O14.MAA000607.3_9_M.1.1-1-1-1	one_assay_suffix	3m	1	nan	thymocyte	CL:0002420	DN to DP transition (most are Cd8+/ Cd4+, some undergoing VDJ recombination)	facs	3_9_M	319583.0	1597.0	male	nan	Thymus	nan	21	23
O14-MAA000609-3_8_M-1-1			3	O14.MAA000609.3_8_M.1.1-1-1	3_8_M	Thymus	False	1	False	O14.MAA000609.3_8_M.1.1-1-1	young_source_rule	O14.MAA000609.3_8_M.1.1-1-1-1	one_assay_suffix	3m	1	nan	thymocyte	CL:0002420	DN to DP transition (most are Cd8+/ Cd4+, some undergoing VDJ recombination)	facs	3_8_M	151308.0	1633.0	male	nan	Thymus	nan	21	23
O14-MAA000880-3_11_M-1-1			3	O14.MAA000880.3_11_M.1.1-1-1	3_11_M	Thymus	False	1	False	O14.MAA000880.3_11_M.1.1-1-1	young_source_rule	O14.MAA000880.3_11_M.1.1-1-1-1	one_assay_suffix	3m	1	nan	DN4 thymocyte	CL:0002420	DN4 thymocyte	facs	3_11_M	931114.0	2021.0	male	nan	Thymus	nan	6	5
O14-MAA000914-3_9_M-1-1			3	O14.MAA000914.3_9_M.1.1-1-1	3_9_M	MAT	False	1	False	O14.MAA000914.3_9_M.1.1-1-1	young_source_rule	O14.MAA000914.3_9_M.1.1-1-1-1	one_assay_suffix	3m	1	nan	CD8-positive, alpha-beta T cell	CL:0000084	nan	facs	3_9_M	1264336.0	2364.0	male	Fat	MAT	nan	4	9
O14-MAA001889-3_38_F-1-1			3	O14.MAA001889.3_38_F.1.1-1-1	3_38_F	Lung	False	1	False	O14.MAA001889.3_38_F.1.1-1-1	young_source_rule		unmatched																
O15-B001960-3_56_F-1-1			3	O15.B001960.3_56_F.1.1-1-1	3_56_F	BAT	False	1	False	O15.B001960.3_56_F.1.1-1-1	young_source_rule	O15.B001960.3_56_F.1.1-1-1-1	one_assay_suffix	3m	1	nan	T cell	CL:0000084	nan	facs	3_56_F	956544.0	1646.0	female	Fat	BAT	nan	6	5
O15-B003291-3_39_F-1-1			3	O15.B003291.3_39_F.1.1-1-1	3_39_F	Thymus	False	1	False	O15.B003291.3_39_F.1.1-1-1	young_source_rule	O15.B003291.3_39_F.1.1-1-1-1	one_assay_suffix	3m	1	nan	DN4 thymocyte	CL:0002420	DN4 thymocyte	facs	3_39_F	201125.0	1161.0	female	Flowthrough	Thymus	nan	6	5
O15-D042185-3_9_M-1-1			3	O15.D042185.3_9_M.1.1-1-1	3_9_M	Limb_Muscle	False	1	False	O15.D042185.3_9_M.1.1-1-1	young_source_rule	O15.D042185.3_9_M.1.1-1-1-1	one_assay_suffix	3m	1	nan	T cell	CL:0000084	nan	facs	3_9_M	117074.0	2456.0	male	ForelimbandHindlimb	Limb_Muscle	nan	6	9
O15-MAA000508-3_9_M-1-1			3	O15.MAA000508.3_9_M.1.1-1-1	3_9_M	Spleen	False	1	False	O15.MAA000508.3_9_M.1.1-1-1	young_source_rule	O15.MAA000508.3_9_M.1.1-1-1-1	one_assay_suffix	3m	1	nan	CD4-positive, alpha-beta T cell	CL:0000084	Cd3e T cell	facs	3_9_M	165924.0	1620.0	male	nan	Spleen	nan	4	21
O15-MAA000607-3_9_M-1-1			3	O15.MAA000607.3_9_M.1.1-1-1	3_9_M	Thymus	False	1	False	O15.MAA000607.3_9_M.1.1-1-1	young_source_rule	O15.MAA000607.3_9_M.1.1-1-1-1	one_assay_suffix	3m	1	nan	DN4 thymocyte	CL:0002420	DN4 thymocyte	facs	3_9_M	287166.0	1729.0	male	nan	Thymus	nan	6	5
O15-MAA000609-3_8_M-1-1			3	O15.MAA000609.3_8_M.1.1-1-1	3_8_M	Thymus	False	1	False	O15.MAA000609.3_8_M.1.1-1-1	young_source_rule	O15.MAA000609.3_8_M.1.1-1-1-1	one_assay_suffix	3m	1	nan	thymocyte	CL:0002420	DN to DP transition (most are Cd8+/ Cd4+, some undergoing VDJ recombination)	facs	3_8_M	91894.0	1793.0	male	nan	Thymus	nan	6	5
O15-MAA000844-3_10_M-1-1			3	O15.MAA000844.3_10_M.1.1-1-1	3_10_M	Marrow	False	1	False	O15.MAA000844.3_10_M.1.1-1-1	young_source_rule	O15.MAA000844.3_10_M.1.1-1-1-1	one_assay_suffix	3m	1	nan	CD4-positive, alpha-beta T cell	CL:0000815	BM CD4 T cell	facs	3_10_M	207700.0	1505.0	male	T-cells	Marrow	nan	4	21
O15-MAA000880-3_11_M-1-1	4.0	2.0	3	O15.MAA000880.3_11_M.1.1-1-1	3_11_M	Thymus	True	1	False	O15.MAA000880.3_11_M.1.1-1-1	young_source_rule	O15.MAA000880.3_11_M.1.1-1-1-1	one_assay_suffix	3m	1	nan	thymocyte	CL:0002420	DN to DP transition (most are Cd8+/ Cd4+, some undergoing VDJ recombination)	facs	3_11_M	836285.0	1315.0	male	nan	Thymus	nan	21	23
O16-B000827-3_38_F-1-1			3	O16.B000827.3_38_F.1.1-1-1	3_38_F	Thymus	False	1	False	O16.B000827.3_38_F.1.1-1-1	young_source_rule	O16.B000827.3_38_F.1.1-1-1-1	one_assay_suffix	3m	1	nan	DN4 thymocyte	CL:0002420	DN4 thymocyte	facs	3_38_F	371461.0	2089.0	female	Flowthrough	Thymus	nan	4	5
O16-B002314-3_56_F-1-1			3	O16.B002314.3_56_F.1.1-1-1	3_56_F	MAT	False	1	False	O16.B002314.3_56_F.1.1-1-1	young_source_rule	O16.B002314.3_56_F.1.1-1-1-1	one_assay_suffix	3m	1	nan	CD8-positive, alpha-beta T cell	CL:0000084	nan	facs	3_56_F	1172868.0	2566.0	female	Fat	MAT	nan	4	9
O16-B003291-3_39_F-1-1			3	O16.B003291.3_39_F.1.1-1-1	3_39_F	Thymus	False	1	False	O16.B003291.3_39_F.1.1-1-1	young_source_rule	O16.B003291.3_39_F.1.1-1-1-1	one_assay_suffix	3m	1	nan	thymocyte	CL:0002420	DN to DP transition (most are Cd8+/ Cd4+, some undergoing VDJ recombination)	facs	3_39_F	976911.0	1279.0	female	Flowthrough	Thymus	nan	21	23
O16-D042185-3_9_M-1-1			3	O16.D042185.3_9_M.1.1-1-1	3_9_M	Limb_Muscle	False	1	False	O16.D042185.3_9_M.1.1-1-1	young_source_rule	O16.D042185.3_9_M.1.1-1-1-1	one_assay_suffix	3m	1	nan	T cell	CL:0000084	nan	facs	3_9_M	80100.0	2183.0	male	ForelimbandHindlimb	Limb_Muscle	nan	4	21
O16-MAA000607-3_9_M-1-1			3	O16.MAA000607.3_9_M.1.1-1-1	3_9_M	Thymus	False	1	False	O16.MAA000607.3_9_M.1.1-1-1	young_source_rule	O16.MAA000607.3_9_M.1.1-1-1-1	one_assay_suffix	3m	1	nan	thymocyte	CL:0002420	DN to DP transition (most are Cd8+/ Cd4+, some undergoing VDJ recombination)	facs	3_9_M	423876.0	1924.0	male	nan	Thymus	nan	21	23
O16-MAA000609-3_8_M-1-1			3	O16.MAA000609.3_8_M.1.1-1-1	3_8_M	Thymus	False	1	False	O16.MAA000609.3_8_M.1.1-1-1	young_source_rule	O16.MAA000609.3_8_M.1.1-1-1-1	one_assay_suffix	3m	1	nan	DN4 thymocyte	CL:0002420	DN4 thymocyte	facs	3_8_M	79640.0	1082.0	male	nan	Thymus	nan	6	5
O16-MAA000880-3_11_M-1-1			3	O16.MAA000880.3_11_M.1.1-1-1	3_11_M	Thymus	False	1	False	O16.MAA000880.3_11_M.1.1-1-1	young_source_rule	O16.MAA000880.3_11_M.1.1-1-1-1	one_assay_suffix	3m	1	nan	DN4 thymocyte	CL:0002420	DN4 thymocyte	facs	3_11_M	641598.0	1268.0	male	nan	Thymus	nan	6	5
O16-MAA001865-3_38_F-1-1			3	O16.MAA001865.3_38_F.1.1-1-1	3_38_F	Trachea	False	1	False	O16.MAA001865.3_38_F.1.1-1-1	young_source_rule	O16.MAA001865.3_38_F.1.1-1-1-1	one_assay_suffix	3m	1	nan	T cell	CL:0000081	nan	facs	3_38_F	545284.0	4094.0	female	nan	Trachea	nan	21	23
O17-B000827-3_38_F-1-1			3	O17.B000827.3_38_F.1.1-1-1	3_38_F	Thymus	False	1	False	O17.B000827.3_38_F.1.1-1-1	young_source_rule	O17.B000827.3_38_F.1.1-1-1-1	one_assay_suffix	3m	1	nan	DN4 thymocyte	CL:0002420	DN4 thymocyte	facs	3_38_F	208801.0	2228.0	female	Flowthrough	Thymus	nan	6	5
O17-B002769-3_39_F-1-1			3	O17.B002769.3_39_F.1.1-1-1	3_39_F	Limb_Muscle	False	1	False	O17.B002769.3_39_F.1.1-1-1	young_source_rule	O17.B002769.3_39_F.1.1-1-1-1	one_assay_suffix	3m	1	nan	T cell	CL:0000084	nan	facs	3_39_F	141338.0	2375.0	female	ForelimbandHindlimb	Limb_Muscle	nan	4	9
O17-B003291-3_39_F-1-1			3	O17.B003291.3_39_F.1.1-1-1	3_39_F	Thymus	False	1	False	O17.B003291.3_39_F.1.1-1-1	young_source_rule	O17.B003291.3_39_F.1.1-1-1-1	one_assay_suffix	3m	1	nan	thymocyte	CL:0002420	DN to DP transition (most are Cd8+/ Cd4+, some undergoing VDJ recombination)	facs	3_39_F	1078205.0	2273.0	female	Flowthrough	Thymus	nan	21	23
O17-D042186-3_8_M-1-1			3	O17.D042186.3_8_M.1.1-1-1	3_8_M	Limb_Muscle	False	1	False	O17.D042186.3_8_M.1.1-1-1	young_source_rule	O17.D042186.3_8_M.1.1-1-1-1	one_assay_suffix	3m	1	nan	T cell	CL:0000084	nan	facs	3_8_M	475902.0	2283.0	male	ForelimbandHindlimb	Limb_Muscle	nan	6	5
O17-D045064-3_38_F-1-1	5.0	2.0	3	O17.D045064.3_38_F.1.1-1-1	3_38_F	MAT	True	1	False	O17.D045064.3_38_F.1.1-1-1	young_source_rule	O17.D045064.3_38_F.1.1-1-1-1	one_assay_suffix	3m	1	nan	endothelial cell	CL:0000115	nan	facs	3_38_F	56992.0	2226.0	female	Fat	MAT	nan	22	25
O17-MAA000607-3_9_M-1-1			3	O17.MAA000607.3_9_M.1.1-1-1	3_9_M	Thymus	False	1	False	O17.MAA000607.3_9_M.1.1-1-1	young_source_rule	O17.MAA000607.3_9_M.1.1-1-1-1	one_assay_suffix	3m	1	nan	thymocyte	CL:0002420	DN to DP transition (most are Cd8+/ Cd4+, some undergoing VDJ recombination)	facs	3_9_M	227687.0	1479.0	male	nan	Thymus	nan	21	23
O17-MAA000609-3_8_M-1-1			3	O17.MAA000609.3_8_M.1.1-1-1	3_8_M	Thymus	False	1	False	O17.MAA000609.3_8_M.1.1-1-1	young_source_rule	O17.MAA000609.3_8_M.1.1-1-1-1	one_assay_suffix	3m	1	nan	thymocyte	CL:0002420	DN to DP transition (most are Cd8+/ Cd4+, some undergoing VDJ recombination)	facs	3_8_M	96350.0	1288.0	male	nan	Thymus	nan	21	23
O17-MAA001454-3_38_F-1-1			3	O17.MAA001454.3_38_F.1.1-1-1	3_38_F	Diaphragm	False	1	False	O17.MAA001454.3_38_F.1.1-1-1	young_source_rule	O17.MAA001454.3_38_F.1.1-1-1-1	one_assay_suffix	3m	1	nan	T cell	CL:0000542	nan	facs	3_38_F	696922.0	1629.0	female	Limb_Muscle	Diaphragm	nan	4	21
O17-MAA001844-3_38_F-1-1			3	O17.MAA001844.3_38_F.1.1-1-1	3_38_F	Marrow	False	1	False	O17.MAA001844.3_38_F.1.1-1-1	young_source_rule	O17.MAA001844.3_38_F.1.1-1-1-1	one_assay_suffix	3m	1	nan	promonocyte	CL:0000236	monocyte + promonocyte	facs	3_38_F	868831.0	3031.0	female	KLS	Marrow	nan	4	17
O18-B000827-3_38_F-1-1			3	O18.B000827.3_38_F.1.1-1-1	3_38_F	Thymus	False	1	False	O18.B000827.3_38_F.1.1-1-1	young_source_rule	O18.B000827.3_38_F.1.1-1-1-1	one_assay_suffix	3m	1	nan	DN4 thymocyte	CL:0002420	DN4 thymocyte	facs	3_38_F	174846.0	2027.0	female	Flowthrough	Thymus	nan	6	5
O18-B003291-3_39_F-1-1			3	O18.B003291.3_39_F.1.1-1-1	3_39_F	Thymus	False	1	False	O18.B003291.3_39_F.1.1-1-1	young_source_rule	O18.B003291.3_39_F.1.1-1-1-1	one_assay_suffix	3m	1	nan	thymocyte	CL:0002420	DN to DP transition (most are Cd8+/ Cd4+, some undergoing VDJ recombination)	facs	3_39_F	597128.0	1216.0	female	Flowthrough	Thymus	nan	21	23
O18-D042186-3_8_M-1-1	32.0	2.0	3	O18.D042186.3_8_M.1.1-1-1	3_8_M	Limb_Muscle	True	1	False	O18.D042186.3_8_M.1.1-1-1	young_source_rule	O18.D042186.3_8_M.1.1-1-1-1	one_assay_suffix	3m	1	nan	T cell	CL:0000084	nan	facs	3_8_M	625308.0	2686.0	male	ForelimbandHindlimb	Limb_Muscle	nan	4	21
O18-MAA000594-3_8_M-1-1			3	O18.MAA000594.3_8_M.1.1-1-1	3_8_M	Aorta	False	1	False	O18.MAA000594.3_8_M.1.1-1-1	young_source_rule	O18.MAA000594.3_8_M.1.1-1-1-1	one_assay_suffix	3m	1	nan	fibrocyte	CL:0000145	leukocyte	facs	3_8_M	914929.0	2948.0	male	Heart	Aorta	nan	4	48
O18-MAA000607-3_9_M-1-1			3	O18.MAA000607.3_9_M.1.1-1-1	3_9_M	Thymus	False	1	False	O18.MAA000607.3_9_M.1.1-1-1	young_source_rule	O18.MAA000607.3_9_M.1.1-1-1-1	one_assay_suffix	3m	1	nan	thymocyte	CL:0002420	DN to DP transition (most are Cd8+/ Cd4+, some undergoing VDJ recombination)	facs	3_9_M	343206.0	1898.0	male	nan	Thymus	nan	21	23
O18-MAA000609-3_8_M-1-1			3	O18.MAA000609.3_8_M.1.1-1-1	3_8_M	Thymus	False	1	False	O18.MAA000609.3_8_M.1.1-1-1	young_source_rule	O18.MAA000609.3_8_M.1.1-1-1-1	one_assay_suffix	3m	1	nan	thymocyte	CL:0002420	DN to DP transition (most are Cd8+/ Cd4+, some undergoing VDJ recombination)	facs	3_8_M	151298.0	1395.0	male	nan	Thymus	nan	21	23
O18-MAA000880-3_11_M-1-1	39.0	2.0	3	O18.MAA000880.3_11_M.1.1-1-1	3_11_M	Thymus	True	2	True	O18.MAA000880.3_11_M.1.1-1-1	young_source_rule	O18.MAA000880.3_11_M.1.1-1-1-1	one_assay_suffix	3m	1	nan	thymocyte	CL:0002420	proliferating thymocyte; DN to DP transition, dividing (some are Cd8+/ Cd4+, some undergoing VDJ recombination)	facs	3_11_M	1326382.0	2872.0	male	nan	Thymus	nan	21	23
O19-B000827-3_38_F-1-1			3	O19.B000827.3_38_F.1.1-1-1	3_38_F	Thymus	False	1	False	O19.B000827.3_38_F.1.1-1-1	young_source_rule	O19.B000827.3_38_F.1.1-1-1-1	one_assay_suffix	3m	1	nan	DN4 thymocyte	CL:0002420	DN4 thymocyte	facs	3_38_F	470482.0	2107.0	female	Flowthrough	Thymus	nan	6	5
O19-B002769-3_39_F-1-1			3	O19.B002769.3_39_F.1.1-1-1	3_39_F	Limb_Muscle	False	1	False	O19.B002769.3_39_F.1.1-1-1	young_source_rule	O19.B002769.3_39_F.1.1-1-1-1	one_assay_suffix	3m	1	nan	T cell	CL:0000084	nan	facs	3_39_F	322091.0	1760.0	female	ForelimbandHindlimb	Limb_Muscle	nan	4	21
O19-B003291-3_39_F-1-1			3	O19.B003291.3_39_F.1.1-1-1	3_39_F	Thymus	False	1	False	O19.B003291.3_39_F.1.1-1-1	young_source_rule	O19.B003291.3_39_F.1.1-1-1-1	one_assay_suffix	3m	1	nan	thymocyte	CL:0002420	proliferating thymocyte; DN to DP transition, dividing (some are Cd8+/ Cd4+, some undergoing VDJ recombination)	facs	3_39_F	2018324.0	2598.0	female	Flowthrough	Thymus	nan	21	23
O19-D042105-3_11_M-1-1	42.0	2.0	3	O19.D042105.3_11_M.1.1-1-1	3_11_M	Diaphragm	True	2	True	O19.D042105.3_11_M.1.1-1-1	young_source_rule	O19.D042105.3_11_M.1.1-1-1-1	one_assay_suffix	3m	1	nan	T cell	CL:0000542	nan	facs	3_11_M	359086.0	1989.0	male	Limb_Muscle	Diaphragm	nan	4	21
O19-MAA000607-3_9_M-1-1			3	O19.MAA000607.3_9_M.1.1-1-1	3_9_M	Thymus	False	1	False	O19.MAA000607.3_9_M.1.1-1-1	young_source_rule	O19.MAA000607.3_9_M.1.1-1-1-1	one_assay_suffix	3m	1	nan	thymocyte	CL:0002420	DN to DP transition (most are Cd8+/ Cd4+, some undergoing VDJ recombination)	facs	3_9_M	354145.0	1909.0	male	nan	Thymus	nan	21	23
O19-MAA000609-3_8_M-1-1			3	O19.MAA000609.3_8_M.1.1-1-1	3_8_M	Thymus	False	1	False	O19.MAA000609.3_8_M.1.1-1-1	young_source_rule	O19.MAA000609.3_8_M.1.1-1-1-1	one_assay_suffix	3m	1	nan	thymocyte	CL:0002420	proliferating thymocyte; DN to DP transition, dividing (some are Cd8+/ Cd4+, some undergoing VDJ recombination)	facs	3_8_M	409723.0	3666.0	male	nan	Thymus	nan	21	23
O19-MAA000880-3_11_M-1-1			3	O19.MAA000880.3_11_M.1.1-1-1	3_11_M	Thymus	False	1	False	O19.MAA000880.3_11_M.1.1-1-1	young_source_rule	O19.MAA000880.3_11_M.1.1-1-1-1	one_assay_suffix	3m	1	nan	thymocyte	CL:0002420	DN to DP transition (most are Cd8+/ Cd4+, some undergoing VDJ recombination)	facs	3_11_M	172600.0	762.0	male	nan	Thymus	nan	21	23
O19-MAA001884-3_38_F-1-1	35.0	2.0	3	O19.MAA001884.3_38_F.1.1-1-1	3_38_F	Marrow	True	2	True	O19.MAA001884.3_38_F.1.1-1-1	young_source_rule	O19.MAA001884.3_38_F.1.1-1-1-1	one_assay_suffix	3m	1	nan	naive B cell	CL:0000788	naïve B cell	facs	3_38_F	1281546.0	3277.0	female	B-cells	Marrow	nan	0	0
O2-B000827-3_38_F-1-1			3	O2.B000827.3_38_F.1.1-1-1	3_38_F	Thymus	False	1	False	O2.B000827.3_38_F.1.1-1-1	young_source_rule	O2.B000827.3_38_F.1.1-1-1-1	one_assay_suffix	3m	1	nan	DN4 thymocyte	CL:0002420	DN4 thymocyte	facs	3_38_F	263916.0	1835.0	female	Flowthrough	Thymus	nan	6	5
O2-B000971-3_39_F-1-1			3	O2.B000971.3_39_F.1.1-1-1	3_39_F	Spleen	False	1	False	O2.B000971.3_39_F.1.1-1-1	young_source_rule	O2.B000971.3_39_F.1.1-1-1-1	one_assay_suffix	3m	1	nan	CD4-positive, alpha-beta T cell	CL:0000084	Cd3e T cell	facs	3_39_F	442698.0	1966.0	female	nan	Spleen	nan	6	5
O2-B001750-3_38_F-1-1			3	O2.B001750.3_38_F.1.1-1-1	3_38_F	Spleen	False	1	False	O2.B001750.3_38_F.1.1-1-1	young_source_rule	O2.B001750.3_38_F.1.1-1-1-1	one_assay_suffix	3m	1	nan	CD4-positive, alpha-beta T cell	CL:0000084	Cd3e T cell	facs	3_38_F	241585.0	1921.0	female	nan	Spleen	nan	6	5
O2-B003291-3_39_F-1-1			3	O2.B003291.3_39_F.1.1-1-1	3_39_F	Thymus	False	1	False	O2.B003291.3_39_F.1.1-1-1	young_source_rule	O2.B003291.3_39_F.1.1-1-1-1	one_assay_suffix	3m	1	nan	thymocyte	CL:0002420	DN to DP transition (most are Cd8+/ Cd4+, some undergoing VDJ recombination)	facs	3_39_F	982964.0	1889.0	female	Flowthrough	Thymus	nan	21	23
O2-D042105-3_11_M-1-1			3	O2.D042105.3_11_M.1.1-1-1	3_11_M	Diaphragm	False	1	False	O2.D042105.3_11_M.1.1-1-1	young_source_rule	O2.D042105.3_11_M.1.1-1-1-1	one_assay_suffix	3m	1	nan	T cell	CL:0000542	nan	facs	3_11_M	605742.0	1911.0	male	Limb_Muscle	Diaphragm	nan	4	5
O2-MAA000607-3_9_M-1-1			3	O2.MAA000607.3_9_M.1.1-1-1	3_9_M	Thymus	False	1	False	O2.MAA000607.3_9_M.1.1-1-1	young_source_rule	O2.MAA000607.3_9_M.1.1-1-1-1	one_assay_suffix	3m	1	nan	DN4 thymocyte	CL:0002420	DN4 thymocyte	facs	3_9_M	1139480.0	3347.0	male	nan	Thymus	nan	6	5
O2-MAA000844-3_10_M-1-1			3	O2.MAA000844.3_10_M.1.1-1-1	3_10_M	Marrow	False	1	False	O2.MAA000844.3_10_M.1.1-1-1	young_source_rule	O2.MAA000844.3_10_M.1.1-1-1-1	one_assay_suffix	3m	1	nan	mature alpha-beta T cell	CL:0000236	BM CD8 + CD4 T cell	facs	3_10_M	548047.0	3261.0	male	T-cells	Marrow	nan	4	9
O2-MAA001888-3_39_F-1-1			3	O2.MAA001888.3_39_F.1.1-1-1	3_39_F	Marrow	False	1	False	O2.MAA001888.3_39_F.1.1-1-1	young_source_rule	O2.MAA001888.3_39_F.1.1-1-1-1	one_assay_suffix	3m	1	nan	mature alpha-beta T cell	CL:0000815	BM CD8 + CD4 T cell	facs	3_39_F	139321.0	1911.0	female	T-cells	Marrow	nan	4	21
O20-B000827-3_38_F-1-1			3	O20.B000827.3_38_F.1.1-1-1	3_38_F	Thymus	False	1	False	O20.B000827.3_38_F.1.1-1-1	young_source_rule	O20.B000827.3_38_F.1.1-1-1-1	one_assay_suffix	3m	1	nan	DN4 thymocyte	CL:0002420	DN4 thymocyte	facs	3_38_F	318317.0	1980.0	female	Flowthrough	Thymus	nan	6	5
O20-D042186-3_8_M-1-1			3	O20.D042186.3_8_M.1.1-1-1	3_8_M	Limb_Muscle	False	1	False	O20.D042186.3_8_M.1.1-1-1	young_source_rule	O20.D042186.3_8_M.1.1-1-1-1	one_assay_suffix	3m	1	nan	T cell	CL:0000084	nan	facs	3_8_M	471268.0	2403.0	male	ForelimbandHindlimb	Limb_Muscle	nan	6	5
O20-MAA000607-3_9_M-1-1			3	O20.MAA000607.3_9_M.1.1-1-1	3_9_M	Thymus	False	1	False	O20.MAA000607.3_9_M.1.1-1-1	young_source_rule	O20.MAA000607.3_9_M.1.1-1-1-1	one_assay_suffix	3m	1	nan	DN4 thymocyte	CL:0002420	DN4 thymocyte	facs	3_9_M	494473.0	2315.0	male	nan	Thymus	nan	6	5
O20-MAA000609-3_8_M-1-1			3	O20.MAA000609.3_8_M.1.1-1-1	3_8_M	Thymus	False	1	False	O20.MAA000609.3_8_M.1.1-1-1	young_source_rule	O20.MAA000609.3_8_M.1.1-1-1-1	one_assay_suffix	3m	1	nan	thymocyte	CL:0002420	proliferating thymocyte; DN to DP transition, dividing (some are Cd8+/ Cd4+, some undergoing VDJ recombination)	facs	3_8_M	485921.0	4328.0	male	nan	Thymus	nan	21	23
O20-MAA000880-3_11_M-1-1			3	O20.MAA000880.3_11_M.1.1-1-1	3_11_M	Thymus	False	1	False	O20.MAA000880.3_11_M.1.1-1-1	young_source_rule	O20.MAA000880.3_11_M.1.1-1-1-1	one_assay_suffix	3m	1	nan	DN4 thymocyte	CL:0002420	DN4 thymocyte	facs	3_11_M	725783.0	1270.0	male	nan	Thymus	nan	6	5
O20-MAA001865-3_38_F-1-1			3	O20.MAA001865.3_38_F.1.1-1-1	3_38_F	Trachea	False	1	False	O20.MAA001865.3_38_F.1.1-1-1	young_source_rule	O20.MAA001865.3_38_F.1.1-1-1-1	one_assay_suffix	3m	1	nan	T cell	CL:0000081	nan	facs	3_38_F	701820.0	4632.0	female	nan	Trachea	nan	21	23
O21-B000827-3_38_F-1-1			3	O21.B000827.3_38_F.1.1-1-1	3_38_F	Thymus	False	1	False	O21.B000827.3_38_F.1.1-1-1	young_source_rule	O21.B000827.3_38_F.1.1-1-1-1	one_assay_suffix	3m	1	nan	DN4 thymocyte	CL:0002420	DN4 thymocyte	facs	3_38_F	496580.0	3284.0	female	Flowthrough	Thymus	nan	6	5
O21-B001689-3_38_F-1-1	23.0	2.0	3	O21.B001689.3_38_F.1.1-1-1	3_38_F	Brain_Myeloid	True	2	True	O21.B001689.3_38_F.1.1-1-1	young_source_rule	O21.B001689.3_38_F.1.1-1-1-1	one_assay_suffix	3m	1	nan	microglial cell	CL:0000129	nan	facs	3_38_F	328421.0	3261.0	female	Hippocampus	Brain_Myeloid	nan	3	2
O21-B003291-3_39_F-1-1			3	O21.B003291.3_39_F.1.1-1-1	3_39_F	Thymus	False	1	False	O21.B003291.3_39_F.1.1-1-1	young_source_rule	O21.B003291.3_39_F.1.1-1-1-1	one_assay_suffix	3m	1	nan	DN4 thymocyte	CL:0002420	DN4 thymocyte	facs	3_39_F	1704453.0	1556.0	female	Flowthrough	Thymus	nan	6	5
O21-D042185-3_9_M-1-1			3	O21.D042185.3_9_M.1.1-1-1	3_9_M	Limb_Muscle	False	1	False	O21.D042185.3_9_M.1.1-1-1	young_source_rule	O21.D042185.3_9_M.1.1-1-1-1	one_assay_suffix	3m	1	nan	T cell	CL:0000084	nan	facs	3_9_M	141275.0	2377.0	male	ForelimbandHindlimb	Limb_Muscle	nan	6	5
O21-MAA000530-3_8_M-1-1			3	O21.MAA000530.3_8_M.1.1-1-1	3_8_M	Lung	False	1	False	O21.MAA000530.3_8_M.1.1-1-1	young_source_rule	O21.MAA000530.3_8_M.1.1-1-1-1	one_assay_suffix	3m	1	nan	CD4-positive, alpha-beta T cell	CL:0000084	CD4+ T	facs	3_8_M	863250.0	2448.0	male	nan	Lung	nan	6	5
O21-MAA000607-3_9_M-1-1			3	O21.MAA000607.3_9_M.1.1-1-1	3_9_M	Thymus	False	1	False	O21.MAA000607.3_9_M.1.1-1-1	young_source_rule	O21.MAA000607.3_9_M.1.1-1-1-1	one_assay_suffix	3m	1	nan	thymocyte	CL:0002420	proliferating thymocyte; DN to DP transition, dividing (some are Cd8+/ Cd4+, some undergoing VDJ recombination)	facs	3_9_M	1394140.0	4081.0	male	nan	Thymus	nan	21	23
O21-MAA000609-3_8_M-1-1			3	O21.MAA000609.3_8_M.1.1-1-1	3_8_M	Thymus	False	1	False	O21.MAA000609.3_8_M.1.1-1-1	young_source_rule	O21.MAA000609.3_8_M.1.1-1-1-1	one_assay_suffix	3m	1	nan	thymocyte	CL:0002420	DN to DP transition (most are Cd8+/ Cd4+, some undergoing VDJ recombination)	facs	3_8_M	119228.0	1319.0	male	nan	Thymus	nan	21	23
O21-MAA000880-3_11_M-1-1			3	O21.MAA000880.3_11_M.1.1-1-1	3_11_M	Thymus	False	1	False	O21.MAA000880.3_11_M.1.1-1-1	young_source_rule	O21.MAA000880.3_11_M.1.1-1-1-1	one_assay_suffix	3m	1	nan	thymocyte	CL:0002420	DN to DP transition (most are Cd8+/ Cd4+, some undergoing VDJ recombination)	facs	3_11_M	497125.0	975.0	male	nan	Thymus	nan	21	23
O21-MAA001888-3_39_F-1-1			3	O21.MAA001888.3_39_F.1.1-1-1	3_39_F	Marrow	False	1	False	O21.MAA001888.3_39_F.1.1-1-1	young_source_rule	O21.MAA001888.3_39_F.1.1-1-1-1	one_assay_suffix	3m	1	nan	NK cell	CL:0000914	NK cell	facs	3_39_F	555275.0	3609.0	female	T-cells	Marrow	nan	4	9
O22-B000827-3_38_F-1-1	19.0	2.0	3	O22.B000827.3_38_F.1.1-1-1	3_38_F	Thymus	True	1	False	O22.B000827.3_38_F.1.1-1-1	young_source_rule	O22.B000827.3_38_F.1.1-1-1-1	one_assay_suffix	3m	1	nan	DN4 thymocyte	CL:0002420	DN4 thymocyte	facs	3_38_F	476682.0	2184.0	female	Flowthrough	Thymus	nan	6	5
O22-B003291-3_39_F-1-1	38.0	2.0	3	O22.B003291.3_39_F.1.1-1-1	3_39_F	Thymus	True	1	False	O22.B003291.3_39_F.1.1-1-1	young_source_rule	O22.B003291.3_39_F.1.1-1-1-1	one_assay_suffix	3m	1	nan	thymocyte	CL:0002420	DN to DP transition (most are Cd8+/ Cd4+, some undergoing VDJ recombination)	facs	3_39_F	1388322.0	1022.0	female	Flowthrough	Thymus	nan	21	23
O22-MAA000526-3_9_M-1-1			3	O22.MAA000526.3_9_M.1.1-1-1	3_9_M	Lung	False	1	False	O22.MAA000526.3_9_M.1.1-1-1	young_source_rule	O22.MAA000526.3_9_M.1.1-1-1-1	one_assay_suffix	3m	1	nan	CD4-positive, alpha-beta T cell	CL:0000084	CD4+ T	facs	3_9_M	371076.0	1992.0	male	nan	Lung	nan	6	5
O22-MAA000607-3_9_M-1-1			3	O22.MAA000607.3_9_M.1.1-1-1	3_9_M	Thymus	False	1	False	O22.MAA000607.3_9_M.1.1-1-1	young_source_rule	O22.MAA000607.3_9_M.1.1-1-1-1	one_assay_suffix	3m	1	nan	thymocyte	CL:0002420	DN to DP transition (most are Cd8+/ Cd4+, some undergoing VDJ recombination)	facs	3_9_M	272387.0	1504.0	male	nan	Thymus	nan	21	23
O22-MAA000609-3_8_M-1-1			3	O22.MAA000609.3_8_M.1.1-1-1	3_8_M	Thymus	False	1	False	O22.MAA000609.3_8_M.1.1-1-1	young_source_rule	O22.MAA000609.3_8_M.1.1-1-1-1	one_assay_suffix	3m	1	nan	DN4 thymocyte	CL:0002420	DN4 thymocyte	facs	3_8_M	248782.0	2210.0	male	nan	Thymus	nan	6	5
O22-MAA000779-3_11_M-1-1			3	O22.MAA000779.3_11_M.1.1-1-1	3_11_M	Spleen	False	1	False	O22.MAA000779.3_11_M.1.1-1-1	young_source_rule	O22.MAA000779.3_11_M.1.1-1-1-1	one_assay_suffix	3m	1	nan	CD4-positive, alpha-beta T cell	CL:0000084	Cd3e T cell	facs	3_11_M	508044.0	1461.0	male	nan	Spleen	nan	6	5
O22-MAA000880-3_11_M-1-1			3	O22.MAA000880.3_11_M.1.1-1-1	3_11_M	Thymus	False	1	False	O22.MAA000880.3_11_M.1.1-1-1	young_source_rule	O22.MAA000880.3_11_M.1.1-1-1-1	one_assay_suffix	3m	1	nan	DN4 thymocyte	CL:0002420	DN4 thymocyte	facs	3_11_M	420386.0	1140.0	male	nan	Thymus	nan	6	5
O22-MAA000891-3_10_M-1-1			3	O22.MAA000891.3_10_M.1.1-1-1	3_10_M	Lung	False	1	False	O22.MAA000891.3_10_M.1.1-1-1	young_source_rule	O22.MAA000891.3_10_M.1.1-1-1-1	one_assay_suffix	3m	1	nan	CD4-positive, alpha-beta T cell	CL:0000084	CD4+ T	facs	3_10_M	1044824.0	1338.0	male	nan	Lung	nan	6	5
O3-B000827-3_38_F-1-1			3	O3.B000827.3_38_F.1.1-1-1	3_38_F	Thymus	False	1	False	O3.B000827.3_38_F.1.1-1-1	young_source_rule	O3.B000827.3_38_F.1.1-1-1-1	one_assay_suffix	3m	1	nan	DN4 thymocyte	CL:0002420	DN4 thymocyte	facs	3_38_F	492821.0	1941.0	female	Flowthrough	Thymus	nan	6	5
O3-B002428-3_38_F-1-1	29.0	2.0	3	O3.B002428.3_38_F.1.1-1-1	3_38_F	Heart	True	2	True	O3.B002428.3_38_F.1.1-1-1	young_source_rule	O3.B002428.3_38_F.1.1-1-1-1	one_assay_suffix	3m	1	nan	fibroblast of cardiac tissue	CL:0000738	fibroblast of cardiac tissue	facs	3_38_F	758616.0	3049.0	female	LA	Heart	nan	17	15
O3-B002762-3_39_F-1-1			3	O3.B002762.3_39_F.1.1-1-1	3_39_F	Diaphragm	False	1	False	O3.B002762.3_39_F.1.1-1-1	young_source_rule	O3.B002762.3_39_F.1.1-1-1-1	one_assay_suffix	3m	1	nan	T cell	CL:0000542	nan	facs	3_39_F	103490.0	1229.0	female	Limb_Muscle	Diaphragm	nan	4	21
O3-B003291-3_39_F-1-1			3	O3.B003291.3_39_F.1.1-1-1	3_39_F	Thymus	False	1	False	O3.B003291.3_39_F.1.1-1-1	young_source_rule	O3.B003291.3_39_F.1.1-1-1-1	one_assay_suffix	3m	1	nan	thymocyte	CL:0002420	DN to DP transition (most are Cd8+/ Cd4+, some undergoing VDJ recombination)	facs	3_39_F	665699.0	1324.0	female	Flowthrough	Thymus	nan	21	23
O3-D042186-3_8_M-1-1			3	O3.D042186.3_8_M.1.1-1-1	3_8_M	Limb_Muscle	False	1	False	O3.D042186.3_8_M.1.1-1-1	young_source_rule	O3.D042186.3_8_M.1.1-1-1-1	one_assay_suffix	3m	1	nan	T cell	CL:0000084	nan	facs	3_8_M	358195.0	2446.0	male	ForelimbandHindlimb	Limb_Muscle	nan	6	5
O3-MAA000607-3_9_M-1-1			3	O3.MAA000607.3_9_M.1.1-1-1	3_9_M	Thymus	False	1	False	O3.MAA000607.3_9_M.1.1-1-1	young_source_rule	O3.MAA000607.3_9_M.1.1-1-1-1	one_assay_suffix	3m	1	nan	DN4 thymocyte	CL:0002420	DN4 thymocyte	facs	3_9_M	805632.0	3002.0	male	nan	Thymus	nan	6	5
O3-MAA000779-3_11_M-1-1			3	O3.MAA000779.3_11_M.1.1-1-1	3_11_M	Spleen	False	1	False	O3.MAA000779.3_11_M.1.1-1-1	young_source_rule	O3.MAA000779.3_11_M.1.1-1-1-1	one_assay_suffix	3m	1	nan	CD4-positive, alpha-beta T cell	CL:0000084	Cd3e T cell	facs	3_11_M	334735.0	1408.0	male	nan	Spleen	nan	6	5
O4-B000827-3_38_F-1-1			3	O4.B000827.3_38_F.1.1-1-1	3_38_F	Thymus	False	1	False	O4.B000827.3_38_F.1.1-1-1	young_source_rule	O4.B000827.3_38_F.1.1-1-1-1	one_assay_suffix	3m	1	nan	DN4 thymocyte	CL:0002420	DN4 thymocyte	facs	3_38_F	424169.0	1725.0	female	Flowthrough	Thymus	nan	6	5
O4-B001750-3_38_F-1-1			3	O4.B001750.3_38_F.1.1-1-1	3_38_F	Spleen	False	1	False	O4.B001750.3_38_F.1.1-1-1	young_source_rule	O4.B001750.3_38_F.1.1-1-1-1	one_assay_suffix	3m	1	nan	CD8-positive, alpha-beta T cell	CL:0000084	nan	facs	3_38_F	447960.0	2125.0	female	nan	Spleen	nan	4	9
O4-B003291-3_39_F-1-1			3	O4.B003291.3_39_F.1.1-1-1	3_39_F	Thymus	False	1	False	O4.B003291.3_39_F.1.1-1-1	young_source_rule	O4.B003291.3_39_F.1.1-1-1-1	one_assay_suffix	3m	1	nan	thymocyte	CL:0002420	DN to DP transition (most are Cd8+/ Cd4+, some undergoing VDJ recombination)	facs	3_39_F	1174408.0	1857.0	female	Flowthrough	Thymus	nan	21	23
O4-D042186-3_8_M-1-1			3	O4.D042186.3_8_M.1.1-1-1	3_8_M	Limb_Muscle	False	1	False	O4.D042186.3_8_M.1.1-1-1	young_source_rule	O4.D042186.3_8_M.1.1-1-1-1	one_assay_suffix	3m	1	nan	T cell	CL:0000084	nan	facs	3_8_M	258965.0	1962.0	male	ForelimbandHindlimb	Limb_Muscle	nan	6	5
O4-MAA000607-3_9_M-1-1			3	O4.MAA000607.3_9_M.1.1-1-1	3_9_M	Thymus	False	1	False	O4.MAA000607.3_9_M.1.1-1-1	young_source_rule	O4.MAA000607.3_9_M.1.1-1-1-1	one_assay_suffix	3m	1	nan	thymocyte	CL:0002420	proliferating thymocyte; DN to DP transition, dividing (some are Cd8+/ Cd4+, some undergoing VDJ recombination)	facs	3_9_M	742104.0	3547.0	male	nan	Thymus	nan	21	23
O5-B000827-3_38_F-1-1			3	O5.B000827.3_38_F.1.1-1-1	3_38_F	Thymus	False	1	False	O5.B000827.3_38_F.1.1-1-1	young_source_rule	O5.B000827.3_38_F.1.1-1-1-1	one_assay_suffix	3m	1	nan	DN4 thymocyte	CL:0002420	DN4 thymocyte	facs	3_38_F	215327.0	1894.0	female	Flowthrough	Thymus	nan	6	5
O5-B003291-3_39_F-1-1			3	O5.B003291.3_39_F.1.1-1-1	3_39_F	Thymus	False	1	False	O5.B003291.3_39_F.1.1-1-1	young_source_rule	O5.B003291.3_39_F.1.1-1-1-1	one_assay_suffix	3m	1	nan	thymocyte	CL:0002420	DN to DP transition (most are Cd8+/ Cd4+, some undergoing VDJ recombination)	facs	3_39_F	431266.0	1722.0	female	Flowthrough	Thymus	nan	21	23
O5-D042186-3_8_M-1-1			3	O5.D042186.3_8_M.1.1-1-1	3_8_M	Limb_Muscle	False	1	False	O5.D042186.3_8_M.1.1-1-1	young_source_rule	O5.D042186.3_8_M.1.1-1-1-1	one_assay_suffix	3m	1	nan	T cell	CL:0000084	nan	facs	3_8_M	413837.0	2126.0	male	ForelimbandHindlimb	Limb_Muscle	nan	6	5
O5-MAA000607-3_9_M-1-1			3	O5.MAA000607.3_9_M.1.1-1-1	3_9_M	Thymus	False	1	False	O5.MAA000607.3_9_M.1.1-1-1	young_source_rule	O5.MAA000607.3_9_M.1.1-1-1-1	one_assay_suffix	3m	1	nan	thymocyte	CL:0002420	proliferating thymocyte; DN to DP transition, dividing (some are Cd8+/ Cd4+, some undergoing VDJ recombination)	facs	3_9_M	1005955.0	3333.0	male	nan	Thymus	nan	21	23
O5-MAA001888-3_39_F-1-1			3	O5.MAA001888.3_39_F.1.1-1-1	3_39_F	Marrow	False	1	False	O5.MAA001888.3_39_F.1.1-1-1	young_source_rule	O5.MAA001888.3_39_F.1.1-1-1-1	one_assay_suffix	3m	1	nan	mature alpha-beta T cell	CL:0000815	BM CD8 + CD4 T cell	facs	3_39_F	289278.0	2821.0	female	T-cells	Marrow	nan	4	9
O6-B000827-3_38_F-1-1			3	O6.B000827.3_38_F.1.1-1-1	3_38_F	Thymus	False	1	False	O6.B000827.3_38_F.1.1-1-1	young_source_rule	O6.B000827.3_38_F.1.1-1-1-1	one_assay_suffix	3m	1	nan	DN4 thymocyte	CL:0002420	DN4 thymocyte	facs	3_38_F	618245.0	2219.0	female	Flowthrough	Thymus	nan	6	5
O6-B003291-3_39_F-1-1			3	O6.B003291.3_39_F.1.1-1-1	3_39_F	Thymus	False	1	False	O6.B003291.3_39_F.1.1-1-1	young_source_rule	O6.B003291.3_39_F.1.1-1-1-1	one_assay_suffix	3m	1	nan	DN4 thymocyte	CL:0002420	DN4 thymocyte	facs	3_39_F	1332548.0	4101.0	female	Flowthrough	Thymus	nan	21	23
O6-MAA000508-3_9_M-1-1			3	O6.MAA000508.3_9_M.1.1-1-1	3_9_M	Spleen	False	1	False	O6.MAA000508.3_9_M.1.1-1-1	young_source_rule	O6.MAA000508.3_9_M.1.1-1-1-1	one_assay_suffix	3m	1	nan	CD4-positive, alpha-beta T cell	CL:0000084	Cd3e T cell	facs	3_9_M	287137.0	1985.0	male	nan	Spleen	nan	6	5
O6-MAA000607-3_9_M-1-1			3	O6.MAA000607.3_9_M.1.1-1-1	3_9_M	Thymus	False	1	False	O6.MAA000607.3_9_M.1.1-1-1	young_source_rule	O6.MAA000607.3_9_M.1.1-1-1-1	one_assay_suffix	3m	1	nan	thymocyte	CL:0002420	proliferating thymocyte; DN to DP transition, dividing (some are Cd8+/ Cd4+, some undergoing VDJ recombination)	facs	3_9_M	1128705.0	5745.0	male	nan	Thymus	nan	21	23
O6-MAA000779-3_11_M-1-1			3	O6.MAA000779.3_11_M.1.1-1-1	3_11_M	Spleen	False	1	False	O6.MAA000779.3_11_M.1.1-1-1	young_source_rule	O6.MAA000779.3_11_M.1.1-1-1-1	one_assay_suffix	3m	1	nan	CD4-positive, alpha-beta T cell	CL:0000084	Cd3e T cell	facs	3_11_M	419215.0	1444.0	male	nan	Spleen	nan	6	5
O6-MAA001888-3_39_F-1-1			3	O6.MAA001888.3_39_F.1.1-1-1	3_39_F	Marrow	False	1	False	O6.MAA001888.3_39_F.1.1-1-1	young_source_rule	O6.MAA001888.3_39_F.1.1-1-1-1	one_assay_suffix	3m	1	nan	CD4-positive, alpha-beta T cell	CL:0000815	BM CD4 T cell	facs	3_39_F	219223.0	1983.0	female	T-cells	Marrow	nan	4	21
O7-B000827-3_38_F-1-1			3	O7.B000827.3_38_F.1.1-1-1	3_38_F	Thymus	False	1	False	O7.B000827.3_38_F.1.1-1-1	young_source_rule	O7.B000827.3_38_F.1.1-1-1-1	one_assay_suffix	3m	1	nan	DN4 thymocyte	CL:0002420	DN4 thymocyte	facs	3_38_F	434528.0	2036.0	female	Flowthrough	Thymus	nan	6	5
O7-B000971-3_39_F-1-1			3	O7.B000971.3_39_F.1.1-1-1	3_39_F	Spleen	False	1	False	O7.B000971.3_39_F.1.1-1-1	young_source_rule	O7.B000971.3_39_F.1.1-1-1-1	one_assay_suffix	3m	1	nan	CD4-positive, alpha-beta T cell	CL:0000084	Cd3e T cell	facs	3_39_F	176945.0	1185.0	female	nan	Spleen	nan	6	5
O7-B002762-3_39_F-1-1			3	O7.B002762.3_39_F.1.1-1-1	3_39_F	Diaphragm	False	1	False	O7.B002762.3_39_F.1.1-1-1	young_source_rule	O7.B002762.3_39_F.1.1-1-1-1	one_assay_suffix	3m	1	nan	T cell	CL:0000542	nan	facs	3_39_F	160355.0	1203.0	female	Limb_Muscle	Diaphragm	nan	6	5
O7-B002954-3_56_F-1-1			3	O7.B002954.3_56_F.1.1-1-1	3_56_F	SCAT	False	1	False	O7.B002954.3_56_F.1.1-1-1	young_source_rule	O7.B002954.3_56_F.1.1-1-1-1	one_assay_suffix	3m	1	nan	T cell	CL:0000084	nan	facs	3_56_F	777667.0	2515.0	female	Fat	SCAT	nan	6	5
O7-B003291-3_39_F-1-1			3	O7.B003291.3_39_F.1.1-1-1	3_39_F	Thymus	False	1	False	O7.B003291.3_39_F.1.1-1-1	young_source_rule	O7.B003291.3_39_F.1.1-1-1-1	one_assay_suffix	3m	1	nan	thymocyte	CL:0002420	DN to DP transition (most are Cd8+/ Cd4+, some undergoing VDJ recombination)	facs	3_39_F	899375.0	1446.0	female	Flowthrough	Thymus	nan	21	23
O7-D042185-3_9_M-1-1			3	O7.D042185.3_9_M.1.1-1-1	3_9_M	Limb_Muscle	False	1	False	O7.D042185.3_9_M.1.1-1-1	young_source_rule	O7.D042185.3_9_M.1.1-1-1-1	one_assay_suffix	3m	1	nan	T cell	CL:0000084	nan	facs	3_9_M	270402.0	2372.0	male	ForelimbandHindlimb	Limb_Muscle	nan	4	9
O7-D042186-3_8_M-1-1			3	O7.D042186.3_8_M.1.1-1-1	3_8_M	Limb_Muscle	False	1	False	O7.D042186.3_8_M.1.1-1-1	young_source_rule	O7.D042186.3_8_M.1.1-1-1-1	one_assay_suffix	3m	1	nan	T cell	CL:0000084	nan	facs	3_8_M	456353.0	2854.0	male	ForelimbandHindlimb	Limb_Muscle	nan	4	5
O7-MAA000556-3_9_M-1-1			3	O7.MAA000556.3_9_M.1.1-1-1	3_9_M	BAT	False	1	False	O7.MAA000556.3_9_M.1.1-1-1	young_source_rule	O7.MAA000556.3_9_M.1.1-1-1-1	one_assay_suffix	3m	1	nan	T cell	CL:0000084	nan	facs	3_9_M	254409.0	2131.0	male	Fat	BAT	nan	4	9
O7-MAA000607-3_9_M-1-1			3	O7.MAA000607.3_9_M.1.1-1-1	3_9_M	Thymus	False	1	False	O7.MAA000607.3_9_M.1.1-1-1	young_source_rule	O7.MAA000607.3_9_M.1.1-1-1-1	one_assay_suffix	3m	1	nan	thymocyte	CL:0002420	DN to DP transition (most are Cd8+/ Cd4+, some undergoing VDJ recombination)	facs	3_9_M	392844.0	1958.0	male	nan	Thymus	nan	21	23
O7-MAA000609-3_8_M-1-1			3	O7.MAA000609.3_8_M.1.1-1-1	3_8_M	Thymus	False	1	False	O7.MAA000609.3_8_M.1.1-1-1	young_source_rule	O7.MAA000609.3_8_M.1.1-1-1-1	one_assay_suffix	3m	1	nan	thymocyte	CL:0002420	DN to DP transition (most are Cd8+/ Cd4+, some undergoing VDJ recombination)	facs	3_8_M	773810.0	1760.0	male	nan	Thymus	nan	21	23
O8-B000827-3_38_F-1-1			3	O8.B000827.3_38_F.1.1-1-1	3_38_F	Thymus	False	1	False	O8.B000827.3_38_F.1.1-1-1	young_source_rule	O8.B000827.3_38_F.1.1-1-1-1	one_assay_suffix	3m	1	nan	DN4 thymocyte	CL:0002420	DN4 thymocyte	facs	3_38_F	388045.0	1972.0	female	Flowthrough	Thymus	nan	6	5
O8-B003291-3_39_F-1-1			3	O8.B003291.3_39_F.1.1-1-1	3_39_F	Thymus	False	1	False	O8.B003291.3_39_F.1.1-1-1	young_source_rule	O8.B003291.3_39_F.1.1-1-1-1	one_assay_suffix	3m	1	nan	thymocyte	CL:0002420	DN to DP transition (most are Cd8+/ Cd4+, some undergoing VDJ recombination)	facs	3_39_F	707164.0	1487.0	female	Flowthrough	Thymus	nan	21	23
O8-MAA000607-3_9_M-1-1			3	O8.MAA000607.3_9_M.1.1-1-1	3_9_M	Thymus	False	1	False	O8.MAA000607.3_9_M.1.1-1-1	young_source_rule	O8.MAA000607.3_9_M.1.1-1-1-1	one_assay_suffix	3m	1	nan	DN4 thymocyte	CL:0002420	DN4 thymocyte	facs	3_9_M	488754.0	2044.0	male	nan	Thymus	nan	6	5
O8-MAA000609-3_8_M-1-1			3	O8.MAA000609.3_8_M.1.1-1-1	3_8_M	Thymus	False	1	False	O8.MAA000609.3_8_M.1.1-1-1	young_source_rule	O8.MAA000609.3_8_M.1.1-1-1-1	one_assay_suffix	3m	1	nan	thymocyte	CL:0002420	proliferating thymocyte; DN to DP transition, dividing (some are Cd8+/ Cd4+, some undergoing VDJ recombination)	facs	3_8_M	546751.0	2966.0	male	nan	Thymus	nan	21	23
O8-MAA000880-3_11_M-1-1			3	O8.MAA000880.3_11_M.1.1-1-1	3_11_M	Thymus	False	1	False	O8.MAA000880.3_11_M.1.1-1-1	young_source_rule	O8.MAA000880.3_11_M.1.1-1-1-1	one_assay_suffix	3m	1	nan	DN4 thymocyte	CL:0002420	DN4 thymocyte	facs	3_11_M	686968.0	1321.0	male	nan	Thymus	nan	6	5
O9-B000827-3_38_F-1-1			3	O9.B000827.3_38_F.1.1-1-1	3_38_F	Thymus	False	1	False	O9.B000827.3_38_F.1.1-1-1	young_source_rule	O9.B000827.3_38_F.1.1-1-1-1	one_assay_suffix	3m	1	nan	DN4 thymocyte	CL:0002420	DN4 thymocyte	facs	3_38_F	232607.0	1963.0	female	Flowthrough	Thymus	nan	6	5
O9-B003291-3_39_F-1-1			3	O9.B003291.3_39_F.1.1-1-1	3_39_F	Thymus	False	1	False	O9.B003291.3_39_F.1.1-1-1	young_source_rule	O9.B003291.3_39_F.1.1-1-1-1	one_assay_suffix	3m	1	nan	thymocyte	CL:0002420	DN to DP transition (most are Cd8+/ Cd4+, some undergoing VDJ recombination)	facs	3_39_F	475234.0	1481.0	female	Flowthrough	Thymus	nan	21	23
O9-D042185-3_9_M-1-1			3	O9.D042185.3_9_M.1.1-1-1	3_9_M	Limb_Muscle	False	1	False	O9.D042185.3_9_M.1.1-1-1	young_source_rule	O9.D042185.3_9_M.1.1-1-1-1	one_assay_suffix	3m	1	nan	T cell	CL:0000084	nan	facs	3_9_M	161062.0	2507.0	male	ForelimbandHindlimb	Limb_Muscle	nan	4	21
O9-MAA000385-3_10_M-1-1			3	O9.MAA000385.3_10_M.1.1-1-1	3_10_M	SCAT	False	1	False	O9.MAA000385.3_10_M.1.1-1-1	young_source_rule	O9.MAA000385.3_10_M.1.1-1-1-1	one_assay_suffix	3m	1	nan	T cell	CL:0000084	nan	facs	3_10_M	373427.0	2044.0	male	Fat	SCAT	nan	6	5
O9-MAA000607-3_9_M-1-1			3	O9.MAA000607.3_9_M.1.1-1-1	3_9_M	Thymus	False	1	False	O9.MAA000607.3_9_M.1.1-1-1	young_source_rule	O9.MAA000607.3_9_M.1.1-1-1-1	one_assay_suffix	3m	1	nan	thymocyte	CL:0002420	proliferating thymocyte; DN to DP transition, dividing (some are Cd8+/ Cd4+, some undergoing VDJ recombination)	facs	3_9_M	828240.0	4125.0	male	nan	Thymus	nan	21	23
O9-MAA000609-3_8_M-1-1			3	O9.MAA000609.3_8_M.1.1-1-1	3_8_M	Thymus	False	1	False	O9.MAA000609.3_8_M.1.1-1-1	young_source_rule	O9.MAA000609.3_8_M.1.1-1-1-1	one_assay_suffix	3m	1	nan	thymocyte	CL:0002420	proliferating thymocyte; DN to DP transition, dividing (some are Cd8+/ Cd4+, some undergoing VDJ recombination)	facs	3_8_M	655250.0	3434.0	male	nan	Thymus	nan	21	23
O9-MAA000914-3_9_M-1-1			3	O9.MAA000914.3_9_M.1.1-1-1	3_9_M	MAT	False	1	False	O9.MAA000914.3_9_M.1.1-1-1	young_source_rule	O9.MAA000914.3_9_M.1.1-1-1-1	one_assay_suffix	3m	1	nan	CD4-positive, alpha-beta T cell	CL:0000084	nan	facs	3_9_M	1649381.0	3387.0	male	Fat	MAT	nan	4	21
O9-MAA001888-3_39_F-1-1			3	O9.MAA001888.3_39_F.1.1-1-1	3_39_F	Marrow	False	1	False	O9.MAA001888.3_39_F.1.1-1-1	young_source_rule	O9.MAA001888.3_39_F.1.1-1-1-1	one_assay_suffix	3m	1	nan	mature alpha-beta T cell	CL:0000815	BM CD8 + CD4 T cell	facs	3_39_F	214911.0	2253.0	female	T-cells	Marrow	nan	4	9
P1-B000827-3_38_F-1-1			3	P1.B000827.3_38_F.1.1-1-1	3_38_F	Thymus	False	1	False	P1.B000827.3_38_F.1.1-1-1	young_source_rule	P1.B000827.3_38_F.1.1-1-1-1	one_assay_suffix	3m	1	nan	DN4 thymocyte	CL:0002420	DN4 thymocyte	facs	3_38_F	346343.0	1988.0	female	Flowthrough	Thymus	nan	6	5
P1-B003291-3_39_F-1-1			3	P1.B003291.3_39_F.1.1-1-1	3_39_F	Thymus	False	1	False	P1.B003291.3_39_F.1.1-1-1	young_source_rule	P1.B003291.3_39_F.1.1-1-1-1	one_assay_suffix	3m	1	nan	thymocyte	CL:0002420	DN to DP transition (most are Cd8+/ Cd4+, some undergoing VDJ recombination)	facs	3_39_F	655853.0	1922.0	female	Flowthrough	Thymus	nan	21	23
P1-MAA000607-3_9_M-1-1			3	P1.MAA000607.3_9_M.1.1-1-1	3_9_M	Thymus	False	1	False	P1.MAA000607.3_9_M.1.1-1-1	young_source_rule	P1.MAA000607.3_9_M.1.1-1-1-1	one_assay_suffix	3m	1	nan	DN4 thymocyte	CL:0002420	DN4 thymocyte	facs	3_9_M	253847.0	1267.0	male	nan	Thymus	nan	6	5
P10-B003291-3_39_F-1-1			3	P10.B003291.3_39_F.1.1-1-1	3_39_F	Thymus	False	1	False	P10.B003291.3_39_F.1.1-1-1	young_source_rule	P10.B003291.3_39_F.1.1-1-1-1	one_assay_suffix	3m	1	nan	thymocyte	CL:0002420	DN to DP transition (most are Cd8+/ Cd4+, some undergoing VDJ recombination)	facs	3_39_F	235216.0	1402.0	female	Flowthrough	Thymus	nan	21	23
P10-MAA000385-3_10_M-1-1			3	P10.MAA000385.3_10_M.1.1-1-1	3_10_M	SCAT	False	1	False	P10.MAA000385.3_10_M.1.1-1-1	young_source_rule	P10.MAA000385.3_10_M.1.1-1-1-1	one_assay_suffix	3m	1	nan	T cell	CL:0000084	nan	facs	3_10_M	713258.0	2410.0	male	Fat	SCAT	nan	4	9
P10-MAA000607-3_9_M-1-1			3	P10.MAA000607.3_9_M.1.1-1-1	3_9_M	Thymus	False	1	False	P10.MAA000607.3_9_M.1.1-1-1	young_source_rule	P10.MAA000607.3_9_M.1.1-1-1-1	one_assay_suffix	3m	1	nan	DN4 thymocyte	CL:0002420	DN4 thymocyte	facs	3_9_M	227041.0	1591.0	male	nan	Thymus	nan	6	5
P10-MAA000609-3_8_M-1-1			3	P10.MAA000609.3_8_M.1.1-1-1	3_8_M	Thymus	False	1	False	P10.MAA000609.3_8_M.1.1-1-1	young_source_rule	P10.MAA000609.3_8_M.1.1-1-1-1	one_assay_suffix	3m	1	nan	DN4 thymocyte	nan	DN4 thymocyte	facs	3_8_M	21765.0	1547.0	male	nan	Thymus	nan	6	5
P10-MAA000880-3_11_M-1-1			3	P10.MAA000880.3_11_M.1.1-1-1	3_11_M	Thymus	False	1	False	P10.MAA000880.3_11_M.1.1-1-1	young_source_rule	P10.MAA000880.3_11_M.1.1-1-1-1	one_assay_suffix	3m	1	nan	thymocyte	CL:0002420	proliferating thymocyte; DN to DP transition, dividing (some are Cd8+/ Cd4+, some undergoing VDJ recombination)	facs	3_11_M	1095013.0	1787.0	male	nan	Thymus	nan	21	23
P11-B000827-3_38_F-1-1			3	P11.B000827.3_38_F.1.1-1-1	3_38_F	Thymus	False	1	False	P11.B000827.3_38_F.1.1-1-1	young_source_rule	P11.B000827.3_38_F.1.1-1-1-1	one_assay_suffix	3m	1	nan	DN4 thymocyte	CL:0002420	DN4 thymocyte	facs	3_38_F	362263.0	1708.0	female	Flowthrough	Thymus	nan	6	5
P11-B002769-3_39_F-1-1			3	P11.B002769.3_39_F.1.1-1-1	3_39_F	Limb_Muscle	False	1	False	P11.B002769.3_39_F.1.1-1-1	young_source_rule	P11.B002769.3_39_F.1.1-1-1-1	one_assay_suffix	3m	1	nan	T cell	CL:0000084	nan	facs	3_39_F	564250.0	1995.0	female	ForelimbandHindlimb	Limb_Muscle	nan	4	21
P11-B003291-3_39_F-1-1			3	P11.B003291.3_39_F.1.1-1-1	3_39_F	Thymus	False	1	False	P11.B003291.3_39_F.1.1-1-1	young_source_rule	P11.B003291.3_39_F.1.1-1-1-1	one_assay_suffix	3m	1	nan	thymocyte	CL:0002420	DN to DP transition (most are Cd8+/ Cd4+, some undergoing VDJ recombination)	facs	3_39_F	850840.0	1502.0	female	Flowthrough	Thymus	nan	21	23
P11-D042185-3_9_M-1-1			3	P11.D042185.3_9_M.1.1-1-1	3_9_M	Limb_Muscle	False	1	False	P11.D042185.3_9_M.1.1-1-1	young_source_rule	P11.D042185.3_9_M.1.1-1-1-1	one_assay_suffix	3m	1	nan	T cell	CL:0000084	nan	facs	3_9_M	57438.0	1578.0	male	ForelimbandHindlimb	Limb_Muscle	nan	6	5
P11-MAA000607-3_9_M-1-1			3	P11.MAA000607.3_9_M.1.1-1-1	3_9_M	Thymus	False	1	False	P11.MAA000607.3_9_M.1.1-1-1	young_source_rule	P11.MAA000607.3_9_M.1.1-1-1-1	one_assay_suffix	3m	1	nan	DN4 thymocyte	CL:0002420	DN4 thymocyte	facs	3_9_M	239627.0	1730.0	male	nan	Thymus	nan	6	5
P11-MAA000609-3_8_M-1-1			3	P11.MAA000609.3_8_M.1.1-1-1	3_8_M	Thymus	False	1	False	P11.MAA000609.3_8_M.1.1-1-1	young_source_rule	P11.MAA000609.3_8_M.1.1-1-1-1	one_assay_suffix	3m	1	nan	thymocyte	CL:0002420	proliferating thymocyte; DN to DP transition, dividing (some are Cd8+/ Cd4+, some undergoing VDJ recombination)	facs	3_8_M	344864.0	3252.0	male	nan	Thymus	nan	21	23
P11-MAA000844-3_10_M-1-1			3	P11.MAA000844.3_10_M.1.1-1-1	3_10_M	Marrow	False	1	False	P11.MAA000844.3_10_M.1.1-1-1	young_source_rule	P11.MAA000844.3_10_M.1.1-1-1-1	one_assay_suffix	3m	1	nan	mature alpha-beta T cell	CL:0002420	BM CD8 + CD4 T cell	facs	3_10_M	257538.0	1898.0	male	T-cells	Marrow	nan	4	9
P11-MAA000880-3_11_M-1-1			3	P11.MAA000880.3_11_M.1.1-1-1	3_11_M	Thymus	False	1	False	P11.MAA000880.3_11_M.1.1-1-1	young_source_rule	P11.MAA000880.3_11_M.1.1-1-1-1	one_assay_suffix	3m	1	nan	thymocyte	CL:0002420	DN to DP transition (most are Cd8+/ Cd4+, some undergoing VDJ recombination)	facs	3_11_M	359701.0	1037.0	male	nan	Thymus	nan	21	23
P11-MAA000914-3_9_M-1-1			3	P11.MAA000914.3_9_M.1.1-1-1	3_9_M	MAT	False	1	False	P11.MAA000914.3_9_M.1.1-1-1	young_source_rule	P11.MAA000914.3_9_M.1.1-1-1-1	one_assay_suffix	3m	1	nan	CD4-positive, alpha-beta T cell	CL:0000084	nan	facs	3_9_M	507038.0	1601.0	male	Fat	MAT	nan	6	5
P12-B000827-3_38_F-1-1			3	P12.B000827.3_38_F.1.1-1-1	3_38_F	Thymus	False	1	False	P12.B000827.3_38_F.1.1-1-1	young_source_rule	P12.B000827.3_38_F.1.1-1-1-1	one_assay_suffix	3m	1	nan	DN4 thymocyte	CL:0002420	DN4 thymocyte	facs	3_38_F	361958.0	2134.0	female	Flowthrough	Thymus	nan	6	5
P12-B003291-3_39_F-1-1			3	P12.B003291.3_39_F.1.1-1-1	3_39_F	Thymus	False	1	False	P12.B003291.3_39_F.1.1-1-1	young_source_rule	P12.B003291.3_39_F.1.1-1-1-1	one_assay_suffix	3m	1	nan	thymocyte	CL:0002420	DN to DP transition (most are Cd8+/ Cd4+, some undergoing VDJ recombination)	facs	3_39_F	825766.0	1583.0	female	Flowthrough	Thymus	nan	21	23
P12-D042186-3_8_M-1-1			3	P12.D042186.3_8_M.1.1-1-1	3_8_M	Limb_Muscle	False	1	False	P12.D042186.3_8_M.1.1-1-1	young_source_rule	P12.D042186.3_8_M.1.1-1-1-1	one_assay_suffix	3m	1	nan	T cell	CL:0000084	nan	facs	3_8_M	286897.0	2457.0	male	ForelimbandHindlimb	Limb_Muscle	nan	4	5
P12-MAA000508-3_9_M-1-1			3	P12.MAA000508.3_9_M.1.1-1-1	3_9_M	Spleen	False	1	False	P12.MAA000508.3_9_M.1.1-1-1	young_source_rule	P12.MAA000508.3_9_M.1.1-1-1-1	one_assay_suffix	3m	1	nan	CD4-positive, alpha-beta T cell	CL:0000084	Cd3e T cell	facs	3_9_M	79816.0	1258.0	male	nan	Spleen	nan	6	5
P12-MAA000607-3_9_M-1-1			3	P12.MAA000607.3_9_M.1.1-1-1	3_9_M	Thymus	False	1	False	P12.MAA000607.3_9_M.1.1-1-1	young_source_rule	P12.MAA000607.3_9_M.1.1-1-1-1	one_assay_suffix	3m	1	nan	DN4 thymocyte	CL:0002420	DN4 thymocyte	facs	3_9_M	324706.0	2722.0	male	nan	Thymus	nan	6	5
P12-MAA000609-3_8_M-1-1			3	P12.MAA000609.3_8_M.1.1-1-1	3_8_M	Thymus	False	1	False	P12.MAA000609.3_8_M.1.1-1-1	young_source_rule	P12.MAA000609.3_8_M.1.1-1-1-1	one_assay_suffix	3m	1	nan	DN4 thymocyte	CL:0002420	DN4 thymocyte	facs	3_8_M	107000.0	1701.0	male	nan	Thymus	nan	6	5
P12-MAA000844-3_10_M-1-1			3	P12.MAA000844.3_10_M.1.1-1-1	3_10_M	Marrow	False	1	False	P12.MAA000844.3_10_M.1.1-1-1	young_source_rule	P12.MAA000844.3_10_M.1.1-1-1-1	one_assay_suffix	3m	1	nan	CD4-positive, alpha-beta T cell	CL:0000815	BM CD4 T cell	facs	3_10_M	136188.0	1208.0	male	T-cells	Marrow	nan	4	21
P12-MAA000877-3_11_M-1-1			3	P12.MAA000877.3_11_M.1.1-1-1	3_11_M	MAT	False	1	False	P12.MAA000877.3_11_M.1.1-1-1	young_source_rule	P12.MAA000877.3_11_M.1.1-1-1-1	one_assay_suffix	3m	1	nan	CD8-positive, alpha-beta T cell	CL:0000084	nan	facs	3_11_M	437812.0	2341.0	male	Fat	MAT	nan	6	5
P12-MAA000880-3_11_M-1-1			3	P12.MAA000880.3_11_M.1.1-1-1	3_11_M	Thymus	False	1	False	P12.MAA000880.3_11_M.1.1-1-1	young_source_rule	P12.MAA000880.3_11_M.1.1-1-1-1	one_assay_suffix	3m	1	nan	thymocyte	CL:0002420	DN to DP transition (most are Cd8+/ Cd4+, some undergoing VDJ recombination)	facs	3_11_M	712383.0	1862.0	male	nan	Thymus	nan	21	23
P12-MAA000914-3_9_M-1-1			3	P12.MAA000914.3_9_M.1.1-1-1	3_9_M	MAT	False	1	False	P12.MAA000914.3_9_M.1.1-1-1	young_source_rule	P12.MAA000914.3_9_M.1.1-1-1-1	one_assay_suffix	3m	1	nan	CD4-positive, alpha-beta T cell	CL:0000084	nan	facs	3_9_M	529502.0	1774.0	male	Fat	MAT	nan	4	5
P13-B000827-3_38_F-1-1			3	P13.B000827.3_38_F.1.1-1-1	3_38_F	Thymus	False	1	False	P13.B000827.3_38_F.1.1-1-1	young_source_rule	P13.B000827.3_38_F.1.1-1-1-1	one_assay_suffix	3m	1	nan	DN4 thymocyte	CL:0002420	DN4 thymocyte	facs	3_38_F	212890.0	2112.0	female	Flowthrough	Thymus	nan	6	5
P13-B001960-3_56_F-1-1	15.0	2.0	3	P13.B001960.3_56_F.1.1-1-1	3_56_F	BAT	True	1	False	P13.B001960.3_56_F.1.1-1-1	young_source_rule	P13.B001960.3_56_F.1.1-1-1-1	one_assay_suffix	3m	1	nan	T cell	CL:0000084	nan	facs	3_56_F	242837.0	1635.0	female	Fat	BAT	nan	6	5
P13-B002314-3_56_F-1-1			3	P13.B002314.3_56_F.1.1-1-1	3_56_F	MAT	False	1	False	P13.B002314.3_56_F.1.1-1-1	young_source_rule	P13.B002314.3_56_F.1.1-1-1-1	one_assay_suffix	3m	1	nan	CD8-positive, alpha-beta T cell	CL:0000084	nan	facs	3_56_F	337497.0	2128.0	female	Fat	MAT	nan	4	9
P13-B003291-3_39_F-1-1			3	P13.B003291.3_39_F.1.1-1-1	3_39_F	Thymus	False	1	False	P13.B003291.3_39_F.1.1-1-1	young_source_rule	P13.B003291.3_39_F.1.1-1-1-1	one_assay_suffix	3m	1	nan	thymocyte	CL:0002420	DN to DP transition (most are Cd8+/ Cd4+, some undergoing VDJ recombination)	facs	3_39_F	700197.0	1743.0	female	Flowthrough	Thymus	nan	21	23
P13-D042186-3_8_M-1-1			3	P13.D042186.3_8_M.1.1-1-1	3_8_M	Limb_Muscle	False	1	False	P13.D042186.3_8_M.1.1-1-1	young_source_rule	P13.D042186.3_8_M.1.1-1-1-1	one_assay_suffix	3m	1	nan	T cell	CL:0000084	nan	facs	3_8_M	315583.0	2592.0	male	ForelimbandHindlimb	Limb_Muscle	nan	4	21
P13-MAA000607-3_9_M-1-1			3	P13.MAA000607.3_9_M.1.1-1-1	3_9_M	Thymus	False	1	False	P13.MAA000607.3_9_M.1.1-1-1	young_source_rule	P13.MAA000607.3_9_M.1.1-1-1-1	one_assay_suffix	3m	1	nan	thymocyte	CL:0002420	DN to DP transition (most are Cd8+/ Cd4+, some undergoing VDJ recombination)	facs	3_9_M	266196.0	1779.0	male	nan	Thymus	nan	6	23
P13-MAA000609-3_8_M-1-1			3	P13.MAA000609.3_8_M.1.1-1-1	3_8_M	Thymus	False	1	False	P13.MAA000609.3_8_M.1.1-1-1	young_source_rule	P13.MAA000609.3_8_M.1.1-1-1-1	one_assay_suffix	3m	1	nan	DN4 thymocyte	CL:0002420	DN4 thymocyte	facs	3_8_M	186462.0	2447.0	male	nan	Thymus	nan	6	5
P13-MAA000844-3_10_M-1-1			3	P13.MAA000844.3_10_M.1.1-1-1	3_10_M	Marrow	False	1	False	P13.MAA000844.3_10_M.1.1-1-1	young_source_rule	P13.MAA000844.3_10_M.1.1-1-1-1	one_assay_suffix	3m	1	nan	CD4-positive, alpha-beta T cell	CL:0000815	BM CD4 T cell	facs	3_10_M	188861.0	1886.0	male	T-cells	Marrow	nan	4	48
P13-MAA000880-3_11_M-1-1			3	P13.MAA000880.3_11_M.1.1-1-1	3_11_M	Thymus	False	1	False	P13.MAA000880.3_11_M.1.1-1-1	young_source_rule	P13.MAA000880.3_11_M.1.1-1-1-1	one_assay_suffix	3m	1	nan	DN4 thymocyte	CL:0002420	DN4 thymocyte	facs	3_11_M	385167.0	4212.0	male	nan	Thymus	nan	6	23
P13-MAA000914-3_9_M-1-1			3	P13.MAA000914.3_9_M.1.1-1-1	3_9_M	MAT	False	1	False	P13.MAA000914.3_9_M.1.1-1-1	young_source_rule	P13.MAA000914.3_9_M.1.1-1-1-1	one_assay_suffix	3m	1	nan	CD4-positive, alpha-beta T cell	CL:0000084	nan	facs	3_9_M	1239035.0	2296.0	male	Fat	MAT	nan	6	5
P14-B000827-3_38_F-1-1			3	P14.B000827.3_38_F.1.1-1-1	3_38_F	Thymus	False	1	False	P14.B000827.3_38_F.1.1-1-1	young_source_rule	P14.B000827.3_38_F.1.1-1-1-1	one_assay_suffix	3m	1	nan	DN4 thymocyte	CL:0002420	DN4 thymocyte	facs	3_38_F	136496.0	2377.0	female	Flowthrough	Thymus	nan	6	5
P14-B003291-3_39_F-1-1			3	P14.B003291.3_39_F.1.1-1-1	3_39_F	Thymus	False	1	False	P14.B003291.3_39_F.1.1-1-1	young_source_rule	P14.B003291.3_39_F.1.1-1-1-1	one_assay_suffix	3m	1	nan	thymocyte	CL:0002420	DN to DP transition (most are Cd8+/ Cd4+, some undergoing VDJ recombination)	facs	3_39_F	649130.0	1697.0	female	Flowthrough	Thymus	nan	21	23
P14-D042473-3_10_M-1-1			3	P14.D042473.3_10_M.1.1-1-1	3_10_M	Limb_Muscle	False	1	False	P14.D042473.3_10_M.1.1-1-1	young_source_rule	P14.D042473.3_10_M.1.1-1-1-1	one_assay_suffix	3m	1	nan	T cell	CL:0000084	nan	facs	3_10_M	433287.0	1958.0	male	ForelimbandHindlimb	Limb_Muscle	nan	6	5
P14-MAA000508-3_9_M-1-1			3	P14.MAA000508.3_9_M.1.1-1-1	3_9_M	Spleen	False	1	False	P14.MAA000508.3_9_M.1.1-1-1	young_source_rule	P14.MAA000508.3_9_M.1.1-1-1-1	one_assay_suffix	3m	1	nan	CD4-positive, alpha-beta T cell	CL:0000084	Cd3e T cell	facs	3_9_M	246972.0	1845.0	male	nan	Spleen	nan	6	5
P14-MAA000556-3_9_M-1-1			3	P14.MAA000556.3_9_M.1.1-1-1	3_9_M	BAT	False	1	False	P14.MAA000556.3_9_M.1.1-1-1	young_source_rule	P14.MAA000556.3_9_M.1.1-1-1-1	one_assay_suffix	3m	1	nan	T cell	CL:0000084	nan	facs	3_9_M	334607.0	2350.0	male	Fat	BAT	nan	4	9
P14-MAA000607-3_9_M-1-1			3	P14.MAA000607.3_9_M.1.1-1-1	3_9_M	Thymus	False	1	False	P14.MAA000607.3_9_M.1.1-1-1	young_source_rule	P14.MAA000607.3_9_M.1.1-1-1-1	one_assay_suffix	3m	1	nan	thymocyte	CL:0002420	proliferating thymocyte; DN to DP transition, dividing (some are Cd8+/ Cd4+, some undergoing VDJ recombination)	facs	3_9_M	1324535.0	4578.0	male	nan	Thymus	nan	21	23
P14-MAA000609-3_8_M-1-1			3	P14.MAA000609.3_8_M.1.1-1-1	3_8_M	Thymus	False	1	False	P14.MAA000609.3_8_M.1.1-1-1	young_source_rule	P14.MAA000609.3_8_M.1.1-1-1-1	one_assay_suffix	3m	1	nan	DN4 thymocyte	CL:0002420	DN4 thymocyte	facs	3_8_M	122429.0	2240.0	male	nan	Thymus	nan	6	5
P14-MAA000880-3_11_M-1-1	20.0	2.0	3	P14.MAA000880.3_11_M.1.1-1-1	3_11_M	Thymus	True	2	True	P14.MAA000880.3_11_M.1.1-1-1	young_source_rule	P14.MAA000880.3_11_M.1.1-1-1-1	one_assay_suffix	3m	1	nan	DN4 thymocyte	CL:0002420	DN4 thymocyte	facs	3_11_M	588837.0	1418.0	male	nan	Thymus	nan	6	5
P14-MAA000914-3_9_M-1-1			3	P14.MAA000914.3_9_M.1.1-1-1	3_9_M	MAT	False	1	False	P14.MAA000914.3_9_M.1.1-1-1	young_source_rule	P14.MAA000914.3_9_M.1.1-1-1-1	one_assay_suffix	3m	1	nan	CD4-positive, alpha-beta T cell	CL:0000084	nan	facs	3_9_M	688184.0	2018.0	male	Fat	MAT	nan	6	5
P14-MAA001889-3_38_F-1-1			3	P14.MAA001889.3_38_F.1.1-1-1	3_38_F	Lung	False	1	False	P14.MAA001889.3_38_F.1.1-1-1	young_source_rule	P14.MAA001889.3_38_F.1.1-1-1-1	one_assay_suffix	3m	1	nan	CD4-positive, alpha-beta T cell	CL:0000084	CD4+ T	facs	3_38_F	943029.0	1442.0	female	EPCAM	Lung	nan	6	5
P15-B000827-3_38_F-1-1			3	P15.B000827.3_38_F.1.1-1-1	3_38_F	Thymus	False	1	False	P15.B000827.3_38_F.1.1-1-1	young_source_rule	P15.B000827.3_38_F.1.1-1-1-1	one_assay_suffix	3m	1	nan	DN4 thymocyte	CL:0002420	DN4 thymocyte	facs	3_38_F	453099.0	1995.0	female	Flowthrough	Thymus	nan	6	5
P15-B003291-3_39_F-1-1			3	P15.B003291.3_39_F.1.1-1-1	3_39_F	Thymus	False	1	False	P15.B003291.3_39_F.1.1-1-1	young_source_rule	P15.B003291.3_39_F.1.1-1-1-1	one_assay_suffix	3m	1	nan	thymocyte	CL:0002420	DN to DP transition (most are Cd8+/ Cd4+, some undergoing VDJ recombination)	facs	3_39_F	1062686.0	1528.0	female	Flowthrough	Thymus	nan	21	23
P15-MAA000607-3_9_M-1-1			3	P15.MAA000607.3_9_M.1.1-1-1	3_9_M	Thymus	False	1	False	P15.MAA000607.3_9_M.1.1-1-1	young_source_rule	P15.MAA000607.3_9_M.1.1-1-1-1	one_assay_suffix	3m	1	nan	thymocyte	CL:0002420	DN to DP transition (most are Cd8+/ Cd4+, some undergoing VDJ recombination)	facs	3_9_M	428275.0	2065.0	male	nan	Thymus	nan	21	23
P15-MAA000609-3_8_M-1-1			3	P15.MAA000609.3_8_M.1.1-1-1	3_8_M	Thymus	False	1	False	P15.MAA000609.3_8_M.1.1-1-1	young_source_rule	P15.MAA000609.3_8_M.1.1-1-1-1	one_assay_suffix	3m	1	nan	thymocyte	CL:0002420	DN to DP transition (most are Cd8+/ Cd4+, some undergoing VDJ recombination)	facs	3_8_M	122590.0	1664.0	male	nan	Thymus	nan	21	23
P15-MAA000880-3_11_M-1-1			3	P15.MAA000880.3_11_M.1.1-1-1	3_11_M	Thymus	False	1	False	P15.MAA000880.3_11_M.1.1-1-1	young_source_rule	P15.MAA000880.3_11_M.1.1-1-1-1	one_assay_suffix	3m	1	nan	DN4 thymocyte	CL:0002420	DN4 thymocyte	facs	3_11_M	1119267.0	1765.0	male	nan	Thymus	nan	6	5
P15-MAA001888-3_39_F-1-1			3	P15.MAA001888.3_39_F.1.1-1-1	3_39_F	Marrow	False	1	False	P15.MAA001888.3_39_F.1.1-1-1	young_source_rule	P15.MAA001888.3_39_F.1.1-1-1-1	one_assay_suffix	3m	1	nan	mature alpha-beta T cell	CL:0000236	BM CD8 + CD4 T cell	facs	3_39_F	134798.0	3302.0	female	T-cells	Marrow	nan	4	9
P16-B000827-3_38_F-1-1			3	P16.B000827.3_38_F.1.1-1-1	3_38_F	Thymus	False	1	False	P16.B000827.3_38_F.1.1-1-1	young_source_rule	P16.B000827.3_38_F.1.1-1-1-1	one_assay_suffix	3m	1	nan	DN4 thymocyte	CL:0002420	DN4 thymocyte	facs	3_38_F	376996.0	1829.0	female	Flowthrough	Thymus	nan	6	5
P16-B000971-3_39_F-1-1			3	P16.B000971.3_39_F.1.1-1-1	3_39_F	Spleen	False	1	False	P16.B000971.3_39_F.1.1-1-1	young_source_rule	P16.B000971.3_39_F.1.1-1-1-1	one_assay_suffix	3m	1	nan	CD4-positive, alpha-beta T cell	CL:0000084	Cd3e T cell	facs	3_39_F	521007.0	1376.0	female	nan	Spleen	nan	6	5
P16-B001750-3_38_F-1-1			3	P16.B001750.3_38_F.1.1-1-1	3_38_F	Spleen	False	1	False	P16.B001750.3_38_F.1.1-1-1	young_source_rule	P16.B001750.3_38_F.1.1-1-1-1	one_assay_suffix	3m	1	nan	CD4-positive, alpha-beta T cell	CL:0000084	Cd3e T cell	facs	3_38_F	583174.0	1573.0	female	nan	Spleen	nan	6	5
P16-B003291-3_39_F-1-1			3	P16.B003291.3_39_F.1.1-1-1	3_39_F	Thymus	False	1	False	P16.B003291.3_39_F.1.1-1-1	young_source_rule	P16.B003291.3_39_F.1.1-1-1-1	one_assay_suffix	3m	1	nan	DN4 thymocyte	CL:0002420	DN4 thymocyte	facs	3_39_F	1344116.0	1760.0	female	Flowthrough	Thymus	nan	6	5
P16-MAA000385-3_10_M-1-1			3	P16.MAA000385.3_10_M.1.1-1-1	3_10_M	SCAT	False	1	False	P16.MAA000385.3_10_M.1.1-1-1	young_source_rule	P16.MAA000385.3_10_M.1.1-1-1-1	one_assay_suffix	3m	1	nan	T cell	CL:0000084	nan	facs	3_10_M	195279.0	2330.0	male	Fat	SCAT	nan	4	9
P16-MAA000508-3_9_M-1-1			3	P16.MAA000508.3_9_M.1.1-1-1	3_9_M	Spleen	False	1	False	P16.MAA000508.3_9_M.1.1-1-1	young_source_rule	P16.MAA000508.3_9_M.1.1-1-1-1	one_assay_suffix	3m	1	nan	CD8-positive, alpha-beta T cell	CL:0000084	Cd3e T cell	facs	3_9_M	210885.0	2335.0	male	nan	Spleen	nan	6	5
P16-MAA000607-3_9_M-1-1			3	P16.MAA000607.3_9_M.1.1-1-1	3_9_M	Thymus	False	1	False	P16.MAA000607.3_9_M.1.1-1-1	young_source_rule	P16.MAA000607.3_9_M.1.1-1-1-1	one_assay_suffix	3m	1	nan	thymocyte	CL:0002420	DN to DP transition (most are Cd8+/ Cd4+, some undergoing VDJ recombination)	facs	3_9_M	174836.0	1380.0	male	nan	Thymus	nan	21	23
P16-MAA000609-3_8_M-1-1			3	P16.MAA000609.3_8_M.1.1-1-1	3_8_M	Thymus	False	1	False	P16.MAA000609.3_8_M.1.1-1-1	young_source_rule	P16.MAA000609.3_8_M.1.1-1-1-1	one_assay_suffix	3m	1	nan	thymocyte	CL:0002420	DN to DP transition (most are Cd8+/ Cd4+, some undergoing VDJ recombination)	facs	3_8_M	92813.0	1297.0	male	nan	Thymus	nan	21	23
P16-MAA000880-3_11_M-1-1			3	P16.MAA000880.3_11_M.1.1-1-1	3_11_M	Thymus	False	1	False	P16.MAA000880.3_11_M.1.1-1-1	young_source_rule	P16.MAA000880.3_11_M.1.1-1-1-1	one_assay_suffix	3m	1	nan	DN4 thymocyte	CL:0002420	DN4 thymocyte	facs	3_11_M	1039213.0	1429.0	male	nan	Thymus	nan	6	5
P17-B000827-3_38_F-1-1			3	P17.B000827.3_38_F.1.1-1-1	3_38_F	Thymus	False	1	False	P17.B000827.3_38_F.1.1-1-1	young_source_rule	P17.B000827.3_38_F.1.1-1-1-1	one_assay_suffix	3m	1	nan	DN4 thymocyte	CL:0002420	DN4 thymocyte	facs	3_38_F	224416.0	2176.0	female	Flowthrough	Thymus	nan	6	5
P17-B003291-3_39_F-1-1			3	P17.B003291.3_39_F.1.1-1-1	3_39_F	Thymus	False	1	False	P17.B003291.3_39_F.1.1-1-1	young_source_rule	P17.B003291.3_39_F.1.1-1-1-1	one_assay_suffix	3m	1	nan	thymocyte	CL:0002420	DN to DP transition (most are Cd8+/ Cd4+, some undergoing VDJ recombination)	facs	3_39_F	1027457.0	1697.0	female	Flowthrough	Thymus	nan	21	23
P17-MAA000508-3_9_M-1-1			3	P17.MAA000508.3_9_M.1.1-1-1	3_9_M	Spleen	False	1	False	P17.MAA000508.3_9_M.1.1-1-1	young_source_rule	P17.MAA000508.3_9_M.1.1-1-1-1	one_assay_suffix	3m	1	nan	CD4-positive, alpha-beta T cell	CL:0000084	Cd3e T cell	facs	3_9_M	198898.0	1684.0	male	nan	Spleen	nan	6	5
P17-MAA000607-3_9_M-1-1			3	P17.MAA000607.3_9_M.1.1-1-1	3_9_M	Thymus	False	1	False	P17.MAA000607.3_9_M.1.1-1-1	young_source_rule	P17.MAA000607.3_9_M.1.1-1-1-1	one_assay_suffix	3m	1	nan	thymocyte	CL:0002420	DN to DP transition (most are Cd8+/ Cd4+, some undergoing VDJ recombination)	facs	3_9_M	177711.0	1787.0	male	nan	Thymus	nan	21	23
P17-MAA000609-3_8_M-1-1			3	P17.MAA000609.3_8_M.1.1-1-1	3_8_M	Thymus	False	1	False	P17.MAA000609.3_8_M.1.1-1-1	young_source_rule	P17.MAA000609.3_8_M.1.1-1-1-1	one_assay_suffix	3m	1	nan	thymocyte	CL:0002420	DN to DP transition (most are Cd8+/ Cd4+, some undergoing VDJ recombination)	facs	3_8_M	128809.0	1316.0	male	nan	Thymus	nan	21	23
P18-B000827-3_38_F-1-1			3	P18.B000827.3_38_F.1.1-1-1	3_38_F	Thymus	False	1	False	P18.B000827.3_38_F.1.1-1-1	young_source_rule	P18.B000827.3_38_F.1.1-1-1-1	one_assay_suffix	3m	1	nan	DN4 thymocyte	CL:0000894	DN4 thymocyte	facs	3_38_F	203507.0	2116.0	female	Flowthrough	Thymus	nan	4	21
P18-B003291-3_39_F-1-1			3	P18.B003291.3_39_F.1.1-1-1	3_39_F	Thymus	False	1	False	P18.B003291.3_39_F.1.1-1-1	young_source_rule	P18.B003291.3_39_F.1.1-1-1-1	one_assay_suffix	3m	1	nan	thymocyte	CL:0002420	proliferating thymocyte; DN to DP transition, dividing (some are Cd8+/ Cd4+, some undergoing VDJ recombination)	facs	3_39_F	1867434.0	2606.0	female	Flowthrough	Thymus	nan	21	23
P18-MAA000508-3_9_M-1-1			3	P18.MAA000508.3_9_M.1.1-1-1	3_9_M	Spleen	False	1	False	P18.MAA000508.3_9_M.1.1-1-1	young_source_rule	P18.MAA000508.3_9_M.1.1-1-1-1	one_assay_suffix	3m	1	nan	CD8-positive, alpha-beta T cell	CL:0000084	Cd3e T cell	facs	3_9_M	358968.0	3022.0	male	nan	Spleen	nan	6	5
P18-MAA000607-3_9_M-1-1			3	P18.MAA000607.3_9_M.1.1-1-1	3_9_M	Thymus	False	1	False	P18.MAA000607.3_9_M.1.1-1-1	young_source_rule	P18.MAA000607.3_9_M.1.1-1-1-1	one_assay_suffix	3m	1	nan	DN4 thymocyte	CL:0002420	DN4 thymocyte	facs	3_9_M	381898.0	1874.0	male	nan	Thymus	nan	6	5
P18-MAA000609-3_8_M-1-1			3	P18.MAA000609.3_8_M.1.1-1-1	3_8_M	Thymus	False	1	False	P18.MAA000609.3_8_M.1.1-1-1	young_source_rule	P18.MAA000609.3_8_M.1.1-1-1-1	one_assay_suffix	3m	1	nan	DN4 thymocyte	CL:0002420	DN4 thymocyte	facs	3_8_M	135784.0	1577.0	male	nan	Thymus	nan	6	23
P18-MAA000844-3_10_M-1-1			3	P18.MAA000844.3_10_M.1.1-1-1	3_10_M	Marrow	False	1	False	P18.MAA000844.3_10_M.1.1-1-1	young_source_rule	P18.MAA000844.3_10_M.1.1-1-1-1	one_assay_suffix	3m	1	nan	mature alpha-beta T cell	CL:0002420	BM CD8 + CD4 T cell	facs	3_10_M	130568.0	1709.0	male	T-cells	Marrow	nan	6	5
P18-MAA000880-3_11_M-1-1	2.0	3.0	3	P18.MAA000880.3_11_M.1.1-1-1	3_11_M	Thymus	True	3	True	P18.MAA000880.3_11_M.1.1-1-1	young_source_rule	P18.MAA000880.3_11_M.1.1-1-1-1	one_assay_suffix	3m	1	nan	DN4 thymocyte	CL:0002420	DN4 thymocyte	facs	3_11_M	862221.0	1261.0	male	nan	Thymus	nan	6	5
P18-MAA001888-3_39_F-1-1			3	P18.MAA001888.3_39_F.1.1-1-1	3_39_F	Marrow	False	1	False	P18.MAA001888.3_39_F.1.1-1-1	young_source_rule	P18.MAA001888.3_39_F.1.1-1-1-1	one_assay_suffix	3m	1	nan	CD4-positive, alpha-beta T cell	CL:0000815	BM CD4 T cell	facs	3_39_F	171879.0	2445.0	female	T-cells	Marrow	nan	4	21
P19-B001750-3_38_F-1-1			3	P19.B001750.3_38_F.1.1-1-1	3_38_F	Spleen	False	1	False	P19.B001750.3_38_F.1.1-1-1	young_source_rule	P19.B001750.3_38_F.1.1-1-1-1	one_assay_suffix	3m	1	nan	CD8-positive, alpha-beta T cell	CL:0000084	nan	facs	3_38_F	913238.0	2343.0	female	nan	Spleen	nan	4	47
P19-B003291-3_39_F-1-1			3	P19.B003291.3_39_F.1.1-1-1	3_39_F	Thymus	False	1	False	P19.B003291.3_39_F.1.1-1-1	young_source_rule	P19.B003291.3_39_F.1.1-1-1-1	one_assay_suffix	3m	1	nan	thymocyte	CL:0002420	DN to DP transition (most are Cd8+/ Cd4+, some undergoing VDJ recombination)	facs	3_39_F	1189762.0	1155.0	female	Flowthrough	Thymus	nan	21	23
P19-D042473-3_10_M-1-1			3	P19.D042473.3_10_M.1.1-1-1	3_10_M	Limb_Muscle	False	1	False	P19.D042473.3_10_M.1.1-1-1	young_source_rule	P19.D042473.3_10_M.1.1-1-1-1	one_assay_suffix	3m	1	nan	T cell	CL:0000084	nan	facs	3_10_M	359450.0	1733.0	male	ForelimbandHindlimb	Limb_Muscle	nan	6	5
P19-MAA000508-3_9_M-1-1			3	P19.MAA000508.3_9_M.1.1-1-1	3_9_M	Spleen	False	1	False	P19.MAA000508.3_9_M.1.1-1-1	young_source_rule	P19.MAA000508.3_9_M.1.1-1-1-1	one_assay_suffix	3m	1	nan	CD4-positive, alpha-beta T cell	CL:0000084	Cd3e T cell	facs	3_9_M	260846.0	1878.0	male	nan	Spleen	nan	4	21
P19-MAA000607-3_9_M-1-1			3	P19.MAA000607.3_9_M.1.1-1-1	3_9_M	Thymus	False	1	False	P19.MAA000607.3_9_M.1.1-1-1	young_source_rule	P19.MAA000607.3_9_M.1.1-1-1-1	one_assay_suffix	3m	1	nan	thymocyte	CL:0002420	DN to DP transition (most are Cd8+/ Cd4+, some undergoing VDJ recombination)	facs	3_9_M	255633.0	1624.0	male	nan	Thymus	nan	21	23
P19-MAA000609-3_8_M-1-1			3	P19.MAA000609.3_8_M.1.1-1-1	3_8_M	Thymus	False	1	False	P19.MAA000609.3_8_M.1.1-1-1	young_source_rule	P19.MAA000609.3_8_M.1.1-1-1-1	one_assay_suffix	3m	1	nan	DN4 thymocyte	CL:0002420	DN4 thymocyte	facs	3_8_M	159639.0	1995.0	male	nan	Thymus	nan	6	5
P19-MAA000779-3_11_M-1-1			3	P19.MAA000779.3_11_M.1.1-1-1	3_11_M	Spleen	False	1	False	P19.MAA000779.3_11_M.1.1-1-1	young_source_rule	P19.MAA000779.3_11_M.1.1-1-1-1	one_assay_suffix	3m	1	nan	CD4-positive, alpha-beta T cell	CL:0000084	Cd3e T cell	facs	3_11_M	277771.0	1227.0	male	nan	Spleen	nan	6	5
P19-MAA000880-3_11_M-1-1			3	P19.MAA000880.3_11_M.1.1-1-1	3_11_M	Thymus	False	1	False	P19.MAA000880.3_11_M.1.1-1-1	young_source_rule	P19.MAA000880.3_11_M.1.1-1-1-1	one_assay_suffix	3m	1	nan	thymocyte	CL:0002420	DN to DP transition (most are Cd8+/ Cd4+, some undergoing VDJ recombination)	facs	3_11_M	706372.0	1028.0	male	nan	Thymus	nan	21	23
P2-B000827-3_38_F-1-1			3	P2.B000827.3_38_F.1.1-1-1	3_38_F	Thymus	False	1	False	P2.B000827.3_38_F.1.1-1-1	young_source_rule	P2.B000827.3_38_F.1.1-1-1-1	one_assay_suffix	3m	1	nan	DN4 thymocyte	CL:0002420	DN4 thymocyte	facs	3_38_F	476946.0	2660.0	female	Flowthrough	Thymus	nan	6	5
P2-B003291-3_39_F-1-1			3	P2.B003291.3_39_F.1.1-1-1	3_39_F	Thymus	False	1	False	P2.B003291.3_39_F.1.1-1-1	young_source_rule	P2.B003291.3_39_F.1.1-1-1-1	one_assay_suffix	3m	1	nan	thymocyte	CL:0002420	proliferating thymocyte; DN to DP transition, dividing (some are Cd8+/ Cd4+, some undergoing VDJ recombination)	facs	3_39_F	1872023.0	3292.0	female	Flowthrough	Thymus	nan	21	23
P2-MAA000607-3_9_M-1-1			3	P2.MAA000607.3_9_M.1.1-1-1	3_9_M	Thymus	False	1	False	P2.MAA000607.3_9_M.1.1-1-1	young_source_rule	P2.MAA000607.3_9_M.1.1-1-1-1	one_assay_suffix	3m	1	nan	thymocyte	CL:0002420	DN to DP transition (most are Cd8+/ Cd4+, some undergoing VDJ recombination)	facs	3_9_M	235380.0	1264.0	male	nan	Thymus	nan	21	23
P2-MAA000779-3_11_M-1-1			3	P2.MAA000779.3_11_M.1.1-1-1	3_11_M	Spleen	False	1	False	P2.MAA000779.3_11_M.1.1-1-1	young_source_rule	P2.MAA000779.3_11_M.1.1-1-1-1	one_assay_suffix	3m	1	nan	CD4-positive, alpha-beta T cell	CL:0000084	Cd3e T cell	facs	3_11_M	466957.0	1275.0	male	nan	Spleen	nan	6	5
P2-MAA000844-3_10_M-1-1			3	P2.MAA000844.3_10_M.1.1-1-1	3_10_M	Marrow	False	1	False	P2.MAA000844.3_10_M.1.1-1-1	young_source_rule	P2.MAA000844.3_10_M.1.1-1-1-1	one_assay_suffix	3m	1	nan	mature alpha-beta T cell	CL:0002420	BM CD8 + CD4 T cell	facs	3_10_M	428836.0	2617.0	male	T-cells	Marrow	nan	6	5
P20-B000827-3_38_F-1-1			3	P20.B000827.3_38_F.1.1-1-1	3_38_F	Thymus	False	1	False	P20.B000827.3_38_F.1.1-1-1	young_source_rule	P20.B000827.3_38_F.1.1-1-1-1	one_assay_suffix	3m	1	nan	DN4 thymocyte	CL:0002420	DN4 thymocyte	facs	3_38_F	389653.0	2049.0	female	Flowthrough	Thymus	nan	6	5
P20-B000971-3_39_F-1-1			3	P20.B000971.3_39_F.1.1-1-1	3_39_F	Spleen	False	1	False	P20.B000971.3_39_F.1.1-1-1	young_source_rule	P20.B000971.3_39_F.1.1-1-1-1	one_assay_suffix	3m	1	nan	CD8-positive, alpha-beta T cell	CL:0000084	Cd3e T cell	facs	3_39_F	490258.0	1558.0	female	nan	Spleen	nan	4	21
P20-B001750-3_38_F-1-1			3	P20.B001750.3_38_F.1.1-1-1	3_38_F	Spleen	False	1	False	P20.B001750.3_38_F.1.1-1-1	young_source_rule	P20.B001750.3_38_F.1.1-1-1-1	one_assay_suffix	3m	1	nan	CD8-positive, alpha-beta T cell	CL:0000084	Cd3e T cell	facs	3_38_F	815827.0	1956.0	female	nan	Spleen	nan	6	5
P20-B003291-3_39_F-1-1			3	P20.B003291.3_39_F.1.1-1-1	3_39_F	Thymus	False	1	False	P20.B003291.3_39_F.1.1-1-1	young_source_rule	P20.B003291.3_39_F.1.1-1-1-1	one_assay_suffix	3m	1	nan	DN4 thymocyte	CL:0002420	DN4 thymocyte	facs	3_39_F	1331708.0	1403.0	female	Flowthrough	Thymus	nan	6	5
P20-MAA000508-3_9_M-1-1			3	P20.MAA000508.3_9_M.1.1-1-1	3_9_M	Spleen	False	1	False	P20.MAA000508.3_9_M.1.1-1-1	young_source_rule	P20.MAA000508.3_9_M.1.1-1-1-1	one_assay_suffix	3m	1	nan	CD8-positive, alpha-beta T cell	CL:0000084	Cd3e T cell	facs	3_9_M	255490.0	1837.0	male	nan	Spleen	nan	6	9
P20-MAA000609-3_8_M-1-1			3	P20.MAA000609.3_8_M.1.1-1-1	3_8_M	Thymus	False	1	False	P20.MAA000609.3_8_M.1.1-1-1	young_source_rule	P20.MAA000609.3_8_M.1.1-1-1-1	one_assay_suffix	3m	1	nan	thymocyte	CL:0002420	DN to DP transition (most are Cd8+/ Cd4+, some undergoing VDJ recombination)	facs	3_8_M	241477.0	2503.0	male	nan	Thymus	nan	21	23
P20-MAA001847-3_39_F-1-1			3	P20.MAA001847.3_39_F.1.1-1-1	3_39_F	Lung	False	1	False	P20.MAA001847.3_39_F.1.1-1-1	young_source_rule		unmatched																
P21-B000827-3_38_F-1-1			3	P21.B000827.3_38_F.1.1-1-1	3_38_F	Thymus	False	1	False	P21.B000827.3_38_F.1.1-1-1	young_source_rule	P21.B000827.3_38_F.1.1-1-1-1	one_assay_suffix	3m	1	nan	DN4 thymocyte	CL:0002420	DN4 thymocyte	facs	3_38_F	94101.0	1689.0	female	Flowthrough	Thymus	nan	6	5
P21-B003291-3_39_F-1-1			3	P21.B003291.3_39_F.1.1-1-1	3_39_F	Thymus	False	1	False	P21.B003291.3_39_F.1.1-1-1	young_source_rule	P21.B003291.3_39_F.1.1-1-1-1	one_assay_suffix	3m	1	nan	thymocyte	CL:0002420	DN to DP transition (most are Cd8+/ Cd4+, some undergoing VDJ recombination)	facs	3_39_F	1119629.0	1587.0	female	Flowthrough	Thymus	nan	21	23
P21-D042186-3_8_M-1-1			3	P21.D042186.3_8_M.1.1-1-1	3_8_M	Limb_Muscle	False	1	False	P21.D042186.3_8_M.1.1-1-1	young_source_rule	P21.D042186.3_8_M.1.1-1-1-1	one_assay_suffix	3m	1	nan	T cell	CL:0000084	nan	facs	3_8_M	457653.0	2642.0	male	ForelimbandHindlimb	Limb_Muscle	nan	6	5
P21-MAA000607-3_9_M-1-1			3	P21.MAA000607.3_9_M.1.1-1-1	3_9_M	Thymus	False	1	False	P21.MAA000607.3_9_M.1.1-1-1	young_source_rule	P21.MAA000607.3_9_M.1.1-1-1-1	one_assay_suffix	3m	1	nan	DN4 thymocyte	CL:0002420	DN4 thymocyte	facs	3_9_M	325825.0	1866.0	male	nan	Thymus	nan	6	5
P21-MAA000609-3_8_M-1-1			3	P21.MAA000609.3_8_M.1.1-1-1	3_8_M	Thymus	False	1	False	P21.MAA000609.3_8_M.1.1-1-1	young_source_rule	P21.MAA000609.3_8_M.1.1-1-1-1	one_assay_suffix	3m	1	nan	thymocyte	CL:0002420	DN to DP transition (most are Cd8+/ Cd4+, some undergoing VDJ recombination)	facs	3_8_M	100090.0	1259.0	male	nan	Thymus	nan	21	23
P21-MAA000779-3_11_M-1-1			3	P21.MAA000779.3_11_M.1.1-1-1	3_11_M	Spleen	False	1	False	P21.MAA000779.3_11_M.1.1-1-1	young_source_rule	P21.MAA000779.3_11_M.1.1-1-1-1	one_assay_suffix	3m	1	nan	CD8-positive, alpha-beta T cell	CL:0000084	Cd3e T cell	facs	3_11_M	327273.0	1455.0	male	nan	Spleen	nan	6	5
P21-MAA000880-3_11_M-1-1	45.0	2.0	3	P21.MAA000880.3_11_M.1.1-1-1	3_11_M	Thymus	True	2	True	P21.MAA000880.3_11_M.1.1-1-1	young_source_rule	P21.MAA000880.3_11_M.1.1-1-1-1	one_assay_suffix	3m	1	nan	thymocyte	CL:0002420	proliferating thymocyte; DN to DP transition, dividing (some are Cd8+/ Cd4+, some undergoing VDJ recombination)	facs	3_11_M	1196890.0	3290.0	male	nan	Thymus	nan	21	23
P21-MAA001454-3_38_F-1-1			3	P21.MAA001454.3_38_F.1.1-1-1	3_38_F	Diaphragm	False	1	False	P21.MAA001454.3_38_F.1.1-1-1	young_source_rule	P21.MAA001454.3_38_F.1.1-1-1-1	one_assay_suffix	3m	1	nan	T cell	CL:0000542	nan	facs	3_38_F	539170.0	1476.0	female	Limb_Muscle	Diaphragm	nan	6	5
P21-MAA001888-3_39_F-1-1			3	P21.MAA001888.3_39_F.1.1-1-1	3_39_F	Marrow	False	1	False	P21.MAA001888.3_39_F.1.1-1-1	young_source_rule	P21.MAA001888.3_39_F.1.1-1-1-1	one_assay_suffix	3m	1	nan	CD4-positive, alpha-beta T cell	CL:0000815	BM CD4 T cell	facs	3_39_F	79812.0	1945.0	female	T-cells	Marrow	nan	4	21
P22-B003291-3_39_F-1-1			3	P22.B003291.3_39_F.1.1-1-1	3_39_F	Thymus	False	1	False	P22.B003291.3_39_F.1.1-1-1	young_source_rule	P22.B003291.3_39_F.1.1-1-1-1	one_assay_suffix	3m	1	nan	thymocyte	CL:0002420	DN to DP transition (most are Cd8+/ Cd4+, some undergoing VDJ recombination)	facs	3_39_F	1577456.0	1117.0	female	Flowthrough	Thymus	nan	21	23
P22-D042185-3_9_M-1-1			3	P22.D042185.3_9_M.1.1-1-1	3_9_M	Limb_Muscle	False	1	False	P22.D042185.3_9_M.1.1-1-1	young_source_rule	P22.D042185.3_9_M.1.1-1-1-1	one_assay_suffix	3m	1	nan	T cell	nan	nan	facs	3_9_M	27658.0	1278.0	male	ForelimbandHindlimb	Limb_Muscle	nan	6	5
P22-D042473-3_10_M-1-1			3	P22.D042473.3_10_M.1.1-1-1	3_10_M	Limb_Muscle	False	1	False	P22.D042473.3_10_M.1.1-1-1	young_source_rule	P22.D042473.3_10_M.1.1-1-1-1	one_assay_suffix	3m	1	nan	T cell	CL:0000084	nan	facs	3_10_M	358692.0	2100.0	male	ForelimbandHindlimb	Limb_Muscle	nan	6	5
P22-MAA000530-3_8_M-1-1			3	P22.MAA000530.3_8_M.1.1-1-1	3_8_M	Lung	False	1	False	P22.MAA000530.3_8_M.1.1-1-1	young_source_rule	P22.MAA000530.3_8_M.1.1-1-1-1	one_assay_suffix	3m	1	nan	CD4-positive, alpha-beta T cell	CL:0000084	CD4+ T	facs	3_8_M	528905.0	2235.0	male	nan	Lung	nan	6	5
P22-MAA000607-3_9_M-1-1			3	P22.MAA000607.3_9_M.1.1-1-1	3_9_M	Thymus	False	1	False	P22.MAA000607.3_9_M.1.1-1-1	young_source_rule	P22.MAA000607.3_9_M.1.1-1-1-1	one_assay_suffix	3m	1	nan	thymocyte	CL:0002420	DN to DP transition (most are Cd8+/ Cd4+, some undergoing VDJ recombination)	facs	3_9_M	390949.0	2047.0	male	nan	Thymus	nan	21	23
P22-MAA000609-3_8_M-1-1			3	P22.MAA000609.3_8_M.1.1-1-1	3_8_M	Thymus	False	1	False	P22.MAA000609.3_8_M.1.1-1-1	young_source_rule	P22.MAA000609.3_8_M.1.1-1-1-1	one_assay_suffix	3m	1	nan	thymocyte	CL:0002420	DN to DP transition (most are Cd8+/ Cd4+, some undergoing VDJ recombination)	facs	3_8_M	70150.0	1121.0	male	nan	Thymus	nan	21	23
P22-MAA000880-3_11_M-1-1			3	P22.MAA000880.3_11_M.1.1-1-1	3_11_M	Thymus	False	1	False	P22.MAA000880.3_11_M.1.1-1-1	young_source_rule	P22.MAA000880.3_11_M.1.1-1-1-1	one_assay_suffix	3m	1	nan	thymocyte	CL:0002420	DN to DP transition (most are Cd8+/ Cd4+, some undergoing VDJ recombination)	facs	3_11_M	444832.0	1087.0	male	nan	Thymus	nan	21	23
P3-B000827-3_38_F-1-1			3	P3.B000827.3_38_F.1.1-1-1	3_38_F	Thymus	False	1	False	P3.B000827.3_38_F.1.1-1-1	young_source_rule	P3.B000827.3_38_F.1.1-1-1-1	one_assay_suffix	3m	1	nan	DN4 thymocyte	CL:0002420	DN4 thymocyte	facs	3_38_F	424318.0	1875.0	female	Flowthrough	Thymus	nan	6	5
P3-B003291-3_39_F-1-1			3	P3.B003291.3_39_F.1.1-1-1	3_39_F	Thymus	False	1	False	P3.B003291.3_39_F.1.1-1-1	young_source_rule	P3.B003291.3_39_F.1.1-1-1-1	one_assay_suffix	3m	1	nan	thymocyte	CL:0002420	DN to DP transition (most are Cd8+/ Cd4+, some undergoing VDJ recombination)	facs	3_39_F	1030815.0	2044.0	female	Flowthrough	Thymus	nan	21	23
P3-D042103-3_11_M-1			3	P3.D042103.3_11_M.1-1-1	3_11_M	Limb_Muscle	False	1	False	P3.D042103.3_11_M.1-1-1	young_source_rule	P3.D042103.3_11_M.1-1-1-1	one_assay_suffix	3m	1	nan	T cell	CL:0000084	nan	facs	3_11_M	756680.0	1540.0	male	ForelimbandHindlimb	Limb_Muscle	nan	6	5
P3-D042186-3_8_M-1-1			3	P3.D042186.3_8_M.1.1-1-1	3_8_M	Limb_Muscle	False	1	False	P3.D042186.3_8_M.1.1-1-1	young_source_rule	P3.D042186.3_8_M.1.1-1-1-1	one_assay_suffix	3m	1	nan	T cell	CL:0000084	nan	facs	3_8_M	314772.0	2116.0	male	ForelimbandHindlimb	Limb_Muscle	nan	6	5
P3-MAA000607-3_9_M-1-1			3	P3.MAA000607.3_9_M.1.1-1-1	3_9_M	Thymus	False	1	False	P3.MAA000607.3_9_M.1.1-1-1	young_source_rule	P3.MAA000607.3_9_M.1.1-1-1-1	one_assay_suffix	3m	1	nan	thymocyte	CL:0002420	DN to DP transition (most are Cd8+/ Cd4+, some undergoing VDJ recombination)	facs	3_9_M	443703.0	2282.0	male	nan	Thymus	nan	21	23
P3-MAA001888-3_39_F-1-1			3	P3.MAA001888.3_39_F.1.1-1-1	3_39_F	Marrow	False	1	False	P3.MAA001888.3_39_F.1.1-1-1	young_source_rule	P3.MAA001888.3_39_F.1.1-1-1-1	one_assay_suffix	3m	1	nan	NK cell	CL:0000914	NK cell	facs	3_39_F	305847.0	3194.0	female	T-cells	Marrow	nan	4	9
P4-B000827-3_38_F-1-1			3	P4.B000827.3_38_F.1.1-1-1	3_38_F	Thymus	False	1	False	P4.B000827.3_38_F.1.1-1-1	young_source_rule	P4.B000827.3_38_F.1.1-1-1-1	one_assay_suffix	3m	1	nan	DN4 thymocyte	CL:0002420	DN4 thymocyte	facs	3_38_F	382816.0	1739.0	female	Flowthrough	Thymus	nan	6	5
P4-B001750-3_38_F-1-1			3	P4.B001750.3_38_F.1.1-1-1	3_38_F	Spleen	False	1	False	P4.B001750.3_38_F.1.1-1-1	young_source_rule	P4.B001750.3_38_F.1.1-1-1-1	one_assay_suffix	3m	1	nan	CD4-positive, alpha-beta T cell	CL:0000084	Cd3e T cell	facs	3_38_F	552333.0	1857.0	female	nan	Spleen	nan	6	5
P4-B003291-3_39_F-1-1			3	P4.B003291.3_39_F.1.1-1-1	3_39_F	Thymus	False	1	False	P4.B003291.3_39_F.1.1-1-1	young_source_rule	P4.B003291.3_39_F.1.1-1-1-1	one_assay_suffix	3m	1	nan	thymocyte	CL:0002420	DN to DP transition (most are Cd8+/ Cd4+, some undergoing VDJ recombination)	facs	3_39_F	863777.0	1521.0	female	Flowthrough	Thymus	nan	21	23
P4-D042185-3_9_M-1-1			3	P4.D042185.3_9_M.1.1-1-1	3_9_M	Limb_Muscle	False	1	False	P4.D042185.3_9_M.1.1-1-1	young_source_rule	P4.D042185.3_9_M.1.1-1-1-1	one_assay_suffix	3m	1	nan	T cell	CL:0000084	nan	facs	3_9_M	318484.0	2147.0	male	ForelimbandHindlimb	Limb_Muscle	nan	4	21
P4-MAA000779-3_11_M-1-1			3	P4.MAA000779.3_11_M.1.1-1-1	3_11_M	Spleen	False	1	False	P4.MAA000779.3_11_M.1.1-1-1	young_source_rule	P4.MAA000779.3_11_M.1.1-1-1-1	one_assay_suffix	3m	1	nan	CD8-positive, alpha-beta T cell	CL:0000084	Cd3e T cell	facs	3_11_M	507554.0	1496.0	male	nan	Spleen	nan	6	5
P4-MAA000844-3_10_M-1-1			3	P4.MAA000844.3_10_M.1.1-1-1	3_10_M	Marrow	False	1	False	P4.MAA000844.3_10_M.1.1-1-1	young_source_rule	P4.MAA000844.3_10_M.1.1-1-1-1	one_assay_suffix	3m	1	nan	promonocyte	CL:0000576	monocyte + promonocyte	facs	3_10_M	939877.0	4759.0	male	T-cells	Marrow	nan	2	17
P5-B000827-3_38_F-1-1			3	P5.B000827.3_38_F.1.1-1-1	3_38_F	Thymus	False	1	False	P5.B000827.3_38_F.1.1-1-1	young_source_rule	P5.B000827.3_38_F.1.1-1-1-1	one_assay_suffix	3m	1	nan	DN4 thymocyte	CL:0002420	DN4 thymocyte	facs	3_38_F	163237.0	1609.0	female	Flowthrough	Thymus	nan	6	5
P5-B003291-3_39_F-1-1			3	P5.B003291.3_39_F.1.1-1-1	3_39_F	Thymus	False	1	False	P5.B003291.3_39_F.1.1-1-1	young_source_rule	P5.B003291.3_39_F.1.1-1-1-1	one_assay_suffix	3m	1	nan	thymocyte	CL:0002420	DN to DP transition (most are Cd8+/ Cd4+, some undergoing VDJ recombination)	facs	3_39_F	579259.0	1706.0	female	Flowthrough	Thymus	nan	21	23
P5-D042105-3_11_M-1-1			3	P5.D042105.3_11_M.1.1-1-1	3_11_M	Diaphragm	False	1	False	P5.D042105.3_11_M.1.1-1-1	young_source_rule	P5.D042105.3_11_M.1.1-1-1-1	one_assay_suffix	3m	1	nan	T cell	CL:0000542	nan	facs	3_11_M	838898.0	2074.0	male	Limb_Muscle	Diaphragm	nan	6	5
P5-D042186-3_8_M-1-1			3	P5.D042186.3_8_M.1.1-1-1	3_8_M	Limb_Muscle	False	1	False	P5.D042186.3_8_M.1.1-1-1	young_source_rule	P5.D042186.3_8_M.1.1-1-1-1	one_assay_suffix	3m	1	nan	T cell	CL:0000084	nan	facs	3_8_M	257233.0	1906.0	male	ForelimbandHindlimb	Limb_Muscle	nan	6	5
P5-MAA000508-3_9_M-1-1			3	P5.MAA000508.3_9_M.1.1-1-1	3_9_M	Spleen	False	1	False	P5.MAA000508.3_9_M.1.1-1-1	young_source_rule	P5.MAA000508.3_9_M.1.1-1-1-1	one_assay_suffix	3m	1	nan	CD4-positive, alpha-beta T cell	CL:0000084	Cd3e T cell	facs	3_9_M	147813.0	1960.0	male	nan	Spleen	nan	6	5
P6-B000827-3_38_F-1-1			3	P6.B000827.3_38_F.1.1-1-1	3_38_F	Thymus	False	1	False	P6.B000827.3_38_F.1.1-1-1	young_source_rule	P6.B000827.3_38_F.1.1-1-1-1	one_assay_suffix	3m	1	nan	DN4 thymocyte	CL:0002420	DN4 thymocyte	facs	3_38_F	450957.0	2672.0	female	Flowthrough	Thymus	nan	6	5
P6-B002010-3_39_F-1-1			3	P6.B002010.3_39_F.1.1-1-1	3_39_F	Heart	False	1	False	P6.B002010.3_39_F.1.1-1-1	young_source_rule	P6.B002010.3_39_F.1.1-1-1-1	one_assay_suffix	3m	1	nan	T cell	CL:0000738	T cell	facs	3_39_F	314239.0	2494.0	female	RA	Heart	nan	4	21
P6-B003291-3_39_F-1-1			3	P6.B003291.3_39_F.1.1-1-1	3_39_F	Thymus	False	1	False	P6.B003291.3_39_F.1.1-1-1	young_source_rule	P6.B003291.3_39_F.1.1-1-1-1	one_assay_suffix	3m	1	nan	thymocyte	CL:0002420	DN to DP transition (most are Cd8+/ Cd4+, some undergoing VDJ recombination)	facs	3_39_F	609738.0	1600.0	female	Flowthrough	Thymus	nan	21	23
P6-MAA000508-3_9_M-1-1			3	P6.MAA000508.3_9_M.1.1-1-1	3_9_M	Spleen	False	1	False	P6.MAA000508.3_9_M.1.1-1-1	young_source_rule	P6.MAA000508.3_9_M.1.1-1-1-1	one_assay_suffix	3m	1	nan	CD8-positive, alpha-beta T cell	CL:0000084	Cd3e T cell	facs	3_9_M	219618.0	1959.0	male	nan	Spleen	nan	6	5
P6-MAA000607-3_9_M-1-1			3	P6.MAA000607.3_9_M.1.1-1-1	3_9_M	Thymus	False	1	False	P6.MAA000607.3_9_M.1.1-1-1	young_source_rule	P6.MAA000607.3_9_M.1.1-1-1-1	one_assay_suffix	3m	1	nan	thymocyte	CL:0002420	proliferating thymocyte; DN to DP transition, dividing (some are Cd8+/ Cd4+, some undergoing VDJ recombination)	facs	3_9_M	972424.0	3869.0	male	nan	Thymus	nan	21	23
P6-MAA000880-3_11_M-1-1			3	P6.MAA000880.3_11_M.1.1-1-1	3_11_M	Thymus	False	1	False	P6.MAA000880.3_11_M.1.1-1-1	young_source_rule	P6.MAA000880.3_11_M.1.1-1-1-1	one_assay_suffix	3m	1	nan	DN4 thymocyte	CL:0002420	DN4 thymocyte	facs	3_11_M	900376.0	1401.0	male	nan	Thymus	nan	6	5
P6-MAA001865-3_38_F-1-1			3	P6.MAA001865.3_38_F.1.1-1-1	3_38_F	Trachea	False	1	False	P6.MAA001865.3_38_F.1.1-1-1	young_source_rule	P6.MAA001865.3_38_F.1.1-1-1-1	one_assay_suffix	3m	1	nan	T cell	CL:0000081	nan	facs	3_38_F	394388.0	2934.0	female	nan	Trachea	nan	4	9
P7-B000827-3_38_F-1-1			3	P7.B000827.3_38_F.1.1-1-1	3_38_F	Thymus	False	1	False	P7.B000827.3_38_F.1.1-1-1	young_source_rule	P7.B000827.3_38_F.1.1-1-1-1	one_assay_suffix	3m	1	nan	DN4 thymocyte	CL:0002420	DN4 thymocyte	facs	3_38_F	691365.0	2500.0	female	Flowthrough	Thymus	nan	6	5
P7-B003291-3_39_F-1-1			3	P7.B003291.3_39_F.1.1-1-1	3_39_F	Thymus	False	1	False	P7.B003291.3_39_F.1.1-1-1	young_source_rule	P7.B003291.3_39_F.1.1-1-1-1	one_assay_suffix	3m	1	nan	thymocyte	CL:0002420	DN to DP transition (most are Cd8+/ Cd4+, some undergoing VDJ recombination)	facs	3_39_F	757215.0	1272.0	female	Flowthrough	Thymus	nan	21	23
P7-MAA000442-3_11_M-1-1			3	P7.MAA000442.3_11_M.1.1-1-1	3_11_M	BAT	False	1	False	P7.MAA000442.3_11_M.1.1-1-1	young_source_rule	P7.MAA000442.3_11_M.1.1-1-1-1	one_assay_suffix	3m	1	nan	T cell	CL:0000084	nan	facs	3_11_M	286367.0	1831.0	male	Fat	BAT	nan	4	5
P7-MAA000607-3_9_M-1-1			3	P7.MAA000607.3_9_M.1.1-1-1	3_9_M	Thymus	False	1	False	P7.MAA000607.3_9_M.1.1-1-1	young_source_rule	P7.MAA000607.3_9_M.1.1-1-1-1	one_assay_suffix	3m	1	nan	thymocyte	CL:0002420	DN to DP transition (most are Cd8+/ Cd4+, some undergoing VDJ recombination)	facs	3_9_M	167582.0	1405.0	male	nan	Thymus	nan	21	23
P7-MAA000609-3_8_M-1-1			3	P7.MAA000609.3_8_M.1.1-1-1	3_8_M	Thymus	False	1	False	P7.MAA000609.3_8_M.1.1-1-1	young_source_rule	P7.MAA000609.3_8_M.1.1-1-1-1	one_assay_suffix	3m	1	nan	thymocyte	CL:0002420	DN to DP transition (most are Cd8+/ Cd4+, some undergoing VDJ recombination)	facs	3_8_M	472664.0	1632.0	male	nan	Thymus	nan	21	23
P7-MAA000779-3_11_M-1-1			3	P7.MAA000779.3_11_M.1.1-1-1	3_11_M	Spleen	False	1	False	P7.MAA000779.3_11_M.1.1-1-1	young_source_rule	P7.MAA000779.3_11_M.1.1-1-1-1	one_assay_suffix	3m	1	nan	CD8-positive, alpha-beta T cell	CL:0000084	Cd3e T cell	facs	3_11_M	511520.0	2162.0	male	nan	Spleen	nan	6	5
P7-MAA000880-3_11_M-1-1			3	P7.MAA000880.3_11_M.1.1-1-1	3_11_M	Thymus	False	1	False	P7.MAA000880.3_11_M.1.1-1-1	young_source_rule	P7.MAA000880.3_11_M.1.1-1-1-1	one_assay_suffix	3m	1	nan	DN4 thymocyte	CL:0002420	DN4 thymocyte	facs	3_11_M	290377.0	854.0	male	nan	Thymus	nan	6	5
P8-B000827-3_38_F-1-1			3	P8.B000827.3_38_F.1.1-1-1	3_38_F	Thymus	False	1	False	P8.B000827.3_38_F.1.1-1-1	young_source_rule	P8.B000827.3_38_F.1.1-1-1-1	one_assay_suffix	3m	1	nan	DN4 thymocyte	CL:0002420	DN4 thymocyte	facs	3_38_F	391291.0	1670.0	female	Flowthrough	Thymus	nan	6	5
P8-B001750-3_38_F-1-1			3	P8.B001750.3_38_F.1.1-1-1	3_38_F	Spleen	False	1	False	P8.B001750.3_38_F.1.1-1-1	young_source_rule	P8.B001750.3_38_F.1.1-1-1-1	one_assay_suffix	3m	1	nan	CD8-positive, alpha-beta T cell	CL:0000084	nan	facs	3_38_F	678647.0	2200.0	female	nan	Spleen	nan	4	9
P8-B003291-3_39_F-1-1			3	P8.B003291.3_39_F.1.1-1-1	3_39_F	Thymus	False	1	False	P8.B003291.3_39_F.1.1-1-1	young_source_rule	P8.B003291.3_39_F.1.1-1-1-1	one_assay_suffix	3m	1	nan	DN4 thymocyte	CL:0002420	DN4 thymocyte	facs	3_39_F	1171125.0	1570.0	female	Flowthrough	Thymus	nan	6	5
P8-D042186-3_8_M-1-1			3	P8.D042186.3_8_M.1.1-1-1	3_8_M	Limb_Muscle	False	1	False	P8.D042186.3_8_M.1.1-1-1	young_source_rule	P8.D042186.3_8_M.1.1-1-1-1	one_assay_suffix	3m	1	nan	T cell	CL:0000084	nan	facs	3_8_M	237077.0	2399.0	male	ForelimbandHindlimb	Limb_Muscle	nan	4	5
P8-MAA000556-3_9_M-1-1			3	P8.MAA000556.3_9_M.1.1-1-1	3_9_M	BAT	False	1	False	P8.MAA000556.3_9_M.1.1-1-1	young_source_rule	P8.MAA000556.3_9_M.1.1-1-1-1	one_assay_suffix	3m	1	nan	T cell	CL:0000084	nan	facs	3_9_M	148373.0	1530.0	male	Fat	BAT	nan	6	5
P8-MAA000607-3_9_M-1-1			3	P8.MAA000607.3_9_M.1.1-1-1	3_9_M	Thymus	False	1	False	P8.MAA000607.3_9_M.1.1-1-1	young_source_rule	P8.MAA000607.3_9_M.1.1-1-1-1	one_assay_suffix	3m	1	nan	DN4 thymocyte	CL:0002420	DN4 thymocyte	facs	3_9_M	395947.0	2208.0	male	nan	Thymus	nan	6	5
P8-MAA000609-3_8_M-1-1			3	P8.MAA000609.3_8_M.1.1-1-1	3_8_M	Thymus	False	1	False	P8.MAA000609.3_8_M.1.1-1-1	young_source_rule	P8.MAA000609.3_8_M.1.1-1-1-1	one_assay_suffix	3m	1	nan	thymocyte	CL:0002420	DN to DP transition (most are Cd8+/ Cd4+, some undergoing VDJ recombination)	facs	3_8_M	231746.0	1484.0	male	nan	Thymus	nan	21	23
P8-MAA000779-3_11_M-1-1			3	P8.MAA000779.3_11_M.1.1-1-1	3_11_M	Spleen	False	1	False	P8.MAA000779.3_11_M.1.1-1-1	young_source_rule	P8.MAA000779.3_11_M.1.1-1-1-1	one_assay_suffix	3m	1	nan	CD4-positive, alpha-beta T cell	CL:0000084	Cd3e T cell	facs	3_11_M	181942.0	1281.0	male	nan	Spleen	nan	6	5
P8-MAA000844-3_10_M-1-1			3	P8.MAA000844.3_10_M.1.1-1-1	3_10_M	Marrow	False	1	False	P8.MAA000844.3_10_M.1.1-1-1	young_source_rule	P8.MAA000844.3_10_M.1.1-1-1-1	one_assay_suffix	3m	1	nan	NK cell	CL:0000914	NK cell	facs	3_10_M	269259.0	2016.0	male	T-cells	Marrow	nan	4	47
P8-MAA000880-3_11_M-1-1			3	P8.MAA000880.3_11_M.1.1-1-1	3_11_M	Thymus	False	1	False	P8.MAA000880.3_11_M.1.1-1-1	young_source_rule	P8.MAA000880.3_11_M.1.1-1-1-1	one_assay_suffix	3m	1	nan	thymocyte	CL:0002420	DN to DP transition (most are Cd8+/ Cd4+, some undergoing VDJ recombination)	facs	3_11_M	505635.0	947.0	male	nan	Thymus	nan	21	23
P9-B000127-3_38_F-1-1			3	P9.B000127.3_38_F.1.1-1-1	3_38_F	SCAT	False	1	False	P9.B000127.3_38_F.1.1-1-1	young_source_rule	P9.B000127.3_38_F.1.1-1-1-1	one_assay_suffix	3m	1	nan	CD4-positive, alpha-beta T cell	CL:0000084	nan	facs	3_38_F	331850.0	1986.0	female	Fat	SCAT	nan	40	47
P9-B000827-3_38_F-1-1			3	P9.B000827.3_38_F.1.1-1-1	3_38_F	Thymus	False	1	False	P9.B000827.3_38_F.1.1-1-1	young_source_rule	P9.B000827.3_38_F.1.1-1-1-1	one_assay_suffix	3m	1	nan	DN4 thymocyte	CL:0002420	DN4 thymocyte	facs	3_38_F	109021.0	1583.0	female	Flowthrough	Thymus	nan	6	5
P9-B002769-3_39_F-1-1			3	P9.B002769.3_39_F.1.1-1-1	3_39_F	Limb_Muscle	False	1	False	P9.B002769.3_39_F.1.1-1-1	young_source_rule	P9.B002769.3_39_F.1.1-1-1-1	one_assay_suffix	3m	1	nan	T cell	CL:0000084	nan	facs	3_39_F	261470.0	1560.0	female	ForelimbandHindlimb	Limb_Muscle	nan	6	5
P9-B003291-3_39_F-1-1			3	P9.B003291.3_39_F.1.1-1-1	3_39_F	Thymus	False	1	False	P9.B003291.3_39_F.1.1-1-1	young_source_rule	P9.B003291.3_39_F.1.1-1-1-1	one_assay_suffix	3m	1	nan	DN4 thymocyte	CL:0002420	DN4 thymocyte	facs	3_39_F	975430.0	2029.0	female	Flowthrough	Thymus	nan	6	5
P9-D042473-3_10_M-1-1			3	P9.D042473.3_10_M.1.1-1-1	3_10_M	Limb_Muscle	False	1	False	P9.D042473.3_10_M.1.1-1-1	young_source_rule	P9.D042473.3_10_M.1.1-1-1-1	one_assay_suffix	3m	1	nan	T cell	nan	nan	facs	3_10_M	44587.0	1719.0	male	ForelimbandHindlimb	Limb_Muscle	nan	4	21
P9-MAA000556-3_9_M-1-1			3	P9.MAA000556.3_9_M.1.1-1-1	3_9_M	BAT	False	1	False	P9.MAA000556.3_9_M.1.1-1-1	young_source_rule	P9.MAA000556.3_9_M.1.1-1-1-1	one_assay_suffix	3m	1	nan	T cell	CL:0000084	nan	facs	3_9_M	166551.0	1423.0	male	Fat	BAT	nan	6	5
P9-MAA000607-3_9_M-1-1			3	P9.MAA000607.3_9_M.1.1-1-1	3_9_M	Thymus	False	1	False	P9.MAA000607.3_9_M.1.1-1-1	young_source_rule	P9.MAA000607.3_9_M.1.1-1-1-1	one_assay_suffix	3m	1	nan	thymocyte	CL:0002420	DN to DP transition (most are Cd8+/ Cd4+, some undergoing VDJ recombination)	facs	3_9_M	451804.0	2452.0	male	nan	Thymus	nan	21	23
P9-MAA000609-3_8_M-1-1			3	P9.MAA000609.3_8_M.1.1-1-1	3_8_M	Thymus	False	1	False	P9.MAA000609.3_8_M.1.1-1-1	young_source_rule	P9.MAA000609.3_8_M.1.1-1-1-1	one_assay_suffix	3m	1	nan	thymocyte	CL:0002420	DN to DP transition (most are Cd8+/ Cd4+, some undergoing VDJ recombination)	facs	3_8_M	295403.0	1756.0	male	nan	Thymus	nan	21	23
P9-MAA000844-3_10_M-1-1			3	P9.MAA000844.3_10_M.1.1-1-1	3_10_M	Marrow	False	1	False	P9.MAA000844.3_10_M.1.1-1-1	young_source_rule	P9.MAA000844.3_10_M.1.1-1-1-1	one_assay_suffix	3m	1	nan	late pro-B cell	CL:0002048	late pro B cell	facs	3_10_M	667398.0	4297.0	male	T-cells	Marrow	nan	37	41
P9-MAA000877-3_11_M-1-1			3	P9.MAA000877.3_11_M.1.1-1-1	3_11_M	MAT	False	1	False	P9.MAA000877.3_11_M.1.1-1-1	young_source_rule	P9.MAA000877.3_11_M.1.1-1-1-1	one_assay_suffix	3m	1	nan	B cell	CL:0000236	nan	facs	3_11_M	608425.0	2375.0	male	Fat	MAT	nan	0	48
P9-MAA000880-3_11_M-1-1			3	P9.MAA000880.3_11_M.1.1-1-1	3_11_M	Thymus	False	1	False	P9.MAA000880.3_11_M.1.1-1-1	young_source_rule	P9.MAA000880.3_11_M.1.1-1-1-1	one_assay_suffix	3m	1	nan	thymocyte	CL:0002420	DN to DP transition (most are Cd8+/ Cd4+, some undergoing VDJ recombination)	facs	3_11_M	617302.0	1666.0	male	nan	Thymus	nan	21	23
P9-MAA001888-3_39_F-1-1			3	P9.MAA001888.3_39_F.1.1-1-1	3_39_F	Marrow	False	1	False	P9.MAA001888.3_39_F.1.1-1-1	young_source_rule	P9.MAA001888.3_39_F.1.1-1-1-1	one_assay_suffix	3m	1	nan	CD4-positive, alpha-beta T cell	CL:0000815	BM CD4 T cell	facs	3_39_F	171976.0	1960.0	female	T-cells	Marrow	nan	4	21
A10_B000795_B008545_S10			18	A10_B000795_B008545_S10	18_47_F	MAT	False	1	False	A10_B000795_B008545_S10.mm10-plus-3-0	exact_library_id_plus_documented_alignment_suffix	A10_B000795_B008545_S10.mm10-plus-3-0-1	one_assay_suffix	18m	1	nan	CD4-positive, alpha-beta T cell	nan	nan	facs	18_47_F	96344.0	1925.0	female	Fat	MAT	nan	4	21
A10_B000805_B008544_S10	74.0	2.0	18	A10_B000805_B008544_S10	18_46_F	SCAT	True	2	True	A10_B000805_B008544_S10.mm10-plus-3-0	exact_library_id_plus_documented_alignment_suffix	A10_B000805_B008544_S10.mm10-plus-3-0-1	one_assay_suffix	18m	1	nan	T cell	nan	nan	facs	18_46_F	1393998.0	3060.0	female	Fat	SCAT	nan	4	9
A10_B001369_B009009_S10			18	A10_B001369_B009009_S10	18_47_F	Thymus	False	1	False	A10_B001369_B009009_S10.mm10-plus-7-0	exact_library_id_plus_documented_alignment_suffix	A10_B001369_B009009_S10.mm10-plus-7-0-1	one_assay_suffix	18m	1	nan	DN4 thymocyte	nan	DN4 thymocyte	facs	18_47_F	286127.0	1892.0	female	Thymus Flowthrough	Thymus	nan	6	5
A11_B000795_B008545_S11			18	A11_B000795_B008545_S11	18_47_F	MAT	False	1	False	A11_B000795_B008545_S11.mm10-plus-3-0	exact_library_id_plus_documented_alignment_suffix	A11_B000795_B008545_S11.mm10-plus-3-0-1	one_assay_suffix	18m	1	nan	CD8-positive, alpha-beta T cell	nan	nan	facs	18_47_F	274856.0	1901.0	female	Fat	MAT	nan	4	9
A11_B001369_B009009_S11			18	A11_B001369_B009009_S11	18_47_F	Thymus	False	1	False	A11_B001369_B009009_S11.mm10-plus-7-0	exact_library_id_plus_documented_alignment_suffix	A11_B001369_B009009_S11.mm10-plus-7-0-1	one_assay_suffix	18m	1	nan	DN4 thymocyte	nan	DN4 thymocyte	facs	18_47_F	3199903.0	1570.0	female	Thymus Flowthrough	Thymus	nan	6	5
A11_B002709_B009018_S11			18	A11_B002709_B009018_S11	18_53_M	Spleen	False	1	False	A11_B002709_B009018_S11.mm10-plus-7-0	exact_library_id_plus_documented_alignment_suffix	A11_B002709_B009018_S11.mm10-plus-7-0-1	one_assay_suffix	18m	1	nan	NK cell	nan	nan	facs	18_53_M	1122806.0	1715.0	male	nan	Spleen	nan	40	9
A11_B003007_B009008_S11			18	A11_B003007_B009008_S11	18_46_F	Thymus	False	1	False	A11_B003007_B009008_S11.mm10-plus-7-0	exact_library_id_plus_documented_alignment_suffix	A11_B003007_B009008_S11.mm10-plus-7-0-1	one_assay_suffix	18m	1	nan	DN4 thymocyte	nan	DN4 thymocyte	facs	18_46_F	298118.0	1830.0	female	Thymus Flowthrough	Thymus	nan	4	21
A11_B003017_B009010_S11			18	A11_B003017_B009010_S11	18_45_M	Thymus	False	1	False	A11_B003017_B009010_S11.mm10-plus-7-0	exact_library_id_plus_documented_alignment_suffix	A11_B003017_B009010_S11.mm10-plus-7-0-1	one_assay_suffix	18m	1	nan	thymocyte	nan	DN to DP transition (most are Cd8+/ Cd4+, some undergoing VDJ recombination)	facs	18_45_M	1286045.0	900.0	male	Thymus Flowthrough	Thymus	nan	21	23
A12_B000794_B008549_S12			18	A12_B000794_B008549_S12	18_47_F	GAT	False	1	False	A12_B000794_B008549_S12.mm10-plus-3-0	exact_library_id_plus_documented_alignment_suffix	A12_B000794_B008549_S12.mm10-plus-3-0-1	one_assay_suffix	18m	1	nan	CD8-positive, alpha-beta T cell	nan	nan	facs	18_47_F	780296.0	2099.0	female	Fat	GAT	nan	4	9
A12_B002459_B007461_S12	52.0	2.0	18	A12_B002459_B007461_S12	18_46_F	Marrow	True	2	True	A12_B002459_B007461_S12.mm10-plus-8-0	exact_library_id_plus_documented_alignment_suffix	A12_B002459_B007461_S12.mm10-plus-8-0-1	one_assay_suffix	18m	1	nan	mature alpha-beta T cell	nan	BM CD8 + CD4 T cell	facs	18_46_F	616632.0	2035.0	female	T cells	Marrow	nan	4	9
A12_B002709_B009018_S12	76.0	2.0	18	A12_B002709_B009018_S12	18_53_M	Spleen	True	2	True	A12_B002709_B009018_S12.mm10-plus-7-0	exact_library_id_plus_documented_alignment_suffix	A12_B002709_B009018_S12.mm10-plus-7-0-1	one_assay_suffix	18m	1	nan	CD4-positive, alpha-beta T cell	nan	Cd3e T cell	facs	18_53_M	808687.0	1208.0	male	nan	Spleen	nan	4	21
A12_B003007_B009008_S12			18	A12_B003007_B009008_S12	18_46_F	Thymus	False	1	False	A12_B003007_B009008_S12.mm10-plus-7-0	exact_library_id_plus_documented_alignment_suffix	A12_B003007_B009008_S12.mm10-plus-7-0-1	one_assay_suffix	18m	1	nan	DN4 thymocyte	nan	DN4 thymocyte	facs	18_46_F	223542.0	1884.0	female	Thymus Flowthrough	Thymus	nan	4	9
A12_B003017_B009010_S12			18	A12_B003017_B009010_S12	18_45_M	Thymus	False	1	False	A12_B003017_B009010_S12.mm10-plus-7-0	exact_library_id_plus_documented_alignment_suffix	A12_B003017_B009010_S12.mm10-plus-7-0-1	one_assay_suffix	18m	1	nan	thymocyte	nan	DN to DP transition (most are Cd8+/ Cd4+, some undergoing VDJ recombination)	facs	18_45_M	1257473.0	1197.0	male	Thymus Flowthrough	Thymus	nan	21	23
A12_D045342_B009019_S12			18	A12_D045342_B009019_S12	18_45_M	Spleen	False	1	False	A12_D045342_B009019_S12.mm10-plus-0-0	exact_library_id_plus_documented_alignment_suffix	A12_D045342_B009019_S12.mm10-plus-0-0-1	one_assay_suffix	18m	1	nan	CD4-positive, alpha-beta T cell	nan	Cd3e T cell	facs	18_45_M	843181.0	1586.0	male	nan	Spleen	nan	4	21
A13_B000794_B008549_S13	68.0	3.0	18	A13_B000794_B008549_S13	18_47_F	GAT	True	2	True	A13_B000794_B008549_S13.mm10-plus-3-0	exact_library_id_plus_documented_alignment_suffix	A13_B000794_B008549_S13.mm10-plus-3-0-1	one_assay_suffix	18m	1	nan	CD8-positive, alpha-beta T cell	nan	nan	facs	18_47_F	765164.0	2364.0	female	Fat	GAT	nan	4	9
A13_B002452_B009020_S13			18	A13_B002452_B009020_S13	18_47_F	Spleen	False	1	False	A13_B002452_B009020_S13.mm10-plus-0-0	exact_library_id_plus_documented_alignment_suffix	A13_B002452_B009020_S13.mm10-plus-0-0-1	one_assay_suffix	18m	1	nan	CD8-positive, alpha-beta T cell	nan	Cd3e T cell	facs	18_47_F	1988926.0	2019.0	female	nan	Spleen	nan	4	5
A13_B003007_B009008_S13			18	A13_B003007_B009008_S13	18_46_F	Thymus	False	1	False	A13_B003007_B009008_S13.mm10-plus-7-0	exact_library_id_plus_documented_alignment_suffix	A13_B003007_B009008_S13.mm10-plus-7-0-1	one_assay_suffix	18m	1	nan	DN4 thymocyte	nan	DN4 thymocyte	facs	18_46_F	928688.0	3182.0	female	Thymus Flowthrough	Thymus	nan	4	21
A13_B003017_B009010_S13			18	A13_B003017_B009010_S13	18_45_M	Thymus	False	1	False	A13_B003017_B009010_S13.mm10-plus-7-0	exact_library_id_plus_documented_alignment_suffix	A13_B003017_B009010_S13.mm10-plus-7-0-1	one_assay_suffix	18m	1	nan	thymocyte	nan	DN to DP transition (most are Cd8+/ Cd4+, some undergoing VDJ recombination)	facs	18_45_M	331861.0	1073.0	male	Thymus Flowthrough	Thymus	nan	21	23
A13_B003022_B008546_S13			18	A13_B003022_B008546_S13	18_45_M	MAT	False	1	False	A13_B003022_B008546_S13.mm10-plus-7-0	exact_library_id_plus_documented_alignment_suffix	A13_B003022_B008546_S13.mm10-plus-7-0-1	one_assay_suffix	18m	1	nan	CD8-positive, alpha-beta T cell	nan	nan	facs	18_45_M	226478.0	1485.0	male	Fat	MAT	nan	4	9
A14_B000170_B009955_S14	29.0	7.0	18	A14_B000170_B009955_S14	18_53_M	Heart	True	7	True	A14_B000170_B009955_S14.mm10-plus-4-0	exact_library_id_plus_documented_alignment_suffix	A14_B000170_B009955_S14.mm10-plus-4-0-1	one_assay_suffix	18m	1	nan	T cell	nan	T cell	facs	18_53_M	902831.0	2311.0	male	LV	Heart	nan	4	21
A14_B000515_B008434_S14			18	A14_B000515_B008434_S14	18_53_M	BAT	False	1	False	A14_B000515_B008434_S14.mm10-plus-3-0	exact_library_id_plus_documented_alignment_suffix	A14_B000515_B008434_S14.mm10-plus-3-0-1	one_assay_suffix	18m	1	nan	T cell	nan	nan	facs	18_53_M	268322.0	1300.0	male	Fat	BAT	nan	6	5
A14_B000794_B008549_S14	100.0	7.0	18	A14_B000794_B008549_S14	18_47_F	GAT	True	6	True	A14_B000794_B008549_S14.mm10-plus-3-0	exact_library_id_plus_documented_alignment_suffix	A14_B000794_B008549_S14.mm10-plus-3-0-1	one_assay_suffix	18m	1	nan	CD8-positive, alpha-beta T cell	nan	nan	facs	18_47_F	1157188.0	1725.0	female	Fat	GAT	nan	4	9
A14_B000795_B008545_S14			18	A14_B000795_B008545_S14	18_47_F	MAT	False	1	False	A14_B000795_B008545_S14.mm10-plus-3-0	exact_library_id_plus_documented_alignment_suffix	A14_B000795_B008545_S14.mm10-plus-3-0-1	one_assay_suffix	18m	1	nan	CD8-positive, alpha-beta T cell	nan	nan	facs	18_47_F	181880.0	1713.0	female	Fat	MAT	nan	4	21
A14_B000800_B008432_S14	37.0	2.0	18	A14_B000800_B008432_S14	18_47_F	BAT	True	2	True	A14_B000800_B008432_S14.mm10-plus-3-0	exact_library_id_plus_documented_alignment_suffix	A14_B000800_B008432_S14.mm10-plus-3-0-1	one_assay_suffix	18m	1	nan	T cell	nan	nan	facs	18_47_F	729103.0	1338.0	female	Fat	BAT	nan	4	9
A14_B000806_B008540_S14			18	A14_B000806_B008540_S14	18_46_F	MAT	False	1	False	A14_B000806_B008540_S14.mm10-plus-6-0	exact_library_id_plus_documented_alignment_suffix	A14_B000806_B008540_S14.mm10-plus-6-0-1	one_assay_suffix	18m	1	nan	CD4-positive, alpha-beta T cell	nan	nan	facs	18_46_F	695042.0	2014.0	female	Fat	MAT	nan	6	5
A14_B002452_B009020_S14	79.0	2.0	18	A14_B002452_B009020_S14	18_47_F	Spleen	True	1	False	A14_B002452_B009020_S14.mm10-plus-0-0	exact_library_id_plus_documented_alignment_suffix	A14_B002452_B009020_S14.mm10-plus-0-0-1	one_assay_suffix	18m	1	nan	CD8-positive, alpha-beta T cell	nan	nan	facs	18_47_F	1129479.0	1921.0	female	nan	Spleen	nan	4	9
A14_B003007_B009008_S14	98.0	5.0	18	A14_B003007_B009008_S14	18_46_F	Thymus	True	3	True	A14_B003007_B009008_S14.mm10-plus-7-0	exact_library_id_plus_documented_alignment_suffix	A14_B003007_B009008_S14.mm10-plus-7-0-1	one_assay_suffix	18m	1	nan	DN4 thymocyte	nan	DN4 thymocyte	facs	18_46_F	1117727.0	3090.0	female	Thymus Flowthrough	Thymus	nan	4	21
A14_B003017_B009010_S14			18	A14_B003017_B009010_S14	18_45_M	Thymus	False	1	False	A14_B003017_B009010_S14.mm10-plus-7-0	exact_library_id_plus_documented_alignment_suffix	A14_B003017_B009010_S14.mm10-plus-7-0-1	one_assay_suffix	18m	1	nan	thymocyte	nan	DN to DP transition (most are Cd8+/ Cd4+, some undergoing VDJ recombination)	facs	18_45_M	454742.0	1113.0	male	Thymus Flowthrough	Thymus	nan	21	23
A15_B000477_B008543_S15			18	A15_B000477_B008543_S15	18_53_M	MAT	False	1	False	A15_B000477_B008543_S15.mm10-plus-6-0	exact_library_id_plus_documented_alignment_suffix	A15_B000477_B008543_S15.mm10-plus-6-0-1	one_assay_suffix	18m	1	nan	CD8-positive, alpha-beta T cell	nan	nan	facs	18_53_M	1613381.0	2111.0	male	Fat	MAT	nan	4	9
A15_B000491_B009016_S15			18	A15_B000491_B009016_S15	18_47_F	Thymus	False	1	False	A15_B000491_B009016_S15.mm10-plus-8-0	exact_library_id_plus_documented_alignment_suffix		unmatched																
A15_B000795_B008545_S15			18	A15_B000795_B008545_S15	18_47_F	MAT	False	1	False	A15_B000795_B008545_S15.mm10-plus-3-0	exact_library_id_plus_documented_alignment_suffix	A15_B000795_B008545_S15.mm10-plus-3-0-1	one_assay_suffix	18m	1	nan	CD8-positive, alpha-beta T cell	nan	nan	facs	18_47_F	132426.0	1676.0	female	Fat	MAT	nan	4	9
A15_B000805_B008544_S15	19.0	10.0	18	A15_B000805_B008544_S15	18_46_F	SCAT	True	9	True	A15_B000805_B008544_S15.mm10-plus-3-0	exact_library_id_plus_documented_alignment_suffix	A15_B000805_B008544_S15.mm10-plus-3-0-1	one_assay_suffix	18m	1	nan	CD8-positive, alpha-beta T cell	nan	nan	facs	18_46_F	606825.0	1394.0	female	Fat	SCAT	nan	4	9
A15_B001369_B009009_S15			18	A15_B001369_B009009_S15	18_47_F	Thymus	False	1	False	A15_B001369_B009009_S15.mm10-plus-7-0	exact_library_id_plus_documented_alignment_suffix	A15_B001369_B009009_S15.mm10-plus-7-0-1	one_assay_suffix	18m	1	nan	DN4 thymocyte	nan	DN4 thymocyte	facs	18_47_F	2707578.0	1320.0	female	Thymus Flowthrough	Thymus	nan	4	21
A15_B002452_B009020_S15			18	A15_B002452_B009020_S15	18_47_F	Spleen	False	1	False	A15_B002452_B009020_S15.mm10-plus-0-0	exact_library_id_plus_documented_alignment_suffix	A15_B002452_B009020_S15.mm10-plus-0-0-1	one_assay_suffix	18m	1	nan	CD4-positive, alpha-beta T cell	nan	Cd3e T cell	facs	18_47_F	2930864.0	2259.0	female	nan	Spleen	nan	4	21
A15_B003017_B009010_S15			18	A15_B003017_B009010_S15	18_45_M	Thymus	False	1	False	A15_B003017_B009010_S15.mm10-plus-7-0	exact_library_id_plus_documented_alignment_suffix	A15_B003017_B009010_S15.mm10-plus-7-0-1	one_assay_suffix	18m	1	nan	thymocyte	nan	DN to DP transition (most are Cd8+/ Cd4+, some undergoing VDJ recombination)	facs	18_45_M	1647404.0	1076.0	male	Thymus Flowthrough	Thymus	nan	21	23
A15_D045405_B009854_S15			18	A15_D045405_B009854_S15	18_45_M	Marrow	False	1	False	A15_D045405_B009854_S15.mm10-plus-6-0	exact_library_id_plus_documented_alignment_suffix	A15_D045405_B009854_S15.mm10-plus-6-0-1	one_assay_suffix	18m	1	nan	NK cell	nan	NK cell	facs	18_45_M	523210.0	1570.0	male	T cells	Marrow	nan	4	9
A16_B000120_B007345_S16	80.0	2.0	18	A16_B000120_B007345_S16	18_47_F	Trachea	True	1	False	A16_B000120_B007345_S16.mm10-plus-7-0	exact_library_id_plus_documented_alignment_suffix	A16_B000120_B007345_S16.mm10-plus-7-0-1	one_assay_suffix	18m	1	nan	T cell	nan	nan	facs	18_47_F	644874.0	2479.0	female	nan	Trachea	nan	4	21
A16_B000172_B009958_S16	72.0	7.0	18	A16_B000172_B009958_S16	18_53_M	Heart	True	6	True	A16_B000172_B009958_S16.mm10-plus-6-0	exact_library_id_plus_documented_alignment_suffix	A16_B000172_B009958_S16.mm10-plus-6-0-1	one_assay_suffix	18m	1	nan	T cell	nan	T cell	facs	18_53_M	1450731.0	2177.0	male	LA	Heart	nan	4	9
A16_B000472_B009891_S16	16.0	6.0	18	A16_B000472_B009891_S16	18_53_M	Marrow	True	6	True	A16_B000472_B009891_S16.mm10-plus-6-0	exact_library_id_plus_documented_alignment_suffix	A16_B000472_B009891_S16.mm10-plus-6-0-1	one_assay_suffix	18m	1	nan	NK cell	nan	NK cell	facs	18_53_M	3764254.0	1728.0	male	B-cells	Marrow	nan	40	47
A16_B000767_B009945_S16	102.0	2.0	18	A16_B000767_B009945_S16	18_46_F	Liver	True	2	True	A16_B000767_B009945_S16.mm10-plus-4-0	exact_library_id_plus_documented_alignment_suffix	A16_B000767_B009945_S16.mm10-plus-4-0-1	one_assay_suffix	18m	1	nan	mature NK T cell	nan	nan	facs	18_46_F	5185928.0	1973.0	female	Liver non-hepato/SCs	Liver	nan	4	9
A16_B000795_B008545_S16			18	A16_B000795_B008545_S16	18_47_F	MAT	False	1	False	A16_B000795_B008545_S16.mm10-plus-3-0	exact_library_id_plus_documented_alignment_suffix	A16_B000795_B008545_S16.mm10-plus-3-0-1	one_assay_suffix	18m	1	nan	CD4-positive, alpha-beta T cell	nan	nan	facs	18_47_F	172927.0	1689.0	female	Fat	MAT	nan	4	21
A16_B001363_B009260_S256			18	A16_B001363_B009260_S256	18_46_F	Brain_Non-Myeloid	False	1	False	A16_B001363_B009260_S256.mm10-plus-1-0	exact_library_id_plus_documented_alignment_suffix	A16_B001363_B009260_S256.mm10-plus-1-0-1	one_assay_suffix	18m	1	nan	CD8-positive, alpha-beta T cell	nan	nan	facs	18_46_F	1219640.0	1781.0	female	Cerebellum 	Brain_Non-Myeloid	nan	4	9
A16_B002459_B007461_S16			18	A16_B002459_B007461_S16	18_46_F	Marrow	False	1	False	A16_B002459_B007461_S16.mm10-plus-8-0	exact_library_id_plus_documented_alignment_suffix	A16_B002459_B007461_S16.mm10-plus-8-0-1	one_assay_suffix	18m	1	nan	CD4-positive, alpha-beta T cell	nan	BM CD4 T cell	facs	18_46_F	48501.0	1222.0	female	T cells	Marrow	nan	4	21
A16_B003017_B009010_S16			18	A16_B003017_B009010_S16	18_45_M	Thymus	False	1	False	A16_B003017_B009010_S16.mm10-plus-7-0	exact_library_id_plus_documented_alignment_suffix	A16_B003017_B009010_S16.mm10-plus-7-0-1	one_assay_suffix	18m	1	nan	thymocyte	nan	DN to DP transition (most are Cd8+/ Cd4+, some undergoing VDJ recombination)	facs	18_45_M	1404754.0	971.0	male	Thymus Flowthrough	Thymus	nan	21	23
A16_D045342_B009019_S16			18	A16_D045342_B009019_S16	18_45_M	Spleen	False	1	False	A16_D045342_B009019_S16.mm10-plus-0-0	exact_library_id_plus_documented_alignment_suffix	A16_D045342_B009019_S16.mm10-plus-0-0-1	one_assay_suffix	18m	1	nan	CD4-positive, alpha-beta T cell	nan	Cd3e T cell	facs	18_45_M	1239661.0	1594.0	male	nan	Spleen	nan	6	5
A16_D045405_B009854_S16			18	A16_D045405_B009854_S16	18_45_M	Marrow	False	1	False	A16_D045405_B009854_S16.mm10-plus-6-0	exact_library_id_plus_documented_alignment_suffix	A16_D045405_B009854_S16.mm10-plus-6-0-1	one_assay_suffix	18m	1	nan	mature alpha-beta T cell	nan	BM CD8 + CD4 T cell	facs	18_45_M	533265.0	1335.0	male	T cells	Marrow	nan	6	5
A17_B000767_B009945_S17			18	A17_B000767_B009945_S17	18_46_F	Liver	False	1	False	A17_B000767_B009945_S17.mm10-plus-4-0	exact_library_id_plus_documented_alignment_suffix	A17_B000767_B009945_S17.mm10-plus-4-0-1	one_assay_suffix	18m	1	nan	CD4-positive, alpha-beta T cell	nan	nan	facs	18_46_F	2719222.0	2387.0	female	Liver non-hepato/SCs	Liver	nan	4	21
A17_B002459_B007461_S17			18	A17_B002459_B007461_S17	18_46_F	Marrow	False	1	False	A17_B002459_B007461_S17.mm10-plus-8-0	exact_library_id_plus_documented_alignment_suffix	A17_B002459_B007461_S17.mm10-plus-8-0-1	one_assay_suffix	18m	1	nan	NK cell	nan	Klrb1a/b/c(-) NK cell	facs	18_46_F	421060.0	3094.0	female	T cells	Marrow	nan	9	7
A17_B003017_B009010_S17			18	A17_B003017_B009010_S17	18_45_M	Thymus	False	1	False	A17_B003017_B009010_S17.mm10-plus-7-0	exact_library_id_plus_documented_alignment_suffix	A17_B003017_B009010_S17.mm10-plus-7-0-1	one_assay_suffix	18m	1	nan	thymocyte	nan	DN to DP transition (most are Cd8+/ Cd4+, some undergoing VDJ recombination)	facs	18_45_M	836881.0	1009.0	male	Thymus Flowthrough	Thymus	nan	21	23
A18_B003017_B009010_S18			18	A18_B003017_B009010_S18	18_45_M	Thymus	False	1	False	A18_B003017_B009010_S18.mm10-plus-7-0	exact_library_id_plus_documented_alignment_suffix	A18_B003017_B009010_S18.mm10-plus-7-0-1	one_assay_suffix	18m	1	nan	thymocyte	nan	DN to DP transition (most are Cd8+/ Cd4+, some undergoing VDJ recombination)	facs	18_45_M	1021947.0	847.0	male	Thymus Flowthrough	Thymus	nan	21	23
A19_B002452_B009020_S19			18	A19_B002452_B009020_S19	18_47_F	Spleen	False	1	False	A19_B002452_B009020_S19.mm10-plus-0-0	exact_library_id_plus_documented_alignment_suffix	A19_B002452_B009020_S19.mm10-plus-0-0-1	one_assay_suffix	18m	1	nan	CD8-positive, alpha-beta T cell	nan	Cd3e T cell	facs	18_47_F	2409972.0	2480.0	female	nan	Spleen	nan	6	5
A19_B002459_B007461_S19			18	A19_B002459_B007461_S19	18_46_F	Marrow	False	1	False	A19_B002459_B007461_S19.mm10-plus-8-0	exact_library_id_plus_documented_alignment_suffix	A19_B002459_B007461_S19.mm10-plus-8-0-1	one_assay_suffix	18m	1	nan	basophil	nan	basophil	facs	18_46_F	2310095.0	5475.0	female	T cells	Marrow	nan	4	26
A19_B002828_B007462_S19	22.0	3.0	18	A19_B002828_B007462_S19	18_47_F	Marrow	True	3	True	A19_B002828_B007462_S19.mm10-plus-6-0	exact_library_id_plus_documented_alignment_suffix	A19_B002828_B007462_S19.mm10-plus-6-0-1	one_assay_suffix	18m	1	nan	mature alpha-beta T cell	nan	BM CD8 + CD4 T cell	facs	18_47_F	1008062.0	4480.0	female	T cells	Marrow	nan	4	48
A19_B003017_B009010_S19			18	A19_B003017_B009010_S19	18_45_M	Thymus	False	1	False	A19_B003017_B009010_S19.mm10-plus-7-0	exact_library_id_plus_documented_alignment_suffix	A19_B003017_B009010_S19.mm10-plus-7-0-1	one_assay_suffix	18m	1	nan	thymocyte	nan	DN to DP transition (most are Cd8+/ Cd4+, some undergoing VDJ recombination)	facs	18_45_M	882885.0	847.0	male	Thymus Flowthrough	Thymus	nan	21	23
A1_B001247_B009941_S1	10.0	18.0	18	A1_B001247_B009941_S1	18_46_F	Liver	True	18	True	A1_B001247_B009941_S1.mm10-plus-4-0	exact_library_id_plus_documented_alignment_suffix	A1_B001247_B009941_S1.mm10-plus-4-0-1	one_assay_suffix	18m	1	nan	Kupffer cell	nan	nan	facs	18_46_F	62114.0	3420.0	female	Liver non-hepato/SCs_st	Liver	nan	53	57
A1_B002452_B009020_S1			18	A1_B002452_B009020_S1	18_47_F	Spleen	False	1	False	A1_B002452_B009020_S1.mm10-plus-0-0	exact_library_id_plus_documented_alignment_suffix	A1_B002452_B009020_S1.mm10-plus-0-0-1	one_assay_suffix	18m	1	nan	CD8-positive, alpha-beta T cell	nan	Cd3e T cell	facs	18_47_F	734066.0	2692.0	female	nan	Spleen	nan	6	5
A1_B002459_B007461_S1			18	A1_B002459_B007461_S1	18_46_F	Marrow	False	1	False	A1_B002459_B007461_S1.mm10-plus-8-0	exact_library_id_plus_documented_alignment_suffix	A1_B002459_B007461_S1.mm10-plus-8-0-1	one_assay_suffix	18m	1	nan	CD4-positive, alpha-beta T cell	nan	BM CD4 T cell	facs	18_46_F	533349.0	2733.0	female	T cells	Marrow	nan	4	21
A1_B002828_B007462_S1			18	A1_B002828_B007462_S1	18_47_F	Marrow	False	1	False	A1_B002828_B007462_S1.mm10-plus-6-0	exact_library_id_plus_documented_alignment_suffix	A1_B002828_B007462_S1.mm10-plus-6-0-1	one_assay_suffix	18m	1	nan	CD4-positive, alpha-beta T cell	nan	BM CD4 T cell	facs	18_47_F	3010706.0	3215.0	female	T cells	Marrow	nan	4	21
A1_B003007_B009008_S1	81.0	2.0	18	A1_B003007_B009008_S1	18_46_F	Thymus	True	1	False	A1_B003007_B009008_S1.mm10-plus-7-0	exact_library_id_plus_documented_alignment_suffix	A1_B003007_B009008_S1.mm10-plus-7-0-1	one_assay_suffix	18m	1	nan	DN4 thymocyte	nan	DN4 thymocyte	facs	18_46_F	924707.0	2087.0	female	Thymus Flowthrough	Thymus	nan	4	9
A20_B000236_B009007_S20			18	A20_B000236_B009007_S20	18_53_M	Thymus	False	1	False	A20_B000236_B009007_S20.mm10-plus-8-0	exact_library_id_plus_documented_alignment_suffix	A20_B000236_B009007_S20.mm10-plus-8-0-1	one_assay_suffix	18m	1	nan	thymocyte	nan	DN to DP transition (most are Cd8+/ Cd4+, some undergoing VDJ recombination)	facs	18_53_M	141789.0	688.0	male	Thymus Flowthrough	Thymus	nan	6	5
A20_B001363_B009260_S260	34.0	10.0	18	A20_B001363_B009260_S260	18_46_F	Brain_Non-Myeloid	True	10	True	A20_B001363_B009260_S260.mm10-plus-1-0	exact_library_id_plus_documented_alignment_suffix	A20_B001363_B009260_S260.mm10-plus-1-0-1	one_assay_suffix	18m	1	nan	CD8-positive, alpha-beta T cell	nan	nan	facs	18_46_F	1243410.0	1244.0	female	Cerebellum 	Brain_Non-Myeloid	nan	4	9
A20_B001369_B009009_S20			18	A20_B001369_B009009_S20	18_47_F	Thymus	False	1	False	A20_B001369_B009009_S20.mm10-plus-7-0	exact_library_id_plus_documented_alignment_suffix	A20_B001369_B009009_S20.mm10-plus-7-0-1	one_assay_suffix	18m	1	nan	DN4 thymocyte	nan	DN4 thymocyte	facs	18_47_F	4167156.0	1481.0	female	Thymus Flowthrough	Thymus	nan	4	21
A20_B003017_B009010_S20			18	A20_B003017_B009010_S20	18_45_M	Thymus	False	1	False	A20_B003017_B009010_S20.mm10-plus-7-0	exact_library_id_plus_documented_alignment_suffix	A20_B003017_B009010_S20.mm10-plus-7-0-1	one_assay_suffix	18m	1	nan	DN4 thymocyte	nan	DN4 thymocyte	facs	18_45_M	967539.0	911.0	male	Thymus Flowthrough	Thymus	nan	6	5
A21_B001369_B009009_S21			18	A21_B001369_B009009_S21	18_47_F	Thymus	False	1	False	A21_B001369_B009009_S21.mm10-plus-7-0	exact_library_id_plus_documented_alignment_suffix	A21_B001369_B009009_S21.mm10-plus-7-0-1	one_assay_suffix	18m	1	nan	DN4 thymocyte	nan	DN4 thymocyte	facs	18_47_F	733249.0	2137.0	female	Thymus Flowthrough	Thymus	nan	6	5
A21_B002459_B007461_S21	96.0	2.0	18	A21_B002459_B007461_S21	18_46_F	Marrow	True	2	True	A21_B002459_B007461_S21.mm10-plus-8-0	exact_library_id_plus_documented_alignment_suffix	A21_B002459_B007461_S21.mm10-plus-8-0-1	one_assay_suffix	18m	1	nan	NK cell	nan	Klrb1a/b/c(-) NK cell	facs	18_46_F	533049.0	3100.0	female	T cells	Marrow	nan	43	8
A21_B003007_B009008_S21	9.0	9.0	18	A21_B003007_B009008_S21	18_46_F	Thymus	True	1	False	A21_B003007_B009008_S21.mm10-plus-7-0	exact_library_id_plus_documented_alignment_suffix	A21_B003007_B009008_S21.mm10-plus-7-0-1	one_assay_suffix	18m	1	nan	DN4 thymocyte	nan	DN4 thymocyte	facs	18_46_F	1871470.0	2638.0	female	Thymus Flowthrough	Thymus	nan	4	9
A21_B003017_B009010_S21			18	A21_B003017_B009010_S21	18_45_M	Thymus	False	1	False	A21_B003017_B009010_S21.mm10-plus-7-0	exact_library_id_plus_documented_alignment_suffix	A21_B003017_B009010_S21.mm10-plus-7-0-1	one_assay_suffix	18m	1	nan	thymocyte	nan	DN to DP transition (most are Cd8+/ Cd4+, some undergoing VDJ recombination)	facs	18_45_M	591609.0	747.0	male	Thymus Flowthrough	Thymus	nan	21	23
A21_D045342_B009019_S21			18	A21_D045342_B009019_S21	18_45_M	Spleen	False	1	False	A21_D045342_B009019_S21.mm10-plus-0-0	exact_library_id_plus_documented_alignment_suffix	A21_D045342_B009019_S21.mm10-plus-0-0-1	one_assay_suffix	18m	1	nan	CD4-positive, alpha-beta T cell	nan	Cd3e T cell	facs	18_45_M	1699195.0	1438.0	male	nan	Spleen	nan	4	21
A2_B001247_B009941_S2	10.0	18.0	18	A2_B001247_B009941_S2	18_46_F	Liver	True	18	True	A2_B001247_B009941_S2.mm10-plus-4-0	exact_library_id_plus_documented_alignment_suffix	A2_B001247_B009941_S2.mm10-plus-4-0-1	one_assay_suffix	18m	1	nan	mature NK T cell	nan	nan	facs	18_46_F	1529478.0	3450.0	female	Liver non-hepato/SCs_st	Liver	nan	40	9
A2_B002709_B009018_S2	24.0	11.0	18	A2_B002709_B009018_S2	18_53_M	Spleen	True	11	True	A2_B002709_B009018_S2.mm10-plus-7-0	exact_library_id_plus_documented_alignment_suffix	A2_B002709_B009018_S2.mm10-plus-7-0-1	one_assay_suffix	18m	1	nan	CD8-positive, alpha-beta T cell	nan	nan	facs	18_53_M	450297.0	1791.0	male	nan	Spleen	nan	4	9
A2_B002843_B009897_S2	90.0	2.0	18	A2_B002843_B009897_S2	18_47_F	Lung	True	2	True	A2_B002843_B009897_S2.mm10-plus-6-0	exact_library_id_plus_documented_alignment_suffix		unmatched																
A2_B003007_B009008_S2			18	A2_B003007_B009008_S2	18_46_F	Thymus	False	1	False	A2_B003007_B009008_S2.mm10-plus-7-0	exact_library_id_plus_documented_alignment_suffix	A2_B003007_B009008_S2.mm10-plus-7-0-1	one_assay_suffix	18m	1	nan	DN4 thymocyte	nan	DN4 thymocyte	facs	18_46_F	615426.0	1271.0	female	Thymus Flowthrough	Thymus	nan	6	5
A3_B000794_B008549_S3			18	A3_B000794_B008549_S3	18_47_F	GAT	False	1	False	A3_B000794_B008549_S3.mm10-plus-3-0	exact_library_id_plus_documented_alignment_suffix	A3_B000794_B008549_S3.mm10-plus-3-0-1	one_assay_suffix	18m	1	nan	CD4-positive, alpha-beta T cell	nan	nan	facs	18_47_F	340949.0	1862.0	female	Fat	GAT	nan	4	21
A3_B001369_B009009_S3			18	A3_B001369_B009009_S3	18_47_F	Thymus	False	1	False	A3_B001369_B009009_S3.mm10-plus-7-0	exact_library_id_plus_documented_alignment_suffix	A3_B001369_B009009_S3.mm10-plus-7-0-1	one_assay_suffix	18m	1	nan	DN4 thymocyte	nan	DN4 thymocyte	facs	18_47_F	3083798.0	2148.0	female	Thymus Flowthrough	Thymus	nan	4	21
A3_B002459_B007461_S3	21.0	10.0	18	A3_B002459_B007461_S3	18_46_F	Marrow	True	7	True	A3_B002459_B007461_S3.mm10-plus-8-0	exact_library_id_plus_documented_alignment_suffix	A3_B002459_B007461_S3.mm10-plus-8-0-1	one_assay_suffix	18m	1	nan	NK cell	nan	Klrb1a/b/c(-) NK cell	facs	18_46_F	971675.0	3537.0	female	T cells	Marrow	nan	11	7
A3_B003007_B009008_S3			18	A3_B003007_B009008_S3	18_46_F	Thymus	False	1	False	A3_B003007_B009008_S3.mm10-plus-7-0	exact_library_id_plus_documented_alignment_suffix	A3_B003007_B009008_S3.mm10-plus-7-0-1	one_assay_suffix	18m	1	nan	DN4 thymocyte	nan	DN4 thymocyte	facs	18_46_F	458177.0	1534.0	female	Thymus Flowthrough	Thymus	nan	4	21
A4_B002452_B009020_S4			18	A4_B002452_B009020_S4	18_47_F	Spleen	False	1	False	A4_B002452_B009020_S4.mm10-plus-0-0	exact_library_id_plus_documented_alignment_suffix	A4_B002452_B009020_S4.mm10-plus-0-0-1	one_assay_suffix	18m	1	nan	CD4-positive, alpha-beta T cell	nan	Cd3e T cell	facs	18_47_F	1041956.0	2452.0	female	nan	Spleen	nan	4	21
A4_B002828_B007462_S4	22.0	3.0	18	A4_B002828_B007462_S4	18_47_F	Marrow	True	3	True	A4_B002828_B007462_S4.mm10-plus-6-0	exact_library_id_plus_documented_alignment_suffix	A4_B002828_B007462_S4.mm10-plus-6-0-1	one_assay_suffix	18m	1	nan	mature alpha-beta T cell	nan	BM CD8 + CD4 T cell	facs	18_47_F	581340.0	3472.0	female	T cells	Marrow	nan	4	9
A4_B003007_B009008_S4			18	A4_B003007_B009008_S4	18_46_F	Thymus	False	1	False	A4_B003007_B009008_S4.mm10-plus-7-0	exact_library_id_plus_documented_alignment_suffix	A4_B003007_B009008_S4.mm10-plus-7-0-1	one_assay_suffix	18m	1	nan	DN4 thymocyte	nan	DN4 thymocyte	facs	18_46_F	921879.0	2138.0	female	Thymus Flowthrough	Thymus	nan	6	5
A4_B003017_B009010_S4			18	A4_B003017_B009010_S4	18_45_M	Thymus	False	1	False	A4_B003017_B009010_S4.mm10-plus-7-0	exact_library_id_plus_documented_alignment_suffix	A4_B003017_B009010_S4.mm10-plus-7-0-1	one_assay_suffix	18m	1	nan	thymocyte	nan	DN to DP transition (most are Cd8+/ Cd4+, some undergoing VDJ recombination)	facs	18_45_M	958953.0	934.0	male	Thymus Flowthrough	Thymus	nan	21	23
A5_B001369_B009009_S5			18	A5_B001369_B009009_S5	18_47_F	Thymus	False	1	False	A5_B001369_B009009_S5.mm10-plus-7-0	exact_library_id_plus_documented_alignment_suffix	A5_B001369_B009009_S5.mm10-plus-7-0-1	one_assay_suffix	18m	1	nan	DN4 thymocyte	nan	DN4 thymocyte	facs	18_47_F	360253.0	1987.0	female	Thymus Flowthrough	Thymus	nan	6	5
A5_B003007_B009008_S5			18	A5_B003007_B009008_S5	18_46_F	Thymus	False	1	False	A5_B003007_B009008_S5.mm10-plus-7-0	exact_library_id_plus_documented_alignment_suffix	A5_B003007_B009008_S5.mm10-plus-7-0-1	one_assay_suffix	18m	1	nan	DN4 thymocyte	nan	DN4 thymocyte	facs	18_46_F	365243.0	1440.0	female	Thymus Flowthrough	Thymus	nan	4	21
A5_B003017_B009010_S5			18	A5_B003017_B009010_S5	18_45_M	Thymus	False	1	False	A5_B003017_B009010_S5.mm10-plus-7-0	exact_library_id_plus_documented_alignment_suffix	A5_B003017_B009010_S5.mm10-plus-7-0-1	one_assay_suffix	18m	1	nan	thymocyte	nan	DN to DP transition (most are Cd8+/ Cd4+, some undergoing VDJ recombination)	facs	18_45_M	853004.0	856.0	male	Thymus Flowthrough	Thymus	nan	21	23
A6_B000235_B007504_S6			18	A6_B000235_B007504_S6	18_53_M	Thymus	False	1	False	A6_B000235_B007504_S6.mm10-plus-0-0	exact_library_id_plus_documented_alignment_suffix		unmatched																
A6_B000750_B007346_S6			18	A6_B000750_B007346_S6	18_45_M	Trachea	False	1	False	A6_B000750_B007346_S6.mm10-plus-8-0	exact_library_id_plus_documented_alignment_suffix	A6_B000750_B007346_S6.mm10-plus-8-0-1	one_assay_suffix	18m	1	nan	T cell	nan	nan	facs	18_45_M	3520405.0	1501.0	male	nan	Trachea	nan	4	9
A6_B001369_B009009_S6			18	A6_B001369_B009009_S6	18_47_F	Thymus	False	1	False	A6_B001369_B009009_S6.mm10-plus-7-0	exact_library_id_plus_documented_alignment_suffix	A6_B001369_B009009_S6.mm10-plus-7-0-1	one_assay_suffix	18m	1	nan	DN4 thymocyte	nan	DN4 thymocyte	facs	18_47_F	331378.0	2179.0	female	Thymus Flowthrough	Thymus	nan	6	5
A7_B002459_B007461_S7			18	A7_B002459_B007461_S7	18_46_F	Marrow	False	1	False	A7_B002459_B007461_S7.mm10-plus-8-0	exact_library_id_plus_documented_alignment_suffix	A7_B002459_B007461_S7.mm10-plus-8-0-1	one_assay_suffix	18m	1	nan	mature alpha-beta T cell	nan	BM CD8 + CD4 T cell	facs	18_46_F	972244.0	2710.0	female	T cells	Marrow	nan	4	21
A8_B000814_B008548_S8			18	A8_B000814_B008548_S8	18_46_F	GAT	False	1	False	A8_B000814_B008548_S8.mm10-plus-6-0	exact_library_id_plus_documented_alignment_suffix	A8_B000814_B008548_S8.mm10-plus-6-0-1	one_assay_suffix	18m	1	nan	CD4-positive, alpha-beta T cell	nan	nan	facs	18_46_F	400679.0	2082.0	female	Fat	GAT	nan	4	21
A8_B003007_B009008_S8			18	A8_B003007_B009008_S8	18_46_F	Thymus	False	1	False	A8_B003007_B009008_S8.mm10-plus-7-0	exact_library_id_plus_documented_alignment_suffix	A8_B003007_B009008_S8.mm10-plus-7-0-1	one_assay_suffix	18m	1	nan	DN4 thymocyte	nan	DN4 thymocyte	facs	18_46_F	693894.0	2019.0	female	Thymus Flowthrough	Thymus	nan	4	21
A8_B003017_B009010_S8			18	A8_B003017_B009010_S8	18_45_M	Thymus	False	1	False	A8_B003017_B009010_S8.mm10-plus-7-0	exact_library_id_plus_documented_alignment_suffix	A8_B003017_B009010_S8.mm10-plus-7-0-1	one_assay_suffix	18m	1	nan	thymocyte	nan	DN to DP transition (most are Cd8+/ Cd4+, some undergoing VDJ recombination)	facs	18_45_M	1059969.0	1057.0	male	Thymus Flowthrough	Thymus	nan	21	23
A9_B000788_B008433_S9			18	A9_B000788_B008433_S9	18_46_F	BAT	False	1	False	A9_B000788_B008433_S9.mm10-plus-6-0	exact_library_id_plus_documented_alignment_suffix	A9_B000788_B008433_S9.mm10-plus-6-0-1	one_assay_suffix	18m	1	nan	NK cell	nan	nan	facs	18_46_F	2047442.0	2638.0	female	Fat	BAT	nan	4	9
A9_B000794_B008549_S9	100.0	7.0	18	A9_B000794_B008549_S9	18_47_F	GAT	True	6	True	A9_B000794_B008549_S9.mm10-plus-3-0	exact_library_id_plus_documented_alignment_suffix	A9_B000794_B008549_S9.mm10-plus-3-0-1	one_assay_suffix	18m	1	nan	CD8-positive, alpha-beta T cell	nan	nan	facs	18_47_F	510318.0	2132.0	female	Fat	GAT	nan	4	9
A9_B000808_B008541_S9	100.0	7.0	18	A9_B000808_B008541_S9	18_47_F	SCAT	True	6	True	A9_B000808_B008541_S9.mm10-plus-6-0	exact_library_id_plus_documented_alignment_suffix	A9_B000808_B008541_S9.mm10-plus-6-0-1	one_assay_suffix	18m	1	nan	CD8-positive, alpha-beta T cell	nan	nan	facs	18_47_F	489960.0	1637.0	female	Fat	SCAT	nan	4	9
A9_B000814_B008548_S9			18	A9_B000814_B008548_S9	18_46_F	GAT	False	1	False	A9_B000814_B008548_S9.mm10-plus-6-0	exact_library_id_plus_documented_alignment_suffix	A9_B000814_B008548_S9.mm10-plus-6-0-1	one_assay_suffix	18m	1	nan	CD8-positive, alpha-beta T cell	nan	nan	facs	18_46_F	1036641.0	3225.0	female	Fat	GAT	nan	4	9
A9_B001369_B009009_S9			18	A9_B001369_B009009_S9	18_47_F	Thymus	False	1	False	A9_B001369_B009009_S9.mm10-plus-7-0	exact_library_id_plus_documented_alignment_suffix	A9_B001369_B009009_S9.mm10-plus-7-0-1	one_assay_suffix	18m	1	nan	DN4 thymocyte	nan	DN4 thymocyte	facs	18_47_F	354985.0	1756.0	female	Thymus Flowthrough	Thymus	nan	6	5
A9_B002459_B007461_S9			18	A9_B002459_B007461_S9	18_46_F	Marrow	False	1	False	A9_B002459_B007461_S9.mm10-plus-8-0	exact_library_id_plus_documented_alignment_suffix	A9_B002459_B007461_S9.mm10-plus-8-0-1	one_assay_suffix	18m	1	nan	CD4-positive, alpha-beta T cell	nan	BM CD4 T cell	facs	18_46_F	12096.0	1432.0	female	T cells	Marrow	nan	4	21
B10_B000505_B008435_S34			18	B10_B000505_B008435_S34	18_45_M	GAT	False	1	False	B10_B000505_B008435_S34.mm10-plus-8-0	exact_library_id_plus_documented_alignment_suffix	B10_B000505_B008435_S34.mm10-plus-8-0-1	one_assay_suffix	18m	1	nan	CD8-positive, alpha-beta T cell	nan	nan	facs	18_45_M	447191.0	1318.0	male	Fat	GAT	nan	4	9
B10_B000795_B008545_S34			18	B10_B000795_B008545_S34	18_47_F	MAT	False	1	False	B10_B000795_B008545_S34.mm10-plus-3-0	exact_library_id_plus_documented_alignment_suffix	B10_B000795_B008545_S34.mm10-plus-3-0-1	one_assay_suffix	18m	1	nan	CD8-positive, alpha-beta T cell	nan	nan	facs	18_47_F	348624.0	1895.0	female	Fat	MAT	nan	4	9
B10_B000806_B008540_S34			18	B10_B000806_B008540_S34	18_46_F	MAT	False	1	False	B10_B000806_B008540_S34.mm10-plus-6-0	exact_library_id_plus_documented_alignment_suffix	B10_B000806_B008540_S34.mm10-plus-6-0-1	one_assay_suffix	18m	1	nan	CD4-positive, alpha-beta T cell	nan	nan	facs	18_46_F	595390.0	2090.0	female	Fat	MAT	nan	6	5
B10_B000808_B008541_S34	106.0	2.0	18	B10_B000808_B008541_S34	18_47_F	SCAT	True	2	True	B10_B000808_B008541_S34.mm10-plus-6-0	exact_library_id_plus_documented_alignment_suffix	B10_B000808_B008541_S34.mm10-plus-6-0-1	one_assay_suffix	18m	1	nan	CD8-positive, alpha-beta T cell	nan	nan	facs	18_47_F	446476.0	1980.0	female	Fat	SCAT	nan	4	9
B10_B001369_B009009_S34			18	B10_B001369_B009009_S34	18_47_F	Thymus	False	1	False	B10_B001369_B009009_S34.mm10-plus-7-0	exact_library_id_plus_documented_alignment_suffix	B10_B001369_B009009_S34.mm10-plus-7-0-1	one_assay_suffix	18m	1	nan	DN4 thymocyte	nan	DN4 thymocyte	facs	18_47_F	393001.0	1853.0	female	Thymus Flowthrough	Thymus	nan	6	5
B10_B002459_B007461_S34			18	B10_B002459_B007461_S34	18_46_F	Marrow	False	1	False	B10_B002459_B007461_S34.mm10-plus-8-0	exact_library_id_plus_documented_alignment_suffix	B10_B002459_B007461_S34.mm10-plus-8-0-1	one_assay_suffix	18m	1	nan	NK cell	nan	NK cell	facs	18_46_F	686360.0	3061.0	female	T cells	Marrow	nan	4	9
B10_B003007_B009008_S34			18	B10_B003007_B009008_S34	18_46_F	Thymus	False	1	False	B10_B003007_B009008_S34.mm10-plus-7-0	exact_library_id_plus_documented_alignment_suffix	B10_B003007_B009008_S34.mm10-plus-7-0-1	one_assay_suffix	18m	1	nan	DN4 thymocyte	nan	DN4 thymocyte	facs	18_46_F	917327.0	1880.0	female	Thymus Flowthrough	Thymus	nan	6	5
B10_B003017_B009010_S34			18	B10_B003017_B009010_S34	18_45_M	Thymus	False	1	False	B10_B003017_B009010_S34.mm10-plus-7-0	exact_library_id_plus_documented_alignment_suffix	B10_B003017_B009010_S34.mm10-plus-7-0-1	one_assay_suffix	18m	1	nan	thymocyte	nan	DN to DP transition (most are Cd8+/ Cd4+, some undergoing VDJ recombination)	facs	18_45_M	904231.0	880.0	male	Thymus Flowthrough	Thymus	nan	6	23
B11_B000236_B009007_S35			18	B11_B000236_B009007_S35	18_53_M	Thymus	False	1	False	B11_B000236_B009007_S35.mm10-plus-8-0	exact_library_id_plus_documented_alignment_suffix	B11_B000236_B009007_S35.mm10-plus-8-0-1	one_assay_suffix	18m	1	nan	thymocyte	nan	DN to DP transition (most are Cd8+/ Cd4+, some undergoing VDJ recombination)	facs	18_53_M	325214.0	1491.0	male	Thymus Flowthrough	Thymus	nan	21	23
B11_B000477_B008543_S35	140.0	2.0	18	B11_B000477_B008543_S35	18_53_M	MAT	True	1	False	B11_B000477_B008543_S35.mm10-plus-6-0	exact_library_id_plus_documented_alignment_suffix	B11_B000477_B008543_S35.mm10-plus-6-0-1	one_assay_suffix	18m	1	nan	CD4-positive, alpha-beta T cell	nan	nan	facs	18_53_M	677520.0	1782.0	male	Fat	MAT	nan	4	21
B11_B000767_B009945_S35			18	B11_B000767_B009945_S35	18_46_F	Liver	False	1	False	B11_B000767_B009945_S35.mm10-plus-4-0	exact_library_id_plus_documented_alignment_suffix	B11_B000767_B009945_S35.mm10-plus-4-0-1	one_assay_suffix	18m	1	nan	mature NK T cell	nan	nan	facs	18_46_F	1142118.0	1551.0	female	Liver non-hepato/SCs	Liver	nan	4	9
B11_B000794_B008549_S35	37.0	2.0	18	B11_B000794_B008549_S35	18_47_F	GAT	True	2	True	B11_B000794_B008549_S35.mm10-plus-3-0	exact_library_id_plus_documented_alignment_suffix	B11_B000794_B008549_S35.mm10-plus-3-0-1	one_assay_suffix	18m	1	nan	CD8-positive, alpha-beta T cell	nan	nan	facs	18_47_F	284002.0	1363.0	female	Fat	GAT	nan	4	9
B11_B000805_B008544_S35			18	B11_B000805_B008544_S35	18_46_F	SCAT	False	1	False	B11_B000805_B008544_S35.mm10-plus-3-0	exact_library_id_plus_documented_alignment_suffix	B11_B000805_B008544_S35.mm10-plus-3-0-1	one_assay_suffix	18m	1	nan	CD8-positive, alpha-beta T cell	nan	nan	facs	18_46_F	697215.0	1080.0	female	Fat	SCAT	nan	4	9
B11_B000814_B008548_S35			18	B11_B000814_B008548_S35	18_46_F	GAT	False	1	False	B11_B000814_B008548_S35.mm10-plus-6-0	exact_library_id_plus_documented_alignment_suffix	B11_B000814_B008548_S35.mm10-plus-6-0-1	one_assay_suffix	18m	1	nan	T cell	nan	nan	facs	18_46_F	531087.0	2354.0	female	Fat	GAT	nan	4	21
B11_B001369_B009009_S35			18	B11_B001369_B009009_S35	18_47_F	Thymus	False	1	False	B11_B001369_B009009_S35.mm10-plus-7-0	exact_library_id_plus_documented_alignment_suffix	B11_B001369_B009009_S35.mm10-plus-7-0-1	one_assay_suffix	18m	1	nan	DN4 thymocyte	nan	DN4 thymocyte	facs	18_47_F	886389.0	1227.0	female	Thymus Flowthrough	Thymus	nan	6	5
B11_B002459_B007461_S35			18	B11_B002459_B007461_S35	18_46_F	Marrow	False	1	False	B11_B002459_B007461_S35.mm10-plus-8-0	exact_library_id_plus_documented_alignment_suffix	B11_B002459_B007461_S35.mm10-plus-8-0-1	one_assay_suffix	18m	1	nan	NK cell	nan	NK cell	facs	18_46_F	691671.0	3172.0	female	T cells	Marrow	nan	4	9
B11_B002673_B007460_S35			18	B11_B002673_B007460_S35	18_53_M	Marrow	False	1	False	B11_B002673_B007460_S35.mm10-plus-7-0	exact_library_id_plus_documented_alignment_suffix	B11_B002673_B007460_S35.mm10-plus-7-0-1	one_assay_suffix	18m	1	nan	NK cell	nan	Klrb1a/b/c(-) NK cell	facs	18_53_M	1047319.0	2310.0	male	T cells	Marrow	nan	11	7
B11_B002828_B007462_S35			18	B11_B002828_B007462_S35	18_47_F	Marrow	False	1	False	B11_B002828_B007462_S35.mm10-plus-6-0	exact_library_id_plus_documented_alignment_suffix	B11_B002828_B007462_S35.mm10-plus-6-0-1	one_assay_suffix	18m	1	nan	CD4-positive, alpha-beta T cell	nan	BM CD4 T cell	facs	18_47_F	316831.0	1894.0	female	T cells	Marrow	nan	4	21
B11_B003017_B009010_S35			18	B11_B003017_B009010_S35	18_45_M	Thymus	False	1	False	B11_B003017_B009010_S35.mm10-plus-7-0	exact_library_id_plus_documented_alignment_suffix	B11_B003017_B009010_S35.mm10-plus-7-0-1	one_assay_suffix	18m	1	nan	thymocyte	nan	DN to DP transition (most are Cd8+/ Cd4+, some undergoing VDJ recombination)	facs	18_45_M	1102611.0	1064.0	male	Thymus Flowthrough	Thymus	nan	21	23
B12_B000236_B009007_S36			18	B12_B000236_B009007_S36	18_53_M	Thymus	False	1	False	B12_B000236_B009007_S36.mm10-plus-8-0	exact_library_id_plus_documented_alignment_suffix	B12_B000236_B009007_S36.mm10-plus-8-0-1	one_assay_suffix	18m	1	nan	thymocyte	nan	proliferating thymocyte; DN to DP transition, dividing (some are Cd8+/ Cd4+, some undergoing VDJ recombination)	facs	18_53_M	1612676.0	4139.0	male	Thymus Flowthrough	Thymus	nan	21	23
B12_B000505_B008435_S36			18	B12_B000505_B008435_S36	18_45_M	GAT	False	1	False	B12_B000505_B008435_S36.mm10-plus-8-0	exact_library_id_plus_documented_alignment_suffix	B12_B000505_B008435_S36.mm10-plus-8-0-1	one_assay_suffix	18m	1	nan	CD8-positive, alpha-beta T cell	nan	nan	facs	18_45_M	396371.0	1244.0	male	Fat	GAT	nan	4	5
B12_B000800_B008432_S36	42.0	7.0	18	B12_B000800_B008432_S36	18_47_F	BAT	True	6	True	B12_B000800_B008432_S36.mm10-plus-3-0	exact_library_id_plus_documented_alignment_suffix	B12_B000800_B008432_S36.mm10-plus-3-0-1	one_assay_suffix	18m	1	nan	NK cell	nan	nan	facs	18_47_F	1187319.0	2464.0	female	Fat	BAT	nan	4	9
B12_B000805_B008544_S36			18	B12_B000805_B008544_S36	18_46_F	SCAT	False	1	False	B12_B000805_B008544_S36.mm10-plus-3-0	exact_library_id_plus_documented_alignment_suffix	B12_B000805_B008544_S36.mm10-plus-3-0-1	one_assay_suffix	18m	1	nan	B cell	nan	nan	facs	18_46_F	769787.0	1103.0	female	Fat	SCAT	nan	4	21
B12_B000806_B008540_S36	94.0	9.0	18	B12_B000806_B008540_S36	18_46_F	MAT	True	5	True	B12_B000806_B008540_S36.mm10-plus-6-0	exact_library_id_plus_documented_alignment_suffix	B12_B000806_B008540_S36.mm10-plus-6-0-1	one_assay_suffix	18m	1	nan	CD8-positive, alpha-beta T cell	nan	nan	facs	18_46_F	853929.0	2591.0	female	Fat	MAT	nan	4	21
B12_B002459_B007461_S36			18	B12_B002459_B007461_S36	18_46_F	Marrow	False	1	False	B12_B002459_B007461_S36.mm10-plus-8-0	exact_library_id_plus_documented_alignment_suffix	B12_B002459_B007461_S36.mm10-plus-8-0-1	one_assay_suffix	18m	1	nan	CD4-positive, alpha-beta T cell	nan	BM CD4 T cell	facs	18_46_F	772886.0	2836.0	female	T cells	Marrow	nan	4	21
B12_B002828_B007462_S36			18	B12_B002828_B007462_S36	18_47_F	Marrow	False	1	False	B12_B002828_B007462_S36.mm10-plus-6-0	exact_library_id_plus_documented_alignment_suffix	B12_B002828_B007462_S36.mm10-plus-6-0-1	one_assay_suffix	18m	1	nan	promonocyte	nan	monocyte + promonocyte	facs	18_47_F	765469.0	3754.0	female	T cells	Marrow	nan	2	4
B13_B000236_B009007_S37			18	B13_B000236_B009007_S37	18_53_M	Thymus	False	1	False	B13_B000236_B009007_S37.mm10-plus-8-0	exact_library_id_plus_documented_alignment_suffix	B13_B000236_B009007_S37.mm10-plus-8-0-1	one_assay_suffix	18m	1	nan	thymocyte	nan	DN to DP transition (most are Cd8+/ Cd4+, some undergoing VDJ recombination)	facs	18_53_M	249991.0	1115.0	male	Thymus Flowthrough	Thymus	nan	21	23
B13_B000794_B008549_S37	68.0	3.0	18	B13_B000794_B008549_S37	18_47_F	GAT	True	2	True	B13_B000794_B008549_S37.mm10-plus-3-0	exact_library_id_plus_documented_alignment_suffix	B13_B000794_B008549_S37.mm10-plus-3-0-1	one_assay_suffix	18m	1	nan	CD8-positive, alpha-beta T cell	nan	nan	facs	18_47_F	886573.0	2283.0	female	Fat	GAT	nan	4	9
B13_B000795_B008545_S37			18	B13_B000795_B008545_S37	18_47_F	MAT	False	1	False	B13_B000795_B008545_S37.mm10-plus-3-0	exact_library_id_plus_documented_alignment_suffix	B13_B000795_B008545_S37.mm10-plus-3-0-1	one_assay_suffix	18m	1	nan	CD8-positive, alpha-beta T cell	nan	nan	facs	18_47_F	268443.0	1686.0	female	Fat	MAT	nan	4	9
B13_B001369_B009009_S37			18	B13_B001369_B009009_S37	18_47_F	Thymus	False	1	False	B13_B001369_B009009_S37.mm10-plus-7-0	exact_library_id_plus_documented_alignment_suffix	B13_B001369_B009009_S37.mm10-plus-7-0-1	one_assay_suffix	18m	1	nan	DN4 thymocyte	nan	DN4 thymocyte	facs	18_47_F	748825.0	2363.0	female	Thymus Flowthrough	Thymus	nan	6	5
B13_B002452_B009020_S37	137.0	3.0	18	B13_B002452_B009020_S37	18_47_F	Spleen	True	1	False	B13_B002452_B009020_S37.mm10-plus-0-0	exact_library_id_plus_documented_alignment_suffix	B13_B002452_B009020_S37.mm10-plus-0-0-1	one_assay_suffix	18m	1	nan	CD8-positive, alpha-beta T cell	nan	nan	facs	18_47_F	716511.0	1887.0	female	nan	Spleen	nan	4	9
B13_B002459_B007461_S37	28.0	5.0	18	B13_B002459_B007461_S37	18_46_F	Marrow	True	5	True	B13_B002459_B007461_S37.mm10-plus-8-0	exact_library_id_plus_documented_alignment_suffix	B13_B002459_B007461_S37.mm10-plus-8-0-1	one_assay_suffix	18m	1	nan	mature alpha-beta T cell	nan	BM CD8 + CD4 T cell	facs	18_46_F	823463.0	2721.0	female	T cells	Marrow	nan	4	9
B13_B002709_B009018_S37	121.0	2.0	18	B13_B002709_B009018_S37	18_53_M	Spleen	True	2	True	B13_B002709_B009018_S37.mm10-plus-7-0	exact_library_id_plus_documented_alignment_suffix	B13_B002709_B009018_S37.mm10-plus-7-0-1	one_assay_suffix	18m	1	nan	CD8-positive, alpha-beta T cell	nan	nan	facs	18_53_M	1245457.0	1655.0	male	nan	Spleen	nan	4	9
B13_B003022_B008546_S37			18	B13_B003022_B008546_S37	18_45_M	MAT	False	1	False	B13_B003022_B008546_S37.mm10-plus-7-0	exact_library_id_plus_documented_alignment_suffix	B13_B003022_B008546_S37.mm10-plus-7-0-1	one_assay_suffix	18m	1	nan	T cell	nan	nan	facs	18_45_M	357305.0	1961.0	male	Fat	MAT	nan	4	9
B13_D045342_B009019_S37			18	B13_D045342_B009019_S37	18_45_M	Spleen	False	1	False	B13_D045342_B009019_S37.mm10-plus-0-0	exact_library_id_plus_documented_alignment_suffix		unmatched																
B14_B000236_B009007_S38			18	B14_B000236_B009007_S38	18_53_M	Thymus	False	1	False	B14_B000236_B009007_S38.mm10-plus-8-0	exact_library_id_plus_documented_alignment_suffix	B14_B000236_B009007_S38.mm10-plus-8-0-1	one_assay_suffix	18m	1	nan	thymocyte	nan	proliferating thymocyte; DN to DP transition, dividing (some are Cd8+/ Cd4+, some undergoing VDJ recombination)	facs	18_53_M	1419828.0	3852.0	male	Thymus Flowthrough	Thymus	nan	21	23
B14_B000505_B008435_S38			18	B14_B000505_B008435_S38	18_45_M	GAT	False	1	False	B14_B000505_B008435_S38.mm10-plus-8-0	exact_library_id_plus_documented_alignment_suffix	B14_B000505_B008435_S38.mm10-plus-8-0-1	one_assay_suffix	18m	1	nan	CD8-positive, alpha-beta T cell	nan	nan	facs	18_45_M	726401.0	1800.0	male	Fat	GAT	nan	4	9
B14_B000806_B008540_S38			18	B14_B000806_B008540_S38	18_46_F	MAT	False	1	False	B14_B000806_B008540_S38.mm10-plus-6-0	exact_library_id_plus_documented_alignment_suffix	B14_B000806_B008540_S38.mm10-plus-6-0-1	one_assay_suffix	18m	1	nan	CD4-positive, alpha-beta T cell	nan	nan	facs	18_46_F	565758.0	2710.0	female	Fat	MAT	nan	6	5
B14_B000808_B008541_S38	124.0	2.0	18	B14_B000808_B008541_S38	18_47_F	SCAT	True	2	True	B14_B000808_B008541_S38.mm10-plus-6-0	exact_library_id_plus_documented_alignment_suffix	B14_B000808_B008541_S38.mm10-plus-6-0-1	one_assay_suffix	18m	1	nan	CD8-positive, alpha-beta T cell	nan	nan	facs	18_47_F	185302.0	2106.0	female	Fat	SCAT	nan	4	9
B14_B000814_B008548_S38			18	B14_B000814_B008548_S38	18_46_F	GAT	False	1	False	B14_B000814_B008548_S38.mm10-plus-6-0	exact_library_id_plus_documented_alignment_suffix	B14_B000814_B008548_S38.mm10-plus-6-0-1	one_assay_suffix	18m	1	nan	CD8-positive, alpha-beta T cell	nan	nan	facs	18_46_F	467530.0	2352.0	female	Fat	GAT	nan	4	9
B14_B002459_B007461_S38			18	B14_B002459_B007461_S38	18_46_F	Marrow	False	1	False	B14_B002459_B007461_S38.mm10-plus-8-0	exact_library_id_plus_documented_alignment_suffix	B14_B002459_B007461_S38.mm10-plus-8-0-1	one_assay_suffix	18m	1	nan	CD4-positive, alpha-beta T cell	nan	BM CD4 T cell	facs	18_46_F	339481.0	1997.0	female	T cells	Marrow	nan	4	21
B14_B003017_B009010_S38			18	B14_B003017_B009010_S38	18_45_M	Thymus	False	1	False	B14_B003017_B009010_S38.mm10-plus-7-0	exact_library_id_plus_documented_alignment_suffix	B14_B003017_B009010_S38.mm10-plus-7-0-1	one_assay_suffix	18m	1	nan	thymocyte	nan	DN to DP transition (most are Cd8+/ Cd4+, some undergoing VDJ recombination)	facs	18_45_M	678480.0	891.0	male	Thymus Flowthrough	Thymus	nan	21	23
B15_B000171_B009952_S39	104.0	2.0	18	B15_B000171_B009952_S39	18_53_M	Heart	True	2	True	B15_B000171_B009952_S39.mm10-plus-8-0	exact_library_id_plus_documented_alignment_suffix	B15_B000171_B009952_S39.mm10-plus-8-0-1	one_assay_suffix	18m	1	nan	T cell	nan	T cell	facs	18_53_M	460465.0	2089.0	male	RA	Heart	nan	4	9
B15_B000236_B009007_S39			18	B15_B000236_B009007_S39	18_53_M	Thymus	False	1	False	B15_B000236_B009007_S39.mm10-plus-8-0	exact_library_id_plus_documented_alignment_suffix	B15_B000236_B009007_S39.mm10-plus-8-0-1	one_assay_suffix	18m	1	nan	thymocyte	nan	DN to DP transition (most are Cd8+/ Cd4+, some undergoing VDJ recombination)	facs	18_53_M	637873.0	1457.0	male	Thymus Flowthrough	Thymus	nan	21	23
B15_B000477_B008543_S39			18	B15_B000477_B008543_S39	18_53_M	MAT	False	1	False	B15_B000477_B008543_S39.mm10-plus-6-0	exact_library_id_plus_documented_alignment_suffix	B15_B000477_B008543_S39.mm10-plus-6-0-1	one_assay_suffix	18m	1	nan	CD8-positive, alpha-beta T cell	nan	nan	facs	18_53_M	1043785.0	1525.0	male	Fat	MAT	nan	4	9
B15_B000794_B008549_S39			18	B15_B000794_B008549_S39	18_47_F	GAT	False	1	False	B15_B000794_B008549_S39.mm10-plus-3-0	exact_library_id_plus_documented_alignment_suffix	B15_B000794_B008549_S39.mm10-plus-3-0-1	one_assay_suffix	18m	1	nan	CD8-positive, alpha-beta T cell	nan	nan	facs	18_47_F	542452.0	2208.0	female	Fat	GAT	nan	6	5
B15_B000795_B008545_S39	27.0	3.0	18	B15_B000795_B008545_S39	18_47_F	MAT	True	2	True	B15_B000795_B008545_S39.mm10-plus-3-0	exact_library_id_plus_documented_alignment_suffix	B15_B000795_B008545_S39.mm10-plus-3-0-1	one_assay_suffix	18m	1	nan	CD8-positive, alpha-beta T cell	nan	nan	facs	18_47_F	490250.0	1789.0	female	Fat	MAT	nan	4	9
B15_B001369_B009009_S39	66.0	3.0	18	B15_B001369_B009009_S39	18_47_F	Thymus	True	2	True	B15_B001369_B009009_S39.mm10-plus-7-0	exact_library_id_plus_documented_alignment_suffix	B15_B001369_B009009_S39.mm10-plus-7-0-1	one_assay_suffix	18m	1	nan	DN4 thymocyte	nan	DN4 thymocyte	facs	18_47_F	4301473.0	1719.0	female	Thymus Flowthrough	Thymus	nan	6	5
B15_B002417_B009885_S39	40.0	5.0	18	B15_B002417_B009885_S39	18_47_F	Marrow	True	3	True	B15_B002417_B009885_S39.mm10-plus-6-0	exact_library_id_plus_documented_alignment_suffix	B15_B002417_B009885_S39.mm10-plus-6-0-1	one_assay_suffix	18m	1	nan	granulocyte monocyte progenitor cell	nan	granulocyte monocyte progenitor cell	facs	18_47_F	2196818.0	6204.0	female	KLS	Marrow	nan	16	26
B15_B002459_B007461_S39	21.0	10.0	18	B15_B002459_B007461_S39	18_46_F	Marrow	True	7	True	B15_B002459_B007461_S39.mm10-plus-8-0	exact_library_id_plus_documented_alignment_suffix	B15_B002459_B007461_S39.mm10-plus-8-0-1	one_assay_suffix	18m	1	nan	mature alpha-beta T cell	nan	BM CD8 + CD4 T cell	facs	18_46_F	714805.0	3318.0	female	T cells	Marrow	nan	4	48
B15_B002709_B009018_S39			18	B15_B002709_B009018_S39	18_53_M	Spleen	False	1	False	B15_B002709_B009018_S39.mm10-plus-7-0	exact_library_id_plus_documented_alignment_suffix	B15_B002709_B009018_S39.mm10-plus-7-0-1	one_assay_suffix	18m	1	nan	CD4-positive, alpha-beta T cell	nan	Cd3e T cell	facs	18_53_M	455041.0	1258.0	male	nan	Spleen	nan	4	21
B15_B002828_B007462_S39	7.0	3.0	18	B15_B002828_B007462_S39	18_47_F	Marrow	True	3	True	B15_B002828_B007462_S39.mm10-plus-6-0	exact_library_id_plus_documented_alignment_suffix	B15_B002828_B007462_S39.mm10-plus-6-0-1	one_assay_suffix	18m	1	nan	mature alpha-beta T cell	nan	BM CD8 + CD4 T cell	facs	18_47_F	104389.0	1693.0	female	T cells	Marrow	nan	4	9
B15_B003017_B009010_S39			18	B15_B003017_B009010_S39	18_45_M	Thymus	False	1	False	B15_B003017_B009010_S39.mm10-plus-7-0	exact_library_id_plus_documented_alignment_suffix	B15_B003017_B009010_S39.mm10-plus-7-0-1	one_assay_suffix	18m	1	nan	thymocyte	nan	DN to DP transition (most are Cd8+/ Cd4+, some undergoing VDJ recombination)	facs	18_45_M	894750.0	765.0	male	Thymus Flowthrough	Thymus	nan	21	23
B16_B000477_B008543_S40	84.0	6.0	18	B16_B000477_B008543_S40	18_53_M	MAT	True	6	True	B16_B000477_B008543_S40.mm10-plus-6-0	exact_library_id_plus_documented_alignment_suffix	B16_B000477_B008543_S40.mm10-plus-6-0-1	one_assay_suffix	18m	1	nan	CD8-positive, alpha-beta T cell	nan	nan	facs	18_53_M	1242933.0	1404.0	male	Fat	MAT	nan	4	9
B16_B000805_B008544_S40			18	B16_B000805_B008544_S40	18_46_F	SCAT	False	1	False	B16_B000805_B008544_S40.mm10-plus-3-0	exact_library_id_plus_documented_alignment_suffix	B16_B000805_B008544_S40.mm10-plus-3-0-1	one_assay_suffix	18m	1	nan	CD8-positive, alpha-beta T cell	nan	nan	facs	18_46_F	1116155.0	1491.0	female	Fat	SCAT	nan	4	9
B16_B002459_B007461_S40			18	B16_B002459_B007461_S40	18_46_F	Marrow	False	1	False	B16_B002459_B007461_S40.mm10-plus-8-0	exact_library_id_plus_documented_alignment_suffix	B16_B002459_B007461_S40.mm10-plus-8-0-1	one_assay_suffix	18m	1	nan	mature alpha-beta T cell	nan	BM CD8 + CD4 T cell	facs	18_46_F	495064.0	2537.0	female	T cells	Marrow	nan	4	9
B16_B003007_B009008_S40			18	B16_B003007_B009008_S40	18_46_F	Thymus	False	1	False	B16_B003007_B009008_S40.mm10-plus-7-0	exact_library_id_plus_documented_alignment_suffix	B16_B003007_B009008_S40.mm10-plus-7-0-1	one_assay_suffix	18m	1	nan	DN4 thymocyte	nan	DN4 thymocyte	facs	18_46_F	925142.0	1894.0	female	Thymus Flowthrough	Thymus	nan	4	21
B17_B000236_B009007_S41			18	B17_B000236_B009007_S41	18_53_M	Thymus	False	1	False	B17_B000236_B009007_S41.mm10-plus-8-0	exact_library_id_plus_documented_alignment_suffix	B17_B000236_B009007_S41.mm10-plus-8-0-1	one_assay_suffix	18m	1	nan	thymocyte	nan	DN to DP transition (most are Cd8+/ Cd4+, some undergoing VDJ recombination)	facs	18_53_M	649049.0	1195.0	male	Thymus Flowthrough	Thymus	nan	21	23
B17_B001363_B009260_S281			18	B17_B001363_B009260_S281	18_46_F	Brain_Non-Myeloid	False	1	False	B17_B001363_B009260_S281.mm10-plus-1-0	exact_library_id_plus_documented_alignment_suffix	B17_B001363_B009260_S281.mm10-plus-1-0-1	one_assay_suffix	18m	1	nan	CD8-positive, alpha-beta T cell	nan	nan	facs	18_46_F	1302591.0	1430.0	female	Cerebellum 	Brain_Non-Myeloid	nan	4	9
B17_B001366_B009293_S233	34.0	10.0	18	B17_B001366_B009293_S233	18_46_F	Brain_Non-Myeloid	True	10	True	B17_B001366_B009293_S233.mm10-plus-1-0	exact_library_id_plus_documented_alignment_suffix	B17_B001366_B009293_S233.mm10-plus-1-0-1	one_assay_suffix	18m	1	nan	CD8-positive, alpha-beta T cell	nan	nan	facs	18_46_F	1190121.0	1799.0	female	Cerebellum 	Brain_Non-Myeloid	nan	4	9
B17_B002459_B007461_S41	11.0	2.0	18	B17_B002459_B007461_S41	18_46_F	Marrow	True	1	False	B17_B002459_B007461_S41.mm10-plus-8-0	exact_library_id_plus_documented_alignment_suffix	B17_B002459_B007461_S41.mm10-plus-8-0-1	one_assay_suffix	18m	1	nan	CD4-positive, alpha-beta T cell	nan	BM CD4 T cell	facs	18_46_F	620187.0	2529.0	female	T cells	Marrow	nan	4	21
B17_B003007_B009008_S41			18	B17_B003007_B009008_S41	18_46_F	Thymus	False	1	False	B17_B003007_B009008_S41.mm10-plus-7-0	exact_library_id_plus_documented_alignment_suffix	B17_B003007_B009008_S41.mm10-plus-7-0-1	one_assay_suffix	18m	1	nan	DN4 thymocyte	nan	DN4 thymocyte	facs	18_46_F	985909.0	2090.0	female	Thymus Flowthrough	Thymus	nan	4	9
B17_B003017_B009010_S41			18	B17_B003017_B009010_S41	18_45_M	Thymus	False	1	False	B17_B003017_B009010_S41.mm10-plus-7-0	exact_library_id_plus_documented_alignment_suffix	B17_B003017_B009010_S41.mm10-plus-7-0-1	one_assay_suffix	18m	1	nan	thymocyte	nan	DN to DP transition (most are Cd8+/ Cd4+, some undergoing VDJ recombination)	facs	18_45_M	830143.0	831.0	male	Thymus Flowthrough	Thymus	nan	21	23
B18_B000235_B007504_S42	39.0	2.0	18	B18_B000235_B007504_S42	18_53_M	Thymus	True	2	True	B18_B000235_B007504_S42.mm10-plus-0-0	exact_library_id_plus_documented_alignment_suffix	B18_B000235_B007504_S42.mm10-plus-0-0-1	one_assay_suffix	18m	1	nan	thymocyte	nan	proliferating thymocyte; DN to DP transition, dividing (some are Cd8+/ Cd4+, some undergoing VDJ recombination)	facs	18_53_M	13349.0	721.0	male	Thymus Epithelium	Thymus	nan	21	23
B18_B000236_B009007_S42			18	B18_B000236_B009007_S42	18_53_M	Thymus	False	1	False	B18_B000236_B009007_S42.mm10-plus-8-0	exact_library_id_plus_documented_alignment_suffix	B18_B000236_B009007_S42.mm10-plus-8-0-1	one_assay_suffix	18m	1	nan	thymocyte	nan	DN to DP transition (most are Cd8+/ Cd4+, some undergoing VDJ recombination)	facs	18_53_M	677614.0	1341.0	male	Thymus Flowthrough	Thymus	nan	21	23
B18_B002709_B009018_S42			18	B18_B002709_B009018_S42	18_53_M	Spleen	False	1	False	B18_B002709_B009018_S42.mm10-plus-7-0	exact_library_id_plus_documented_alignment_suffix	B18_B002709_B009018_S42.mm10-plus-7-0-1	one_assay_suffix	18m	1	nan	CD4-positive, alpha-beta T cell	nan	Cd3e T cell	facs	18_53_M	921911.0	1255.0	male	nan	Spleen	nan	4	21
B18_B003017_B009010_S42			18	B18_B003017_B009010_S42	18_45_M	Thymus	False	1	False	B18_B003017_B009010_S42.mm10-plus-7-0	exact_library_id_plus_documented_alignment_suffix	B18_B003017_B009010_S42.mm10-plus-7-0-1	one_assay_suffix	18m	1	nan	thymocyte	nan	proliferating thymocyte; DN to DP transition, dividing (some are Cd8+/ Cd4+, some undergoing VDJ recombination)	facs	18_45_M	2606876.0	2465.0	male	Thymus Flowthrough	Thymus	nan	21	23
B19_B000235_B007504_S43	39.0	2.0	18	B19_B000235_B007504_S43	18_53_M	Thymus	True	2	True	B19_B000235_B007504_S43.mm10-plus-0-0	exact_library_id_plus_documented_alignment_suffix	B19_B000235_B007504_S43.mm10-plus-0-0-1	one_assay_suffix	18m	1	nan	thymocyte	nan	proliferating thymocyte; DN to DP transition, dividing (some are Cd8+/ Cd4+, some undergoing VDJ recombination)	facs	18_53_M	11883.0	687.0	male	Thymus Epithelium	Thymus	nan	21	23
B19_B000236_B009007_S43			18	B19_B000236_B009007_S43	18_53_M	Thymus	False	1	False	B19_B000236_B009007_S43.mm10-plus-8-0	exact_library_id_plus_documented_alignment_suffix	B19_B000236_B009007_S43.mm10-plus-8-0-1	one_assay_suffix	18m	1	nan	thymocyte	nan	proliferating thymocyte; DN to DP transition, dividing (some are Cd8+/ Cd4+, some undergoing VDJ recombination)	facs	18_53_M	2763875.0	3297.0	male	Thymus Flowthrough	Thymus	nan	21	23
B19_B000263_B007344_S43	19.0	10.0	18	B19_B000263_B007344_S43	18_46_F	Trachea	True	9	True	B19_B000263_B007344_S43.mm10-plus-7-0	exact_library_id_plus_documented_alignment_suffix	B19_B000263_B007344_S43.mm10-plus-7-0-1	one_assay_suffix	18m	1	nan	T cell	nan	nan	facs	18_46_F	3096901.0	2297.0	female	nan	Trachea	nan	4	9
B19_B000268_B009896_S43	94.0	9.0	18	B19_B000268_B009896_S43	18_46_F	Lung	True	5	True	B19_B000268_B009896_S43.mm10-plus-4-0	exact_library_id_plus_documented_alignment_suffix	B19_B000268_B009896_S43.mm10-plus-4-0-1	one_assay_suffix	18m	1	nan	T cell	nan	Ly6g5b+ T	facs	18_46_F	236359.0	2620.0	female	EPCAM	Lung	nan	4	21
B19_B003007_B009008_S43			18	B19_B003007_B009008_S43	18_46_F	Thymus	False	1	False	B19_B003007_B009008_S43.mm10-plus-7-0	exact_library_id_plus_documented_alignment_suffix	B19_B003007_B009008_S43.mm10-plus-7-0-1	one_assay_suffix	18m	1	nan	DN4 thymocyte	nan	DN4 thymocyte	facs	18_46_F	930059.0	1629.0	female	Thymus Flowthrough	Thymus	nan	6	5
B19_B003017_B009010_S43			18	B19_B003017_B009010_S43	18_45_M	Thymus	False	1	False	B19_B003017_B009010_S43.mm10-plus-7-0	exact_library_id_plus_documented_alignment_suffix	B19_B003017_B009010_S43.mm10-plus-7-0-1	one_assay_suffix	18m	1	nan	thymocyte	nan	DN to DP transition (most are Cd8+/ Cd4+, some undergoing VDJ recombination)	facs	18_45_M	1279980.0	857.0	male	Thymus Flowthrough	Thymus	nan	21	23
B1_B000808_B008541_S25			18	B1_B000808_B008541_S25	18_47_F	SCAT	False	1	False	B1_B000808_B008541_S25.mm10-plus-6-0	exact_library_id_plus_documented_alignment_suffix	B1_B000808_B008541_S25.mm10-plus-6-0-1	one_assay_suffix	18m	1	nan	NK cell	nan	nan	facs	18_47_F	785822.0	1782.0	female	Fat	SCAT	nan	4	21
B1_B001369_B009009_S25			18	B1_B001369_B009009_S25	18_47_F	Thymus	False	1	False	B1_B001369_B009009_S25.mm10-plus-7-0	exact_library_id_plus_documented_alignment_suffix	B1_B001369_B009009_S25.mm10-plus-7-0-1	one_assay_suffix	18m	1	nan	DN4 thymocyte	nan	DN4 thymocyte	facs	18_47_F	534516.0	2712.0	female	Thymus Flowthrough	Thymus	nan	6	5
B1_B002459_B007461_S25			18	B1_B002459_B007461_S25	18_46_F	Marrow	False	1	False	B1_B002459_B007461_S25.mm10-plus-8-0	exact_library_id_plus_documented_alignment_suffix	B1_B002459_B007461_S25.mm10-plus-8-0-1	one_assay_suffix	18m	1	nan	mature alpha-beta T cell	nan	BM CD8 + CD4 T cell	facs	18_46_F	657859.0	2648.0	female	T cells	Marrow	nan	4	9
B1_B002673_B007460_S25			18	B1_B002673_B007460_S25	18_53_M	Marrow	False	1	False	B1_B002673_B007460_S25.mm10-plus-7-0	exact_library_id_plus_documented_alignment_suffix	B1_B002673_B007460_S25.mm10-plus-7-0-1	one_assay_suffix	18m	1	nan	CD4-positive, alpha-beta T cell	nan	BM CD4 T cell	facs	18_53_M	627388.0	970.0	male	T cells	Marrow	nan	4	21
B1_B003007_B009008_S25			18	B1_B003007_B009008_S25	18_46_F	Thymus	False	1	False	B1_B003007_B009008_S25.mm10-plus-7-0	exact_library_id_plus_documented_alignment_suffix	B1_B003007_B009008_S25.mm10-plus-7-0-1	one_assay_suffix	18m	1	nan	DN4 thymocyte	nan	DN4 thymocyte	facs	18_46_F	811311.0	1680.0	female	Thymus Flowthrough	Thymus	nan	4	21
B1_D045342_B009019_S25			18	B1_D045342_B009019_S25	18_45_M	Spleen	False	1	False	B1_D045342_B009019_S25.mm10-plus-0-0	exact_library_id_plus_documented_alignment_suffix	B1_D045342_B009019_S25.mm10-plus-0-0-1	one_assay_suffix	18m	1	nan	CD4-positive, alpha-beta T cell	nan	Cd3e T cell	facs	18_45_M	1773584.0	1843.0	male	nan	Spleen	nan	4	21
B20_B000236_B009007_S44			18	B20_B000236_B009007_S44	18_53_M	Thymus	False	1	False	B20_B000236_B009007_S44.mm10-plus-8-0	exact_library_id_plus_documented_alignment_suffix	B20_B000236_B009007_S44.mm10-plus-8-0-1	one_assay_suffix	18m	1	nan	thymocyte	nan	DN to DP transition (most are Cd8+/ Cd4+, some undergoing VDJ recombination)	facs	18_53_M	635857.0	888.0	male	Thymus Flowthrough	Thymus	nan	21	23
B20_B001247_B009941_S44	10.0	18.0	18	B20_B001247_B009941_S44	18_46_F	Liver	True	18	True	B20_B001247_B009941_S44.mm10-plus-4-0	exact_library_id_plus_documented_alignment_suffix	B20_B001247_B009941_S44.mm10-plus-4-0-1	one_assay_suffix	18m	1	nan	myeloid leukocyte	nan	nan	facs	18_46_F	571974.0	7947.0	female	Liver non-hepato/SCs_st	Liver	nan	53	57
B20_B002459_B007461_S44	139.0	2.0	18	B20_B002459_B007461_S44	18_46_F	Marrow	True	2	True	B20_B002459_B007461_S44.mm10-plus-8-0	exact_library_id_plus_documented_alignment_suffix	B20_B002459_B007461_S44.mm10-plus-8-0-1	one_assay_suffix	18m	1	nan	promonocyte	nan	monocyte + promonocyte	facs	18_46_F	1663579.0	4668.0	female	T cells	Marrow	nan	2	17
B20_B002828_B007462_S44			18	B20_B002828_B007462_S44	18_47_F	Marrow	False	1	False	B20_B002828_B007462_S44.mm10-plus-6-0	exact_library_id_plus_documented_alignment_suffix	B20_B002828_B007462_S44.mm10-plus-6-0-1	one_assay_suffix	18m	1	nan	CD4-positive, alpha-beta T cell	nan	BM CD4 T cell	facs	18_47_F	378923.0	1480.0	female	T cells	Marrow	nan	4	21
B20_B003007_B009008_S44			18	B20_B003007_B009008_S44	18_46_F	Thymus	False	1	False	B20_B003007_B009008_S44.mm10-plus-7-0	exact_library_id_plus_documented_alignment_suffix	B20_B003007_B009008_S44.mm10-plus-7-0-1	one_assay_suffix	18m	1	nan	DN4 thymocyte	nan	DN4 thymocyte	facs	18_46_F	1310966.0	2772.0	female	Thymus Flowthrough	Thymus	nan	4	48
B20_B003017_B009010_S44			18	B20_B003017_B009010_S44	18_45_M	Thymus	False	1	False	B20_B003017_B009010_S44.mm10-plus-7-0	exact_library_id_plus_documented_alignment_suffix	B20_B003017_B009010_S44.mm10-plus-7-0-1	one_assay_suffix	18m	1	nan	thymocyte	nan	DN to DP transition (most are Cd8+/ Cd4+, some undergoing VDJ recombination)	facs	18_45_M	761298.0	830.0	male	Thymus Flowthrough	Thymus	nan	21	23
B21_B000236_B009007_S45			18	B21_B000236_B009007_S45	18_53_M	Thymus	False	1	False	B21_B000236_B009007_S45.mm10-plus-8-0	exact_library_id_plus_documented_alignment_suffix	B21_B000236_B009007_S45.mm10-plus-8-0-1	one_assay_suffix	18m	1	nan	thymocyte	nan	DN to DP transition (most are Cd8+/ Cd4+, some undergoing VDJ recombination)	facs	18_53_M	196087.0	1126.0	male	Thymus Flowthrough	Thymus	nan	21	23
B21_B000248_B009895_S45	24.0	11.0	18	B21_B000248_B009895_S45	18_53_M	Lung	True	11	True	B21_B000248_B009895_S45.mm10-plus-4-0	exact_library_id_plus_documented_alignment_suffix	B21_B000248_B009895_S45.mm10-plus-4-0-1	one_assay_suffix	18m	1	nan	myeloid dendritic cell	nan	Myeloid Dendritic Type 1	facs	18_53_M	2453182.0	4499.0	male	EPCAM	Lung	nan	52	17
B21_B000266_B009900_S45			18	B21_B000266_B009900_S45	18_46_F	Lung	False	1	False	B21_B000266_B009900_S45.mm10-plus-4-0	exact_library_id_plus_documented_alignment_suffix	B21_B000266_B009900_S45.mm10-plus-4-0-1	one_assay_suffix	18m	1	nan	CD4-positive, alpha-beta T cell	nan	CD4+ T	facs	18_46_F	942257.0	2279.0	female	ENDOMUCIN	Lung	nan	4	21
B21_B000268_B009896_S45			18	B21_B000268_B009896_S45	18_46_F	Lung	False	1	False	B21_B000268_B009896_S45.mm10-plus-4-0	exact_library_id_plus_documented_alignment_suffix	B21_B000268_B009896_S45.mm10-plus-4-0-1	one_assay_suffix	18m	1	nan	CD8-positive, alpha-beta T cell	nan	CD8+ T	facs	18_46_F	3774516.0	2986.0	female	EPCAM	Lung	nan	4	9
B21_B001247_B009941_S45	10.0	18.0	18	B21_B001247_B009941_S45	18_46_F	Liver	True	18	True	B21_B001247_B009941_S45.mm10-plus-4-0	exact_library_id_plus_documented_alignment_suffix	B21_B001247_B009941_S45.mm10-plus-4-0-1	one_assay_suffix	18m	1	nan	myeloid leukocyte	nan	nan	facs	18_46_F	1030986.0	8187.0	female	Liver non-hepato/SCs_st	Liver	nan	53	57
B21_B002452_B009020_S45			18	B21_B002452_B009020_S45	18_47_F	Spleen	False	1	False	B21_B002452_B009020_S45.mm10-plus-0-0	exact_library_id_plus_documented_alignment_suffix	B21_B002452_B009020_S45.mm10-plus-0-0-1	one_assay_suffix	18m	1	nan	CD4-positive, alpha-beta T cell	nan	Cd3e T cell	facs	18_47_F	975980.0	2697.0	female	nan	Spleen	nan	4	21
B21_B002459_B007461_S45	67.0	2.0	18	B21_B002459_B007461_S45	18_46_F	Marrow	True	2	True	B21_B002459_B007461_S45.mm10-plus-8-0	exact_library_id_plus_documented_alignment_suffix	B21_B002459_B007461_S45.mm10-plus-8-0-1	one_assay_suffix	18m	1	nan	mature alpha-beta T cell	nan	BM CD8 + CD4 T cell	facs	18_46_F	752178.0	2071.0	female	T cells	Marrow	nan	4	9
B21_B002709_B009018_S45			18	B21_B002709_B009018_S45	18_53_M	Spleen	False	1	False	B21_B002709_B009018_S45.mm10-plus-7-0	exact_library_id_plus_documented_alignment_suffix	B21_B002709_B009018_S45.mm10-plus-7-0-1	one_assay_suffix	18m	1	nan	CD8-positive, alpha-beta T cell	nan	nan	facs	18_53_M	1662146.0	1902.0	male	nan	Spleen	nan	4	9
B21_B003007_B009008_S45			18	B21_B003007_B009008_S45	18_46_F	Thymus	False	1	False	B21_B003007_B009008_S45.mm10-plus-7-0	exact_library_id_plus_documented_alignment_suffix	B21_B003007_B009008_S45.mm10-plus-7-0-1	one_assay_suffix	18m	1	nan	macrophage	nan	macrophage	facs	18_46_F	1539818.0	3689.0	female	Thymus Flowthrough	Thymus	nan	21	23
B21_B003017_B009010_S45			18	B21_B003017_B009010_S45	18_45_M	Thymus	False	1	False	B21_B003017_B009010_S45.mm10-plus-7-0	exact_library_id_plus_documented_alignment_suffix	B21_B003017_B009010_S45.mm10-plus-7-0-1	one_assay_suffix	18m	1	nan	thymocyte	nan	DN to DP transition (most are Cd8+/ Cd4+, some undergoing VDJ recombination)	facs	18_45_M	1158432.0	971.0	male	Thymus Flowthrough	Thymus	nan	21	23
B22_B000236_B009007_S46			18	B22_B000236_B009007_S46	18_53_M	Thymus	False	1	False	B22_B000236_B009007_S46.mm10-plus-8-0	exact_library_id_plus_documented_alignment_suffix	B22_B000236_B009007_S46.mm10-plus-8-0-1	one_assay_suffix	18m	1	nan	thymocyte	nan	DN to DP transition (most are Cd8+/ Cd4+, some undergoing VDJ recombination)	facs	18_53_M	36259.0	845.0	male	Thymus Flowthrough	Thymus	nan	21	23
B22_B000767_B009945_S46	17.0	7.0	18	B22_B000767_B009945_S46	18_46_F	Liver	True	7	True	B22_B000767_B009945_S46.mm10-plus-4-0	exact_library_id_plus_documented_alignment_suffix	B22_B000767_B009945_S46.mm10-plus-4-0-1	one_assay_suffix	18m	1	nan	mature NK T cell	nan	nan	facs	18_46_F	2088987.0	1665.0	female	Liver non-hepato/SCs	Liver	nan	40	47
B22_B001247_B009941_S46	10.0	18.0	18	B22_B001247_B009941_S46	18_46_F	Liver	True	18	True	B22_B001247_B009941_S46.mm10-plus-4-0	exact_library_id_plus_documented_alignment_suffix	B22_B001247_B009941_S46.mm10-plus-4-0-1	one_assay_suffix	18m	1	nan	T cell	nan	nan	facs	18_46_F	1930428.0	2912.0	female	Liver non-hepato/SCs_st	Liver	nan	4	9
B22_B001369_B009009_S46			18	B22_B001369_B009009_S46	18_47_F	Thymus	False	1	False	B22_B001369_B009009_S46.mm10-plus-7-0	exact_library_id_plus_documented_alignment_suffix	B22_B001369_B009009_S46.mm10-plus-7-0-1	one_assay_suffix	18m	1	nan	DN4 thymocyte	nan	DN4 thymocyte	facs	18_47_F	382624.0	1657.0	female	Thymus Flowthrough	Thymus	nan	6	5
B22_B002452_B009020_S46	3.0	2.0	18	B22_B002452_B009020_S46	18_47_F	Spleen	True	2	True	B22_B002452_B009020_S46.mm10-plus-0-0	exact_library_id_plus_documented_alignment_suffix	B22_B002452_B009020_S46.mm10-plus-0-0-1	one_assay_suffix	18m	1	nan	CD4-positive, alpha-beta T cell	nan	Cd3e T cell	facs	18_47_F	891599.0	2674.0	female	nan	Spleen	nan	4	21
B22_B002459_B007461_S46	10.0	18.0	18	B22_B002459_B007461_S46	18_46_F	Marrow	True	18	True	B22_B002459_B007461_S46.mm10-plus-8-0	exact_library_id_plus_documented_alignment_suffix	B22_B002459_B007461_S46.mm10-plus-8-0-1	one_assay_suffix	18m	1	nan	mature alpha-beta T cell	nan	BM CD8 + CD4 T cell	facs	18_46_F	928371.0	2360.0	female	T cells	Marrow	nan	4	9
B22_B003007_B009008_S46	93.0	7.0	18	B22_B003007_B009008_S46	18_46_F	Thymus	True	5	True	B22_B003007_B009008_S46.mm10-plus-7-0	exact_library_id_plus_documented_alignment_suffix	B22_B003007_B009008_S46.mm10-plus-7-0-1	one_assay_suffix	18m	1	nan	DN4 thymocyte	nan	DN4 thymocyte	facs	18_46_F	2368619.0	2660.0	female	Thymus Flowthrough	Thymus	nan	4	9
B2_B001247_B009941_S26	10.0	18.0	18	B2_B001247_B009941_S26	18_46_F	Liver	True	18	True	B2_B001247_B009941_S26.mm10-plus-4-0	exact_library_id_plus_documented_alignment_suffix	B2_B001247_B009941_S26.mm10-plus-4-0-1	one_assay_suffix	18m	1	nan	hepatocyte	nan	nan	facs	18_46_F	838037.0	3897.0	female	Liver non-hepato/SCs_st	Liver	nan	29	36
B2_B001369_B009009_S26			18	B2_B001369_B009009_S26	18_47_F	Thymus	False	1	False	B2_B001369_B009009_S26.mm10-plus-7-0	exact_library_id_plus_documented_alignment_suffix	B2_B001369_B009009_S26.mm10-plus-7-0-1	one_assay_suffix	18m	1	nan	DN4 thymocyte	nan	DN4 thymocyte	facs	18_47_F	603853.0	2128.0	female	Thymus Flowthrough	Thymus	nan	6	5
B2_B003007_B009008_S26	86.0	3.0	18	B2_B003007_B009008_S26	18_46_F	Thymus	True	3	True	B2_B003007_B009008_S26.mm10-plus-7-0	exact_library_id_plus_documented_alignment_suffix	B2_B003007_B009008_S26.mm10-plus-7-0-1	one_assay_suffix	18m	1	nan	DN4 thymocyte	nan	DN4 thymocyte	facs	18_46_F	1276081.0	2509.0	female	Thymus Flowthrough	Thymus	nan	4	21
B2_B003017_B009010_S26			18	B2_B003017_B009010_S26	18_45_M	Thymus	False	1	False	B2_B003017_B009010_S26.mm10-plus-7-0	exact_library_id_plus_documented_alignment_suffix	B2_B003017_B009010_S26.mm10-plus-7-0-1	one_assay_suffix	18m	1	nan	DN4 thymocyte	nan	DN4 thymocyte	facs	18_45_M	1536169.0	1260.0	male	Thymus Flowthrough	Thymus	nan	6	5
B2_D045367_B009017_S26			18	B2_D045367_B009017_S26	18_45_M	Thymus	False	1	False	B2_D045367_B009017_S26.mm10-plus-8-0	exact_library_id_plus_documented_alignment_suffix	B2_D045367_B009017_S26.mm10-plus-8-0-1	one_assay_suffix	18m	1	nan	DN4 thymocyte	nan	DN4 thymocyte	facs	18_45_M	1960220.0	2647.0	male	Thymus Epithelium	Thymus	nan	21	23
B2_D045405_B009854_S26			18	B2_D045405_B009854_S26	18_45_M	Marrow	False	1	False	B2_D045405_B009854_S26.mm10-plus-6-0	exact_library_id_plus_documented_alignment_suffix	B2_D045405_B009854_S26.mm10-plus-6-0-1	one_assay_suffix	18m	1	nan	NK cell	nan	NK cell	facs	18_45_M	634224.0	1805.0	male	T cells	Marrow	nan	4	9
B3_B000236_B009007_S27			18	B3_B000236_B009007_S27	18_53_M	Thymus	False	1	False	B3_B000236_B009007_S27.mm10-plus-8-0	exact_library_id_plus_documented_alignment_suffix		unmatched																
B3_B000794_B008549_S27			18	B3_B000794_B008549_S27	18_47_F	GAT	False	1	False	B3_B000794_B008549_S27.mm10-plus-3-0	exact_library_id_plus_documented_alignment_suffix	B3_B000794_B008549_S27.mm10-plus-3-0-1	one_assay_suffix	18m	1	nan	T cell	nan	nan	facs	18_47_F	320203.0	1772.0	female	Fat	GAT	nan	4	21
B3_B001369_B009009_S27			18	B3_B001369_B009009_S27	18_47_F	Thymus	False	1	False	B3_B001369_B009009_S27.mm10-plus-7-0	exact_library_id_plus_documented_alignment_suffix	B3_B001369_B009009_S27.mm10-plus-7-0-1	one_assay_suffix	18m	1	nan	DN4 thymocyte	nan	DN4 thymocyte	facs	18_47_F	3515704.0	1388.0	female	Thymus Flowthrough	Thymus	nan	6	5
B3_B002452_B009020_S27	25.0	4.0	18	B3_B002452_B009020_S27	18_47_F	Spleen	True	2	True	B3_B002452_B009020_S27.mm10-plus-0-0	exact_library_id_plus_documented_alignment_suffix	B3_B002452_B009020_S27.mm10-plus-0-0-1	one_assay_suffix	18m	1	nan	CD4-positive, alpha-beta T cell	nan	Cd3e T cell	facs	18_47_F	600124.0	2004.0	female	nan	Spleen	nan	4	21
B3_B003007_B009008_S27			18	B3_B003007_B009008_S27	18_46_F	Thymus	False	1	False	B3_B003007_B009008_S27.mm10-plus-7-0	exact_library_id_plus_documented_alignment_suffix	B3_B003007_B009008_S27.mm10-plus-7-0-1	one_assay_suffix	18m	1	nan	DN4 thymocyte	nan	DN4 thymocyte	facs	18_46_F	889006.0	2004.0	female	Thymus Flowthrough	Thymus	nan	6	5
B3_B003017_B009010_S27			18	B3_B003017_B009010_S27	18_45_M	Thymus	False	1	False	B3_B003017_B009010_S27.mm10-plus-7-0	exact_library_id_plus_documented_alignment_suffix	B3_B003017_B009010_S27.mm10-plus-7-0-1	one_assay_suffix	18m	1	nan	thymocyte	nan	DN to DP transition (most are Cd8+/ Cd4+, some undergoing VDJ recombination)	facs	18_45_M	526297.0	1008.0	male	Thymus Flowthrough	Thymus	nan	21	23
B4_B002681_B009943_S28	72.0	7.0	18	B4_B002681_B009943_S28	18_53_M	Liver	True	6	True	B4_B002681_B009943_S28.mm10-plus-4-0	exact_library_id_plus_documented_alignment_suffix	B4_B002681_B009943_S28.mm10-plus-4-0-1	one_assay_suffix	18m	1	nan	mature NK T cell	nan	nan	facs	18_53_M	2438021.0	1453.0	male	Liver non-hepato/SCs	Liver	nan	4	9
B5_B001369_B009009_S29			18	B5_B001369_B009009_S29	18_47_F	Thymus	False	1	False	B5_B001369_B009009_S29.mm10-plus-7-0	exact_library_id_plus_documented_alignment_suffix	B5_B001369_B009009_S29.mm10-plus-7-0-1	one_assay_suffix	18m	1	nan	DN4 thymocyte	nan	DN4 thymocyte	facs	18_47_F	509629.0	1967.0	female	Thymus Flowthrough	Thymus	nan	6	5
B5_B002341_B009297_S257			18	B5_B002341_B009297_S257	18_46_F	Brain_Non-Myeloid	False	1	False	B5_B002341_B009297_S257.mm10-plus-1-0	exact_library_id_plus_documented_alignment_suffix	B5_B002341_B009297_S257.mm10-plus-1-0-1	one_assay_suffix	18m	1	nan	T cell	nan	nan	facs	18_46_F	94658.0	593.0	female	Cortex 	Brain_Non-Myeloid	nan	4	21
B5_B002459_B007461_S29			18	B5_B002459_B007461_S29	18_46_F	Marrow	False	1	False	B5_B002459_B007461_S29.mm10-plus-8-0	exact_library_id_plus_documented_alignment_suffix	B5_B002459_B007461_S29.mm10-plus-8-0-1	one_assay_suffix	18m	1	nan	mature alpha-beta T cell	nan	BM CD8 + CD4 T cell	facs	18_46_F	1873938.0	4278.0	female	T cells	Marrow	nan	4	48
B5_B002466_B009898_S29			18	B5_B002466_B009898_S29	18_45_M	Lung	False	1	False	B5_B002466_B009898_S29.mm10-plus-4-0	exact_library_id_plus_documented_alignment_suffix	B5_B002466_B009898_S29.mm10-plus-4-0-1	one_assay_suffix	18m	1	nan	CD8-positive, alpha-beta T cell	nan	CD8+ T	facs	18_45_M	948976.0	2070.0	male	EPCAM	Lung	nan	4	9
B5_B002524_S29			18	B5_B002524_S29			False	1	False	__unmatched__B5_B002524_S29	unmatched_library		unmatched																
B5_B003017_B009010_S29			18	B5_B003017_B009010_S29	18_45_M	Thymus	False	1	False	B5_B003017_B009010_S29.mm10-plus-7-0	exact_library_id_plus_documented_alignment_suffix	B5_B003017_B009010_S29.mm10-plus-7-0-1	one_assay_suffix	18m	1	nan	DN4 thymocyte	nan	DN4 thymocyte	facs	18_45_M	541102.0	982.0	male	Thymus Flowthrough	Thymus	nan	6	5
B6_B001369_B009009_S30			18	B6_B001369_B009009_S30	18_47_F	Thymus	False	1	False	B6_B001369_B009009_S30.mm10-plus-7-0	exact_library_id_plus_documented_alignment_suffix	B6_B001369_B009009_S30.mm10-plus-7-0-1	one_assay_suffix	18m	1	nan	DN4 thymocyte	nan	DN4 thymocyte	facs	18_47_F	517992.0	2216.0	female	Thymus Flowthrough	Thymus	nan	6	5
B6_B002452_B009020_S30			18	B6_B002452_B009020_S30	18_47_F	Spleen	False	1	False	B6_B002452_B009020_S30.mm10-plus-0-0	exact_library_id_plus_documented_alignment_suffix	B6_B002452_B009020_S30.mm10-plus-0-0-1	one_assay_suffix	18m	1	nan	CD4-positive, alpha-beta T cell	nan	Cd3e T cell	facs	18_47_F	615695.0	2480.0	female	nan	Spleen	nan	6	5
B6_B002459_B007461_S30			18	B6_B002459_B007461_S30	18_46_F	Marrow	False	1	False	B6_B002459_B007461_S30.mm10-plus-8-0	exact_library_id_plus_documented_alignment_suffix	B6_B002459_B007461_S30.mm10-plus-8-0-1	one_assay_suffix	18m	1	nan	promonocyte	nan	monocyte + promonocyte	facs	18_46_F	1680142.0	4325.0	female	T cells	Marrow	nan	2	17
B7_B000767_B009945_S31	75.0	3.0	18	B7_B000767_B009945_S31	18_46_F	Liver	True	3	True	B7_B000767_B009945_S31.mm10-plus-4-0	exact_library_id_plus_documented_alignment_suffix	B7_B000767_B009945_S31.mm10-plus-4-0-1	one_assay_suffix	18m	1	nan	mature NK T cell	nan	nan	facs	18_46_F	1248302.0	1385.0	female	Liver non-hepato/SCs	Liver	nan	40	47
B7_B001369_B009009_S31			18	B7_B001369_B009009_S31	18_47_F	Thymus	False	1	False	B7_B001369_B009009_S31.mm10-plus-7-0	exact_library_id_plus_documented_alignment_suffix	B7_B001369_B009009_S31.mm10-plus-7-0-1	one_assay_suffix	18m	1	nan	DN4 thymocyte	nan	DN4 thymocyte	facs	18_47_F	3346736.0	1481.0	female	Thymus Flowthrough	Thymus	nan	6	23
B7_B003007_B009008_S31			18	B7_B003007_B009008_S31	18_46_F	Thymus	False	1	False	B7_B003007_B009008_S31.mm10-plus-7-0	exact_library_id_plus_documented_alignment_suffix	B7_B003007_B009008_S31.mm10-plus-7-0-1	one_assay_suffix	18m	1	nan	DN4 thymocyte	nan	DN4 thymocyte	facs	18_46_F	924342.0	2294.0	female	Thymus Flowthrough	Thymus	nan	4	21
B8_B000236_B009007_S32			18	B8_B000236_B009007_S32	18_53_M	Thymus	False	1	False	B8_B000236_B009007_S32.mm10-plus-8-0	exact_library_id_plus_documented_alignment_suffix	B8_B000236_B009007_S32.mm10-plus-8-0-1	one_assay_suffix	18m	1	nan	DN4 thymocyte	nan	DN4 thymocyte	facs	18_53_M	426513.0	1995.0	male	Thymus Flowthrough	Thymus	nan	6	5
B8_B000501_B008542_S32	108.0	3.0	18	B8_B000501_B008542_S32	18_45_M	SCAT	True	3	True	B8_B000501_B008542_S32.mm10-plus-6-0	exact_library_id_plus_documented_alignment_suffix	B8_B000501_B008542_S32.mm10-plus-6-0-1	one_assay_suffix	18m	1	nan	CD8-positive, alpha-beta T cell	nan	nan	facs	18_45_M	1112528.0	1557.0	male	Fat	SCAT	nan	4	9
B8_B001369_B009009_S32			18	B8_B001369_B009009_S32	18_47_F	Thymus	False	1	False	B8_B001369_B009009_S32.mm10-plus-7-0	exact_library_id_plus_documented_alignment_suffix	B8_B001369_B009009_S32.mm10-plus-7-0-1	one_assay_suffix	18m	1	nan	DN4 thymocyte	nan	DN4 thymocyte	facs	18_47_F	4607596.0	1615.0	female	Thymus Flowthrough	Thymus	nan	6	23
B8_B002459_B007461_S32	103.0	3.0	18	B8_B002459_B007461_S32	18_46_F	Marrow	True	3	True	B8_B002459_B007461_S32.mm10-plus-8-0	exact_library_id_plus_documented_alignment_suffix	B8_B002459_B007461_S32.mm10-plus-8-0-1	one_assay_suffix	18m	1	nan	mature alpha-beta T cell	nan	BM CD8 + CD4 T cell	facs	18_46_F	899121.0	2802.0	female	T cells	Marrow	nan	4	9
B8_B002709_B009018_S32			18	B8_B002709_B009018_S32	18_53_M	Spleen	False	1	False	B8_B002709_B009018_S32.mm10-plus-7-0	exact_library_id_plus_documented_alignment_suffix	B8_B002709_B009018_S32.mm10-plus-7-0-1	one_assay_suffix	18m	1	nan	CD4-positive, alpha-beta T cell	nan	Cd3e T cell	facs	18_53_M	773404.0	1476.0	male	nan	Spleen	nan	4	21
B8_B003007_B009008_S32			18	B8_B003007_B009008_S32	18_46_F	Thymus	False	1	False	B8_B003007_B009008_S32.mm10-plus-7-0	exact_library_id_plus_documented_alignment_suffix	B8_B003007_B009008_S32.mm10-plus-7-0-1	one_assay_suffix	18m	1	nan	DN4 thymocyte	nan	DN4 thymocyte	facs	18_46_F	1140917.0	3281.0	female	Thymus Flowthrough	Thymus	nan	6	5
B9_B000236_B009007_S33			18	B9_B000236_B009007_S33	18_53_M	Thymus	False	1	False	B9_B000236_B009007_S33.mm10-plus-8-0	exact_library_id_plus_documented_alignment_suffix	B9_B000236_B009007_S33.mm10-plus-8-0-1	one_assay_suffix	18m	1	nan	DN4 thymocyte	nan	DN4 thymocyte	facs	18_53_M	281887.0	1837.0	male	Thymus Flowthrough	Thymus	nan	6	5
B9_B000477_B008543_S33			18	B9_B000477_B008543_S33	18_53_M	MAT	False	1	False	B9_B000477_B008543_S33.mm10-plus-6-0	exact_library_id_plus_documented_alignment_suffix	B9_B000477_B008543_S33.mm10-plus-6-0-1	one_assay_suffix	18m	1	nan	CD8-positive, alpha-beta T cell	nan	nan	facs	18_53_M	414316.0	1952.0	male	Fat	MAT	nan	4	9
B9_B000487_B008360_S33			18	B9_B000487_B008360_S33	18_45_M	BAT	False	1	False	B9_B000487_B008360_S33.mm10-plus-7-0	exact_library_id_plus_documented_alignment_suffix	B9_B000487_B008360_S33.mm10-plus-7-0-1	one_assay_suffix	18m	1	nan	T cell	nan	nan	facs	18_45_M	2619866.0	2136.0	male	Fat	BAT	nan	4	9
B9_B000505_B008435_S33			18	B9_B000505_B008435_S33	18_45_M	GAT	False	1	False	B9_B000505_B008435_S33.mm10-plus-8-0	exact_library_id_plus_documented_alignment_suffix	B9_B000505_B008435_S33.mm10-plus-8-0-1	one_assay_suffix	18m	1	nan	CD8-positive, alpha-beta T cell	nan	nan	facs	18_45_M	551764.0	1735.0	male	Fat	GAT	nan	4	9
B9_B000767_B009945_S33	136.0	2.0	18	B9_B000767_B009945_S33	18_46_F	Liver	True	2	True	B9_B000767_B009945_S33.mm10-plus-4-0	exact_library_id_plus_documented_alignment_suffix	B9_B000767_B009945_S33.mm10-plus-4-0-1	one_assay_suffix	18m	1	nan	CD4-positive, alpha-beta T cell	nan	nan	facs	18_46_F	853911.0	1022.0	female	Liver non-hepato/SCs	Liver	nan	4	21
B9_B000795_B008545_S33	27.0	3.0	18	B9_B000795_B008545_S33	18_47_F	MAT	True	2	True	B9_B000795_B008545_S33.mm10-plus-3-0	exact_library_id_plus_documented_alignment_suffix	B9_B000795_B008545_S33.mm10-plus-3-0-1	one_assay_suffix	18m	1	nan	CD8-positive, alpha-beta T cell	nan	nan	facs	18_47_F	297557.0	1662.0	female	Fat	MAT	nan	4	9
B9_B000806_B008540_S33			18	B9_B000806_B008540_S33	18_46_F	MAT	False	1	False	B9_B000806_B008540_S33.mm10-plus-6-0	exact_library_id_plus_documented_alignment_suffix	B9_B000806_B008540_S33.mm10-plus-6-0-1	one_assay_suffix	18m	1	nan	CD8-positive, alpha-beta T cell	nan	nan	facs	18_46_F	805996.0	2302.0	female	Fat	MAT	nan	4	9
B9_B001369_B009009_S33			18	B9_B001369_B009009_S33	18_47_F	Thymus	False	1	False	B9_B001369_B009009_S33.mm10-plus-7-0	exact_library_id_plus_documented_alignment_suffix	B9_B001369_B009009_S33.mm10-plus-7-0-1	one_assay_suffix	18m	1	nan	DN4 thymocyte	nan	DN4 thymocyte	facs	18_47_F	375350.0	1851.0	female	Thymus Flowthrough	Thymus	nan	6	5
B9_B002452_B009020_S33			18	B9_B002452_B009020_S33	18_47_F	Spleen	False	1	False	B9_B002452_B009020_S33.mm10-plus-0-0	exact_library_id_plus_documented_alignment_suffix	B9_B002452_B009020_S33.mm10-plus-0-0-1	one_assay_suffix	18m	1	nan	CD8-positive, alpha-beta T cell	nan	Cd3e T cell	facs	18_47_F	566074.0	2964.0	female	nan	Spleen	nan	6	5
B9_B002459_B007461_S33			18	B9_B002459_B007461_S33	18_46_F	Marrow	False	1	False	B9_B002459_B007461_S33.mm10-plus-8-0	exact_library_id_plus_documented_alignment_suffix	B9_B002459_B007461_S33.mm10-plus-8-0-1	one_assay_suffix	18m	1	nan	NK cell	nan	NK cell	facs	18_46_F	1240670.0	5252.0	female	T cells	Marrow	nan	4	9
B9_B003007_B009008_S33			18	B9_B003007_B009008_S33	18_46_F	Thymus	False	1	False	B9_B003007_B009008_S33.mm10-plus-7-0	exact_library_id_plus_documented_alignment_suffix	B9_B003007_B009008_S33.mm10-plus-7-0-1	one_assay_suffix	18m	1	nan	macrophage	nan	macrophage	facs	18_46_F	916916.0	2579.0	female	Thymus Flowthrough	Thymus	nan	4	48
B9_B003017_B009010_S33			18	B9_B003017_B009010_S33	18_45_M	Thymus	False	1	False	B9_B003017_B009010_S33.mm10-plus-7-0	exact_library_id_plus_documented_alignment_suffix	B9_B003017_B009010_S33.mm10-plus-7-0-1	one_assay_suffix	18m	1	nan	thymocyte	nan	DN to DP transition (most are Cd8+/ Cd4+, some undergoing VDJ recombination)	facs	18_45_M	1016158.0	1034.0	male	Thymus Flowthrough	Thymus	nan	21	23
C10_B000524_B009242_S58	5.0	23.0	18	C10_B000524_B009242_S58	18_53_M	Trachea	True	20	True	C10_B000524_B009242_S58.mm10-plus-0-0	exact_library_id_plus_documented_alignment_suffix	C10_B000524_B009242_S58.mm10-plus-0-0-1	one_assay_suffix	18m	1	nan	T cell	nan	nan	facs	18_53_M	253477.0	1257.0	male	nan	Trachea	nan	4	9
C10_B000794_B008549_S58	15.0	2.0	18	C10_B000794_B008549_S58	18_47_F	GAT	True	2	True	C10_B000794_B008549_S58.mm10-plus-3-0	exact_library_id_plus_documented_alignment_suffix	C10_B000794_B008549_S58.mm10-plus-3-0-1	one_assay_suffix	18m	1	nan	CD8-positive, alpha-beta T cell	nan	nan	facs	18_47_F	667719.0	1732.0	female	Fat	GAT	nan	4	9
C10_B000795_B008545_S58	22.0	3.0	18	C10_B000795_B008545_S58	18_47_F	MAT	True	3	True	C10_B000795_B008545_S58.mm10-plus-3-0	exact_library_id_plus_documented_alignment_suffix	C10_B000795_B008545_S58.mm10-plus-3-0-1	one_assay_suffix	18m	1	nan	CD8-positive, alpha-beta T cell	nan	nan	facs	18_47_F	316469.0	1887.0	female	Fat	MAT	nan	4	9
C10_B000808_B008541_S58			18	C10_B000808_B008541_S58	18_47_F	SCAT	False	1	False	C10_B000808_B008541_S58.mm10-plus-6-0	exact_library_id_plus_documented_alignment_suffix	C10_B000808_B008541_S58.mm10-plus-6-0-1	one_assay_suffix	18m	1	nan	B cell	nan	nan	facs	18_47_F	2372394.0	5171.0	female	Fat	SCAT	nan	4	21
C10_B000814_B008548_S58			18	C10_B000814_B008548_S58	18_46_F	GAT	False	1	False	C10_B000814_B008548_S58.mm10-plus-6-0	exact_library_id_plus_documented_alignment_suffix	C10_B000814_B008548_S58.mm10-plus-6-0-1	one_assay_suffix	18m	1	nan	CD8-positive, alpha-beta T cell	nan	nan	facs	18_46_F	1040892.0	2706.0	female	Fat	GAT	nan	6	5
C10_B002459_B007461_S58			18	C10_B002459_B007461_S58	18_46_F	Marrow	False	1	False	C10_B002459_B007461_S58.mm10-plus-8-0	exact_library_id_plus_documented_alignment_suffix	C10_B002459_B007461_S58.mm10-plus-8-0-1	one_assay_suffix	18m	1	nan	mature alpha-beta T cell	nan	BM CD8 + CD4 T cell	facs	18_46_F	1169553.0	4513.0	female	T cells	Marrow	nan	4	9
C10_B002828_B007462_S58	2.0	11.0	18	C10_B002828_B007462_S58	18_47_F	Marrow	True	11	True	C10_B002828_B007462_S58.mm10-plus-6-0	exact_library_id_plus_documented_alignment_suffix	C10_B002828_B007462_S58.mm10-plus-6-0-1	one_assay_suffix	18m	1	nan	CD4-positive, alpha-beta T cell	nan	BM CD4 T cell	facs	18_47_F	590679.0	2399.0	female	T cells	Marrow	nan	4	21
C10_B003007_B009008_S58	5.0	23.0	18	C10_B003007_B009008_S58	18_46_F	Thymus	True	2	True	C10_B003007_B009008_S58.mm10-plus-7-0	exact_library_id_plus_documented_alignment_suffix	C10_B003007_B009008_S58.mm10-plus-7-0-1	one_assay_suffix	18m	1	nan	DN4 thymocyte	nan	DN4 thymocyte	facs	18_46_F	1447119.0	2718.0	female	Thymus Flowthrough	Thymus	nan	4	9
C10_B003017_B009010_S58			18	C10_B003017_B009010_S58	18_45_M	Thymus	False	1	False	C10_B003017_B009010_S58.mm10-plus-7-0	exact_library_id_plus_documented_alignment_suffix	C10_B003017_B009010_S58.mm10-plus-7-0-1	one_assay_suffix	18m	1	nan	thymocyte	nan	DN to DP transition (most are Cd8+/ Cd4+, some undergoing VDJ recombination)	facs	18_45_M	1237135.0	853.0	male	Thymus Flowthrough	Thymus	nan	21	23
C11_B000524_B009242_S59	5.0	23.0	18	C11_B000524_B009242_S59	18_53_M	Trachea	True	20	True	C11_B000524_B009242_S59.mm10-plus-0-0	exact_library_id_plus_documented_alignment_suffix	C11_B000524_B009242_S59.mm10-plus-0-0-1	one_assay_suffix	18m	1	nan	T cell	nan	nan	facs	18_53_M	370546.0	1356.0	male	nan	Trachea	nan	4	9
C11_B000788_B008433_S59			18	C11_B000788_B008433_S59	18_46_F	BAT	False	1	False	C11_B000788_B008433_S59.mm10-plus-6-0	exact_library_id_plus_documented_alignment_suffix	C11_B000788_B008433_S59.mm10-plus-6-0-1	one_assay_suffix	18m	1	nan	NK cell	nan	nan	facs	18_46_F	2722648.0	1941.0	female	Fat	BAT	nan	4	9
C11_B000794_B008549_S59			18	C11_B000794_B008549_S59	18_47_F	GAT	False	1	False	C11_B000794_B008549_S59.mm10-plus-3-0	exact_library_id_plus_documented_alignment_suffix	C11_B000794_B008549_S59.mm10-plus-3-0-1	one_assay_suffix	18m	1	nan	CD8-positive, alpha-beta T cell	nan	nan	facs	18_47_F	428040.0	1640.0	female	Fat	GAT	nan	4	5
C11_B000795_B008545_S59			18	C11_B000795_B008545_S59	18_47_F	MAT	False	1	False	C11_B000795_B008545_S59.mm10-plus-3-0	exact_library_id_plus_documented_alignment_suffix	C11_B000795_B008545_S59.mm10-plus-3-0-1	one_assay_suffix	18m	1	nan	CD8-positive, alpha-beta T cell	nan	nan	facs	18_47_F	842060.0	2256.0	female	Fat	MAT	nan	4	9
C11_B001369_B009009_S59			18	C11_B001369_B009009_S59	18_47_F	Thymus	False	1	False	C11_B001369_B009009_S59.mm10-plus-7-0	exact_library_id_plus_documented_alignment_suffix	C11_B001369_B009009_S59.mm10-plus-7-0-1	one_assay_suffix	18m	1	nan	DN4 thymocyte	nan	DN4 thymocyte	facs	18_47_F	754941.0	2203.0	female	Thymus Flowthrough	Thymus	nan	6	5
C11_B002417_B009885_S59	42.0	7.0	18	C11_B002417_B009885_S59	18_47_F	Marrow	True	6	True	C11_B002417_B009885_S59.mm10-plus-6-0	exact_library_id_plus_documented_alignment_suffix	C11_B002417_B009885_S59.mm10-plus-6-0-1	one_assay_suffix	18m	1	nan	hematopoietic stem cell	nan	MPP Fraction B + C	facs	18_47_F	1890825.0	6209.0	female	KLS	Marrow	nan	16	35
C11_B002452_B009020_S59	19.0	10.0	18	C11_B002452_B009020_S59	18_47_F	Spleen	True	1	False	C11_B002452_B009020_S59.mm10-plus-0-0	exact_library_id_plus_documented_alignment_suffix	C11_B002452_B009020_S59.mm10-plus-0-0-1	one_assay_suffix	18m	1	nan	CD8-positive, alpha-beta T cell	nan	nan	facs	18_47_F	653043.0	2287.0	female	nan	Spleen	nan	4	9
C11_B002828_B007462_S59			18	C11_B002828_B007462_S59	18_47_F	Marrow	False	1	False	C11_B002828_B007462_S59.mm10-plus-6-0	exact_library_id_plus_documented_alignment_suffix	C11_B002828_B007462_S59.mm10-plus-6-0-1	one_assay_suffix	18m	1	nan	mature alpha-beta T cell	nan	BM CD8 + CD4 T cell	facs	18_47_F	423499.0	2375.0	female	T cells	Marrow	nan	4	9
C11_B003017_B009010_S59			18	C11_B003017_B009010_S59	18_45_M	Thymus	False	1	False	C11_B003017_B009010_S59.mm10-plus-7-0	exact_library_id_plus_documented_alignment_suffix	C11_B003017_B009010_S59.mm10-plus-7-0-1	one_assay_suffix	18m	1	nan	thymocyte	nan	proliferating thymocyte; DN to DP transition, dividing (some are Cd8+/ Cd4+, some undergoing VDJ recombination)	facs	18_45_M	3758902.0	2549.0	male	Thymus Flowthrough	Thymus	nan	21	23
C12_B000236_B009007_S60			18	C12_B000236_B009007_S60	18_53_M	Thymus	False	1	False	C12_B000236_B009007_S60.mm10-plus-8-0	exact_library_id_plus_documented_alignment_suffix	C12_B000236_B009007_S60.mm10-plus-8-0-1	one_assay_suffix	18m	1	nan	thymocyte	nan	DN to DP transition (most are Cd8+/ Cd4+, some undergoing VDJ recombination)	facs	18_53_M	403784.0	1092.0	male	Thymus Flowthrough	Thymus	nan	21	23
C12_B000501_B008542_S60	113.0	4.0	18	C12_B000501_B008542_S60	18_45_M	SCAT	True	4	True	C12_B000501_B008542_S60.mm10-plus-6-0	exact_library_id_plus_documented_alignment_suffix	C12_B000501_B008542_S60.mm10-plus-6-0-1	one_assay_suffix	18m	1	nan	CD8-positive, alpha-beta T cell	nan	nan	facs	18_45_M	794932.0	1769.0	male	Fat	SCAT	nan	4	9
C12_B000524_B009242_S60	5.0	23.0	18	C12_B000524_B009242_S60	18_53_M	Trachea	True	20	True	C12_B000524_B009242_S60.mm10-plus-0-0	exact_library_id_plus_documented_alignment_suffix	C12_B000524_B009242_S60.mm10-plus-0-0-1	one_assay_suffix	18m	1	nan	T cell	nan	nan	facs	18_53_M	244987.0	1213.0	male	nan	Trachea	nan	4	9
C12_B000794_B008549_S60	100.0	7.0	18	C12_B000794_B008549_S60	18_47_F	GAT	True	6	True	C12_B000794_B008549_S60.mm10-plus-3-0	exact_library_id_plus_documented_alignment_suffix	C12_B000794_B008549_S60.mm10-plus-3-0-1	one_assay_suffix	18m	1	nan	CD8-positive, alpha-beta T cell	nan	nan	facs	18_47_F	1291470.0	2325.0	female	Fat	GAT	nan	4	9
C12_B000808_B008541_S60			18	C12_B000808_B008541_S60	18_47_F	SCAT	False	1	False	C12_B000808_B008541_S60.mm10-plus-6-0	exact_library_id_plus_documented_alignment_suffix	C12_B000808_B008541_S60.mm10-plus-6-0-1	one_assay_suffix	18m	1	nan	endothelial cell	nan	nan	facs	18_47_F	240313.0	4046.0	female	Fat	SCAT	nan	7	6
C12_B000814_B008548_S60			18	C12_B000814_B008548_S60	18_46_F	GAT	False	1	False	C12_B000814_B008548_S60.mm10-plus-6-0	exact_library_id_plus_documented_alignment_suffix	C12_B000814_B008548_S60.mm10-plus-6-0-1	one_assay_suffix	18m	1	nan	CD8-positive, alpha-beta T cell	nan	nan	facs	18_46_F	631299.0	1838.0	female	Fat	GAT	nan	6	5
C12_B002459_B007461_S60			18	C12_B002459_B007461_S60	18_46_F	Marrow	False	1	False	C12_B002459_B007461_S60.mm10-plus-8-0	exact_library_id_plus_documented_alignment_suffix	C12_B002459_B007461_S60.mm10-plus-8-0-1	one_assay_suffix	18m	1	nan	CD4-positive, alpha-beta T cell	nan	BM CD4 T cell	facs	18_46_F	641263.0	2781.0	female	T cells	Marrow	nan	4	21
C12_B002828_B007462_S60	2.0	11.0	18	C12_B002828_B007462_S60	18_47_F	Marrow	True	11	True	C12_B002828_B007462_S60.mm10-plus-6-0	exact_library_id_plus_documented_alignment_suffix	C12_B002828_B007462_S60.mm10-plus-6-0-1	one_assay_suffix	18m	1	nan	CD4-positive, alpha-beta T cell	nan	BM CD4 T cell	facs	18_47_F	96794.0	1563.0	female	T cells	Marrow	nan	4	21
C12_B003017_B009010_S60			18	C12_B003017_B009010_S60	18_45_M	Thymus	False	1	False	C12_B003017_B009010_S60.mm10-plus-7-0	exact_library_id_plus_documented_alignment_suffix	C12_B003017_B009010_S60.mm10-plus-7-0-1	one_assay_suffix	18m	1	nan	thymocyte	nan	DN to DP transition (most are Cd8+/ Cd4+, some undergoing VDJ recombination)	facs	18_45_M	960803.0	948.0	male	Thymus Flowthrough	Thymus	nan	21	23
C13_B000236_B009007_S61			18	C13_B000236_B009007_S61	18_53_M	Thymus	False	1	False	C13_B000236_B009007_S61.mm10-plus-8-0	exact_library_id_plus_documented_alignment_suffix	C13_B000236_B009007_S61.mm10-plus-8-0-1	one_assay_suffix	18m	1	nan	thymocyte	nan	DN to DP transition (most are Cd8+/ Cd4+, some undergoing VDJ recombination)	facs	18_53_M	337276.0	1145.0	male	Thymus Flowthrough	Thymus	nan	21	23
C13_B000515_B008434_S61			18	C13_B000515_B008434_S61	18_53_M	BAT	False	1	False	C13_B000515_B008434_S61.mm10-plus-3-0	exact_library_id_plus_documented_alignment_suffix	C13_B000515_B008434_S61.mm10-plus-3-0-1	one_assay_suffix	18m	1	nan	T cell	nan	nan	facs	18_53_M	1851567.0	1278.0	male	Fat	BAT	nan	6	5
C13_B000524_B009242_S61	5.0	23.0	18	C13_B000524_B009242_S61	18_53_M	Trachea	True	20	True	C13_B000524_B009242_S61.mm10-plus-0-0	exact_library_id_plus_documented_alignment_suffix	C13_B000524_B009242_S61.mm10-plus-0-0-1	one_assay_suffix	18m	1	nan	T cell	nan	nan	facs	18_53_M	381532.0	1303.0	male	nan	Trachea	nan	4	9
C13_B000795_B008545_S61	117.0	2.0	18	C13_B000795_B008545_S61	18_47_F	MAT	True	2	True	C13_B000795_B008545_S61.mm10-plus-3-0	exact_library_id_plus_documented_alignment_suffix	C13_B000795_B008545_S61.mm10-plus-3-0-1	one_assay_suffix	18m	1	nan	CD8-positive, alpha-beta T cell	nan	nan	facs	18_47_F	550420.0	1715.0	female	Fat	MAT	nan	4	9
C13_B001369_B009009_S61			18	C13_B001369_B009009_S61	18_47_F	Thymus	False	1	False	C13_B001369_B009009_S61.mm10-plus-7-0	exact_library_id_plus_documented_alignment_suffix	C13_B001369_B009009_S61.mm10-plus-7-0-1	one_assay_suffix	18m	1	nan	DN4 thymocyte	nan	DN4 thymocyte	facs	18_47_F	1917852.0	2262.0	female	Thymus Flowthrough	Thymus	nan	6	5
C13_B002459_B007461_S61	10.0	18.0	18	C13_B002459_B007461_S61	18_46_F	Marrow	True	18	True	C13_B002459_B007461_S61.mm10-plus-8-0	exact_library_id_plus_documented_alignment_suffix	C13_B002459_B007461_S61.mm10-plus-8-0-1	one_assay_suffix	18m	1	nan	naive B cell	nan	naïve B cell	facs	18_46_F	560138.0	2868.0	female	T cells	Marrow	nan	4	9
C13_B003017_B009010_S61			18	C13_B003017_B009010_S61	18_45_M	Thymus	False	1	False	C13_B003017_B009010_S61.mm10-plus-7-0	exact_library_id_plus_documented_alignment_suffix	C13_B003017_B009010_S61.mm10-plus-7-0-1	one_assay_suffix	18m	1	nan	thymocyte	nan	proliferating thymocyte; DN to DP transition, dividing (some are Cd8+/ Cd4+, some undergoing VDJ recombination)	facs	18_45_M	7270425.0	3859.0	male	Thymus Flowthrough	Thymus	nan	21	23
C14_B000171_B009952_S62	104.0	2.0	18	C14_B000171_B009952_S62	18_53_M	Heart	True	2	True	C14_B000171_B009952_S62.mm10-plus-8-0	exact_library_id_plus_documented_alignment_suffix	C14_B000171_B009952_S62.mm10-plus-8-0-1	one_assay_suffix	18m	1	nan	T cell	nan	T cell	facs	18_53_M	544371.0	1952.0	male	RA	Heart	nan	4	9
C14_B000236_B009007_S62			18	C14_B000236_B009007_S62	18_53_M	Thymus	False	1	False	C14_B000236_B009007_S62.mm10-plus-8-0	exact_library_id_plus_documented_alignment_suffix	C14_B000236_B009007_S62.mm10-plus-8-0-1	one_assay_suffix	18m	1	nan	thymocyte	nan	DN to DP transition (most are Cd8+/ Cd4+, some undergoing VDJ recombination)	facs	18_53_M	676270.0	1533.0	male	Thymus Flowthrough	Thymus	nan	21	23
C14_B000524_B009242_S62	5.0	23.0	18	C14_B000524_B009242_S62	18_53_M	Trachea	True	20	True	C14_B000524_B009242_S62.mm10-plus-0-0	exact_library_id_plus_documented_alignment_suffix	C14_B000524_B009242_S62.mm10-plus-0-0-1	one_assay_suffix	18m	1	nan	T cell	nan	nan	facs	18_53_M	218246.0	1207.0	male	nan	Trachea	nan	4	9
C14_B000788_B008433_S62	87.0	5.0	18	C14_B000788_B008433_S62	18_46_F	BAT	True	1	False	C14_B000788_B008433_S62.mm10-plus-6-0	exact_library_id_plus_documented_alignment_suffix	C14_B000788_B008433_S62.mm10-plus-6-0-1	one_assay_suffix	18m	1	nan	NK cell	nan	nan	facs	18_46_F	1165454.0	2098.0	female	Fat	BAT	nan	4	9
C14_B000795_B008545_S62	44.0	3.0	18	C14_B000795_B008545_S62	18_47_F	MAT	True	3	True	C14_B000795_B008545_S62.mm10-plus-3-0	exact_library_id_plus_documented_alignment_suffix	C14_B000795_B008545_S62.mm10-plus-3-0-1	one_assay_suffix	18m	1	nan	CD8-positive, alpha-beta T cell	nan	nan	facs	18_47_F	762929.0	2613.0	female	Fat	MAT	nan	4	9
C14_B000808_B008541_S62			18	C14_B000808_B008541_S62	18_47_F	SCAT	False	1	False	C14_B000808_B008541_S62.mm10-plus-6-0	exact_library_id_plus_documented_alignment_suffix	C14_B000808_B008541_S62.mm10-plus-6-0-1	one_assay_suffix	18m	1	nan	T cell	nan	nan	facs	18_47_F	463548.0	1538.0	female	Fat	SCAT	nan	4	5
C14_B000814_B008548_S62	10.0	18.0	18	C14_B000814_B008548_S62	18_46_F	GAT	True	18	True	C14_B000814_B008548_S62.mm10-plus-6-0	exact_library_id_plus_documented_alignment_suffix	C14_B000814_B008548_S62.mm10-plus-6-0-1	one_assay_suffix	18m	1	nan	CD8-positive, alpha-beta T cell	nan	nan	facs	18_46_F	1221474.0	2599.0	female	Fat	GAT	nan	4	9
C14_B001369_B009009_S62			18	C14_B001369_B009009_S62	18_47_F	Thymus	False	1	False	C14_B001369_B009009_S62.mm10-plus-7-0	exact_library_id_plus_documented_alignment_suffix	C14_B001369_B009009_S62.mm10-plus-7-0-1	one_assay_suffix	18m	1	nan	DN4 thymocyte	nan	DN4 thymocyte	facs	18_47_F	1461697.0	2542.0	female	Thymus Flowthrough	Thymus	nan	6	5
C14_B002459_B007461_S62			18	C14_B002459_B007461_S62	18_46_F	Marrow	False	1	False	C14_B002459_B007461_S62.mm10-plus-8-0	exact_library_id_plus_documented_alignment_suffix	C14_B002459_B007461_S62.mm10-plus-8-0-1	one_assay_suffix	18m	1	nan	mature alpha-beta T cell	nan	BM CD8 + CD4 T cell	facs	18_46_F	754439.0	4963.0	female	T cells	Marrow	nan	37	41
C14_B003017_B009010_S62			18	C14_B003017_B009010_S62	18_45_M	Thymus	False	1	False	C14_B003017_B009010_S62.mm10-plus-7-0	exact_library_id_plus_documented_alignment_suffix	C14_B003017_B009010_S62.mm10-plus-7-0-1	one_assay_suffix	18m	1	nan	thymocyte	nan	DN to DP transition (most are Cd8+/ Cd4+, some undergoing VDJ recombination)	facs	18_45_M	1237987.0	898.0	male	Thymus Flowthrough	Thymus	nan	21	23
C14_B003022_B008546_S62			18	C14_B003022_B008546_S62	18_45_M	MAT	False	1	False	C14_B003022_B008546_S62.mm10-plus-7-0	exact_library_id_plus_documented_alignment_suffix	C14_B003022_B008546_S62.mm10-plus-7-0-1	one_assay_suffix	18m	1	nan	CD8-positive, alpha-beta T cell	nan	nan	facs	18_45_M	866191.0	2729.0	male	Fat	MAT	nan	4	9
C15_B000236_B009007_S63			18	C15_B000236_B009007_S63	18_53_M	Thymus	False	1	False	C15_B000236_B009007_S63.mm10-plus-8-0	exact_library_id_plus_documented_alignment_suffix	C15_B000236_B009007_S63.mm10-plus-8-0-1	one_assay_suffix	18m	1	nan	thymocyte	nan	DN to DP transition (most are Cd8+/ Cd4+, some undergoing VDJ recombination)	facs	18_53_M	568903.0	1212.0	male	Thymus Flowthrough	Thymus	nan	21	23
C15_B000263_B007344_S63	94.0	9.0	18	C15_B000263_B007344_S63	18_46_F	Trachea	True	5	True	C15_B000263_B007344_S63.mm10-plus-7-0	exact_library_id_plus_documented_alignment_suffix	C15_B000263_B007344_S63.mm10-plus-7-0-1	one_assay_suffix	18m	1	nan	T cell	nan	nan	facs	18_46_F	3663560.0	2843.0	female	nan	Trachea	nan	4	21
C15_B000524_B009242_S63	5.0	23.0	18	C15_B000524_B009242_S63	18_53_M	Trachea	True	20	True	C15_B000524_B009242_S63.mm10-plus-0-0	exact_library_id_plus_documented_alignment_suffix	C15_B000524_B009242_S63.mm10-plus-0-0-1	one_assay_suffix	18m	1	nan	T cell	nan	nan	facs	18_53_M	276611.0	1292.0	male	nan	Trachea	nan	4	9
C15_B000806_B008540_S63			18	C15_B000806_B008540_S63	18_46_F	MAT	False	1	False	C15_B000806_B008540_S63.mm10-plus-6-0	exact_library_id_plus_documented_alignment_suffix	C15_B000806_B008540_S63.mm10-plus-6-0-1	one_assay_suffix	18m	1	nan	CD8-positive, alpha-beta T cell	nan	nan	facs	18_46_F	483525.0	1692.0	female	Fat	MAT	nan	4	21
C15_B001369_B009009_S63			18	C15_B001369_B009009_S63	18_47_F	Thymus	False	1	False	C15_B001369_B009009_S63.mm10-plus-7-0	exact_library_id_plus_documented_alignment_suffix	C15_B001369_B009009_S63.mm10-plus-7-0-1	one_assay_suffix	18m	1	nan	DN4 thymocyte	nan	DN4 thymocyte	facs	18_47_F	798771.0	2463.0	female	Thymus Flowthrough	Thymus	nan	6	5
C15_B002459_B007461_S63			18	C15_B002459_B007461_S63	18_46_F	Marrow	False	1	False	C15_B002459_B007461_S63.mm10-plus-8-0	exact_library_id_plus_documented_alignment_suffix	C15_B002459_B007461_S63.mm10-plus-8-0-1	one_assay_suffix	18m	1	nan	basophil	nan	basophil	facs	18_46_F	1224195.0	4742.0	female	T cells	Marrow	nan	40	47
C15_B003007_B009008_S63			18	C15_B003007_B009008_S63	18_46_F	Thymus	False	1	False	C15_B003007_B009008_S63.mm10-plus-7-0	exact_library_id_plus_documented_alignment_suffix	C15_B003007_B009008_S63.mm10-plus-7-0-1	one_assay_suffix	18m	1	nan	DN4 thymocyte	nan	DN4 thymocyte	facs	18_46_F	1003127.0	1770.0	female	Thymus Flowthrough	Thymus	nan	6	5
C15_B003017_B009010_S63			18	C15_B003017_B009010_S63	18_45_M	Thymus	False	1	False	C15_B003017_B009010_S63.mm10-plus-7-0	exact_library_id_plus_documented_alignment_suffix	C15_B003017_B009010_S63.mm10-plus-7-0-1	one_assay_suffix	18m	1	nan	DN4 thymocyte	nan	DN4 thymocyte	facs	18_45_M	1019075.0	926.0	male	Thymus Flowthrough	Thymus	nan	21	23
C15_B003022_B008546_S63			18	C15_B003022_B008546_S63	18_45_M	MAT	False	1	False	C15_B003022_B008546_S63.mm10-plus-7-0	exact_library_id_plus_documented_alignment_suffix	C15_B003022_B008546_S63.mm10-plus-7-0-1	one_assay_suffix	18m	1	nan	CD8-positive, alpha-beta T cell	nan	nan	facs	18_45_M	734611.0	2295.0	male	Fat	MAT	nan	4	9
C15_D045405_B009854_S63			18	C15_D045405_B009854_S63	18_45_M	Marrow	False	1	False	C15_D045405_B009854_S63.mm10-plus-6-0	exact_library_id_plus_documented_alignment_suffix	C15_D045405_B009854_S63.mm10-plus-6-0-1	one_assay_suffix	18m	1	nan	mature alpha-beta T cell	nan	BM CD8 + CD4 T cell	facs	18_45_M	441530.0	1590.0	male	T cells	Marrow	nan	4	9
C16_B000477_B008543_S64			18	C16_B000477_B008543_S64	18_53_M	MAT	False	1	False	C16_B000477_B008543_S64.mm10-plus-6-0	exact_library_id_plus_documented_alignment_suffix	C16_B000477_B008543_S64.mm10-plus-6-0-1	one_assay_suffix	18m	1	nan	CD4-positive, alpha-beta T cell	nan	nan	facs	18_53_M	1015852.0	1332.0	male	Fat	MAT	nan	4	21
C16_B000524_B009242_S64	5.0	23.0	18	C16_B000524_B009242_S64	18_53_M	Trachea	True	20	True	C16_B000524_B009242_S64.mm10-plus-0-0	exact_library_id_plus_documented_alignment_suffix	C16_B000524_B009242_S64.mm10-plus-0-0-1	one_assay_suffix	18m	1	nan	T cell	nan	nan	facs	18_53_M	335881.0	1596.0	male	nan	Trachea	nan	4	9
C16_B001363_B009260_S4			18	C16_B001363_B009260_S4	18_46_F	Brain_Non-Myeloid	False	1	False	C16_B001363_B009260_S4.mm10-plus-1-0	exact_library_id_plus_documented_alignment_suffix	C16_B001363_B009260_S4.mm10-plus-1-0-1	one_assay_suffix	18m	1	nan	T cell	nan	nan	facs	18_46_F	783648.0	1011.0	female	Cerebellum 	Brain_Non-Myeloid	nan	4	9
C16_B001369_B009009_S64			18	C16_B001369_B009009_S64	18_47_F	Thymus	False	1	False	C16_B001369_B009009_S64.mm10-plus-7-0	exact_library_id_plus_documented_alignment_suffix	C16_B001369_B009009_S64.mm10-plus-7-0-1	one_assay_suffix	18m	1	nan	epithelial cell of thymus	nan	TECs	facs	18_47_F	89987.0	932.0	female	Thymus Flowthrough	Thymus	nan	6	5
C16_B002452_B009020_S64			18	C16_B002452_B009020_S64	18_47_F	Spleen	False	1	False	C16_B002452_B009020_S64.mm10-plus-0-0	exact_library_id_plus_documented_alignment_suffix	C16_B002452_B009020_S64.mm10-plus-0-0-1	one_assay_suffix	18m	1	nan	CD4-positive, alpha-beta T cell	nan	Cd3e T cell	facs	18_47_F	842925.0	2393.0	female	nan	Spleen	nan	4	21
C16_B003017_B009010_S64			18	C16_B003017_B009010_S64	18_45_M	Thymus	False	1	False	C16_B003017_B009010_S64.mm10-plus-7-0	exact_library_id_plus_documented_alignment_suffix	C16_B003017_B009010_S64.mm10-plus-7-0-1	one_assay_suffix	18m	1	nan	DN4 thymocyte	nan	DN4 thymocyte	facs	18_45_M	1257130.0	1219.0	male	Thymus Flowthrough	Thymus	nan	6	23
C16_D045405_B009854_S64			18	C16_D045405_B009854_S64	18_45_M	Marrow	False	1	False	C16_D045405_B009854_S64.mm10-plus-6-0	exact_library_id_plus_documented_alignment_suffix	C16_D045405_B009854_S64.mm10-plus-6-0-1	one_assay_suffix	18m	1	nan	NK cell	nan	NK cell	facs	18_45_M	912150.0	1798.0	male	T cells	Marrow	nan	4	9
C17_B000236_B009007_S65			18	C17_B000236_B009007_S65	18_53_M	Thymus	False	1	False	C17_B000236_B009007_S65.mm10-plus-8-0	exact_library_id_plus_documented_alignment_suffix	C17_B000236_B009007_S65.mm10-plus-8-0-1	one_assay_suffix	18m	1	nan	thymocyte	nan	DN to DP transition (most are Cd8+/ Cd4+, some undergoing VDJ recombination)	facs	18_53_M	290686.0	916.0	male	Thymus Flowthrough	Thymus	nan	6	5
C17_B000524_B009242_S65	5.0	23.0	18	C17_B000524_B009242_S65	18_53_M	Trachea	True	20	True	C17_B000524_B009242_S65.mm10-plus-0-0	exact_library_id_plus_documented_alignment_suffix	C17_B000524_B009242_S65.mm10-plus-0-0-1	one_assay_suffix	18m	1	nan	T cell	nan	nan	facs	18_53_M	628846.0	2128.0	male	nan	Trachea	nan	4	9
C17_B001369_B009009_S65			18	C17_B001369_B009009_S65	18_47_F	Thymus	False	1	False	C17_B001369_B009009_S65.mm10-plus-7-0	exact_library_id_plus_documented_alignment_suffix	C17_B001369_B009009_S65.mm10-plus-7-0-1	one_assay_suffix	18m	1	nan	DN4 thymocyte	nan	DN4 thymocyte	facs	18_47_F	2071989.0	2113.0	female	Thymus Flowthrough	Thymus	nan	6	5
C17_B001372_B006663_S65	34.0	10.0	18	C17_B001372_B006663_S65	18_46_F	Brain_Non-Myeloid	True	10	True	C17_B001372_B006663_S65.mm10-plus-5-0	exact_library_id_plus_documented_alignment_suffix	C17_B001372_B006663_S65.mm10-plus-5-0-1	one_assay_suffix	18m	1	nan	CD8-positive, alpha-beta T cell	nan	nan	facs	18_46_F	1202316.0	1685.0	female	Hippocampus 	Brain_Non-Myeloid	nan	4	9
C17_B002452_B009020_S65	114.0	3.0	18	C17_B002452_B009020_S65	18_47_F	Spleen	True	2	True	C17_B002452_B009020_S65.mm10-plus-0-0	exact_library_id_plus_documented_alignment_suffix	C17_B002452_B009020_S65.mm10-plus-0-0-1	one_assay_suffix	18m	1	nan	CD4-positive, alpha-beta T cell	nan	Cd3e T cell	facs	18_47_F	768958.0	2376.0	female	nan	Spleen	nan	4	21
C17_B003007_B009008_S65			18	C17_B003007_B009008_S65	18_46_F	Thymus	False	1	False	C17_B003007_B009008_S65.mm10-plus-7-0	exact_library_id_plus_documented_alignment_suffix	C17_B003007_B009008_S65.mm10-plus-7-0-1	one_assay_suffix	18m	1	nan	DN4 thymocyte	nan	DN4 thymocyte	facs	18_46_F	444158.0	2724.0	female	Thymus Flowthrough	Thymus	nan	4	9
C18_B000171_B009952_S66	84.0	6.0	18	C18_B000171_B009952_S66	18_53_M	Heart	True	6	True	C18_B000171_B009952_S66.mm10-plus-8-0	exact_library_id_plus_documented_alignment_suffix	C18_B000171_B009952_S66.mm10-plus-8-0-1	one_assay_suffix	18m	1	nan	T cell	nan	T cell	facs	18_53_M	1026776.0	1861.0	male	RA	Heart	nan	4	9
C18_B000236_B009007_S66			18	C18_B000236_B009007_S66	18_53_M	Thymus	False	1	False	C18_B000236_B009007_S66.mm10-plus-8-0	exact_library_id_plus_documented_alignment_suffix	C18_B000236_B009007_S66.mm10-plus-8-0-1	one_assay_suffix	18m	1	nan	thymocyte	nan	DN to DP transition (most are Cd8+/ Cd4+, some undergoing VDJ recombination)	facs	18_53_M	746229.0	1170.0	male	Thymus Flowthrough	Thymus	nan	6	23
C18_B000524_B009242_S66	5.0	23.0	18	C18_B000524_B009242_S66	18_53_M	Trachea	True	20	True	C18_B000524_B009242_S66.mm10-plus-0-0	exact_library_id_plus_documented_alignment_suffix	C18_B000524_B009242_S66.mm10-plus-0-0-1	one_assay_suffix	18m	1	nan	T cell	nan	nan	facs	18_53_M	1387113.0	2786.0	male	nan	Trachea	nan	4	9
C18_B001369_B009009_S66			18	C18_B001369_B009009_S66	18_47_F	Thymus	False	1	False	C18_B001369_B009009_S66.mm10-plus-7-0	exact_library_id_plus_documented_alignment_suffix	C18_B001369_B009009_S66.mm10-plus-7-0-1	one_assay_suffix	18m	1	nan	DN4 thymocyte	nan	DN4 thymocyte	facs	18_47_F	1992807.0	2038.0	female	Thymus Flowthrough	Thymus	nan	6	5
C18_B001372_B006663_S66	137.0	3.0	18	C18_B001372_B006663_S66	18_46_F	Brain_Non-Myeloid	True	2	True	C18_B001372_B006663_S66.mm10-plus-5-0	exact_library_id_plus_documented_alignment_suffix	C18_B001372_B006663_S66.mm10-plus-5-0-1	one_assay_suffix	18m	1	nan	CD8-positive, alpha-beta T cell	nan	nan	facs	18_46_F	1275862.0	1435.0	female	Hippocampus 	Brain_Non-Myeloid	nan	4	9
C18_B002828_B007462_S66	20.0	3.0	18	C18_B002828_B007462_S66	18_47_F	Marrow	True	3	True	C18_B002828_B007462_S66.mm10-plus-6-0	exact_library_id_plus_documented_alignment_suffix	C18_B002828_B007462_S66.mm10-plus-6-0-1	one_assay_suffix	18m	1	nan	mature alpha-beta T cell	nan	BM CD8 + CD4 T cell	facs	18_47_F	722907.0	1953.0	female	T cells	Marrow	nan	4	9
C18_B003007_B009008_S66	99.0	2.0	18	C18_B003007_B009008_S66	18_46_F	Thymus	True	2	True	C18_B003007_B009008_S66.mm10-plus-7-0	exact_library_id_plus_documented_alignment_suffix	C18_B003007_B009008_S66.mm10-plus-7-0-1	one_assay_suffix	18m	1	nan	DN4 thymocyte	nan	DN4 thymocyte	facs	18_46_F	1151447.0	1765.0	female	Thymus Flowthrough	Thymus	nan	4	9
C19_B000120_B007345_S67			18	C19_B000120_B007345_S67	18_47_F	Trachea	False	1	False	C19_B000120_B007345_S67.mm10-plus-7-0	exact_library_id_plus_documented_alignment_suffix	C19_B000120_B007345_S67.mm10-plus-7-0-1	one_assay_suffix	18m	1	nan	T cell	nan	nan	facs	18_47_F	1093635.0	1512.0	female	nan	Trachea	nan	4	21
C19_B000236_B009007_S67			18	C19_B000236_B009007_S67	18_53_M	Thymus	False	1	False	C19_B000236_B009007_S67.mm10-plus-8-0	exact_library_id_plus_documented_alignment_suffix	C19_B000236_B009007_S67.mm10-plus-8-0-1	one_assay_suffix	18m	1	nan	thymocyte	nan	DN to DP transition (most are Cd8+/ Cd4+, some undergoing VDJ recombination)	facs	18_53_M	810606.0	1520.0	male	Thymus Flowthrough	Thymus	nan	21	23
C19_B000524_B009242_S67	5.0	23.0	18	C19_B000524_B009242_S67	18_53_M	Trachea	True	20	True	C19_B000524_B009242_S67.mm10-plus-0-0	exact_library_id_plus_documented_alignment_suffix	C19_B000524_B009242_S67.mm10-plus-0-0-1	one_assay_suffix	18m	1	nan	T cell	nan	nan	facs	18_53_M	2458862.0	2981.0	male	nan	Trachea	nan	4	9
C19_B001369_B009009_S67			18	C19_B001369_B009009_S67	18_47_F	Thymus	False	1	False	C19_B001369_B009009_S67.mm10-plus-7-0	exact_library_id_plus_documented_alignment_suffix	C19_B001369_B009009_S67.mm10-plus-7-0-1	one_assay_suffix	18m	1	nan	DN4 thymocyte	nan	DN4 thymocyte	facs	18_47_F	875310.0	2210.0	female	Thymus Flowthrough	Thymus	nan	6	5
C19_B001372_B006663_S67			18	C19_B001372_B006663_S67	18_46_F	Brain_Non-Myeloid	False	1	False	C19_B001372_B006663_S67.mm10-plus-5-0	exact_library_id_plus_documented_alignment_suffix	C19_B001372_B006663_S67.mm10-plus-5-0-1	one_assay_suffix	18m	1	nan	CD8-positive, alpha-beta T cell	nan	nan	facs	18_46_F	3342996.0	1284.0	female	Hippocampus 	Brain_Non-Myeloid	nan	4	9
C19_B002452_B009020_S67			18	C19_B002452_B009020_S67	18_47_F	Spleen	False	1	False	C19_B002452_B009020_S67.mm10-plus-0-0	exact_library_id_plus_documented_alignment_suffix	C19_B002452_B009020_S67.mm10-plus-0-0-1	one_assay_suffix	18m	1	nan	CD4-positive, alpha-beta T cell	nan	Cd3e T cell	facs	18_47_F	1407291.0	3005.0	female	nan	Spleen	nan	6	5
C19_B002828_B007462_S67	101.0	6.0	18	C19_B002828_B007462_S67	18_47_F	Marrow	True	6	True	C19_B002828_B007462_S67.mm10-plus-6-0	exact_library_id_plus_documented_alignment_suffix	C19_B002828_B007462_S67.mm10-plus-6-0-1	one_assay_suffix	18m	1	nan	mature alpha-beta T cell	nan	BM CD8 + CD4 T cell	facs	18_47_F	1425315.0	3504.0	female	T cells	Marrow	nan	4	9
C1_B000524_B009242_S49	5.0	23.0	18	C1_B000524_B009242_S49	18_53_M	Trachea	True	20	True	C1_B000524_B009242_S49.mm10-plus-0-0	exact_library_id_plus_documented_alignment_suffix	C1_B000524_B009242_S49.mm10-plus-0-0-1	one_assay_suffix	18m	1	nan	T cell	nan	nan	facs	18_53_M	353430.0	1387.0	male	nan	Trachea	nan	4	9
C1_B002459_B007461_S49			18	C1_B002459_B007461_S49	18_46_F	Marrow	False	1	False	C1_B002459_B007461_S49.mm10-plus-8-0	exact_library_id_plus_documented_alignment_suffix	C1_B002459_B007461_S49.mm10-plus-8-0-1	one_assay_suffix	18m	1	nan	CD4-positive, alpha-beta T cell	nan	BM CD4 T cell	facs	18_46_F	416009.0	2598.0	female	T cells	Marrow	nan	4	21
C1_B002828_B007462_S49	122.0	5.0	18	C1_B002828_B007462_S49	18_47_F	Marrow	True	4	True	C1_B002828_B007462_S49.mm10-plus-6-0	exact_library_id_plus_documented_alignment_suffix	C1_B002828_B007462_S49.mm10-plus-6-0-1	one_assay_suffix	18m	1	nan	naive B cell	nan	naïve B cell	facs	18_47_F	1409597.0	3304.0	female	T cells	Marrow	nan	0	0
C1_B003007_B009008_S49			18	C1_B003007_B009008_S49	18_46_F	Thymus	False	1	False	C1_B003007_B009008_S49.mm10-plus-7-0	exact_library_id_plus_documented_alignment_suffix	C1_B003007_B009008_S49.mm10-plus-7-0-1	one_assay_suffix	18m	1	nan	DN4 thymocyte	nan	DN4 thymocyte	facs	18_46_F	1260360.0	2027.0	female	Thymus Flowthrough	Thymus	nan	6	5
C20_B000175_B009333_S68_L004			18	C20_B000175_B009333_S68_L004	18_53_M	Brain_Non-Myeloid	False	1	False	C20_B000175_B009333_S68_L004.mm10-plus-2-0	exact_library_id_plus_documented_alignment_suffix	C20_B000175_B009333_S68_L004.mm10-plus-2-0-1	one_assay_suffix	18m	1	nan	CD8-positive, alpha-beta T cell	nan	nan	facs	18_53_M	3054380.0	1809.0	male	Cortex 	Brain_Non-Myeloid	nan	4	9
C20_B000236_B009007_S68			18	C20_B000236_B009007_S68	18_53_M	Thymus	False	1	False	C20_B000236_B009007_S68.mm10-plus-8-0	exact_library_id_plus_documented_alignment_suffix	C20_B000236_B009007_S68.mm10-plus-8-0-1	one_assay_suffix	18m	1	nan	thymocyte	nan	proliferating thymocyte; DN to DP transition, dividing (some are Cd8+/ Cd4+, some undergoing VDJ recombination)	facs	18_53_M	863722.0	4327.0	male	Thymus Flowthrough	Thymus	nan	21	23
C20_B000268_B009896_S68			18	C20_B000268_B009896_S68	18_46_F	Lung	False	1	False	C20_B000268_B009896_S68.mm10-plus-4-0	exact_library_id_plus_documented_alignment_suffix	C20_B000268_B009896_S68.mm10-plus-4-0-1	one_assay_suffix	18m	1	nan	CD8-positive, alpha-beta T cell	nan	CD8+ T	facs	18_46_F	1377424.0	2188.0	female	EPCAM	Lung	nan	4	21
C20_B002452_B009020_S68			18	C20_B002452_B009020_S68	18_47_F	Spleen	False	1	False	C20_B002452_B009020_S68.mm10-plus-0-0	exact_library_id_plus_documented_alignment_suffix	C20_B002452_B009020_S68.mm10-plus-0-0-1	one_assay_suffix	18m	1	nan	CD8-positive, alpha-beta T cell	nan	nan	facs	18_47_F	1506400.0	2245.0	female	nan	Spleen	nan	4	9
C20_B002709_B009018_S68	24.0	11.0	18	C20_B002709_B009018_S68	18_53_M	Spleen	True	11	True	C20_B002709_B009018_S68.mm10-plus-7-0	exact_library_id_plus_documented_alignment_suffix	C20_B002709_B009018_S68.mm10-plus-7-0-1	one_assay_suffix	18m	1	nan	CD8-positive, alpha-beta T cell	nan	nan	facs	18_53_M	719269.0	1914.0	male	nan	Spleen	nan	4	9
C20_B002828_B007462_S68	122.0	5.0	18	C20_B002828_B007462_S68	18_47_F	Marrow	True	4	True	C20_B002828_B007462_S68.mm10-plus-6-0	exact_library_id_plus_documented_alignment_suffix	C20_B002828_B007462_S68.mm10-plus-6-0-1	one_assay_suffix	18m	1	nan	CD4-positive, alpha-beta T cell	nan	BM CD4 T cell	facs	18_47_F	89152.0	2058.0	female	T cells	Marrow	nan	4	21
C20_B002832_B007443_S68			18	C20_B002832_B007443_S68	18_47_F	Pancreas	False	1	False	C20_B002832_B007443_S68.mm10-plus-0-0	exact_library_id_plus_documented_alignment_suffix	C20_B002832_B007443_S68.mm10-plus-0-0-1	one_assay_suffix	18m	1	nan	leukocyte	nan	nan	facs	18_47_F	1052582.0	2954.0	female	Exocrine	Pancreas	nan	4	9
C20_B003007_B009008_S68			18	C20_B003007_B009008_S68	18_46_F	Thymus	False	1	False	C20_B003007_B009008_S68.mm10-plus-7-0	exact_library_id_plus_documented_alignment_suffix	C20_B003007_B009008_S68.mm10-plus-7-0-1	one_assay_suffix	18m	1	nan	DN4 thymocyte	nan	DN4 thymocyte	facs	18_46_F	1383229.0	1823.0	female	Thymus Flowthrough	Thymus	nan	6	5
C21_B000236_B009007_S69			18	C21_B000236_B009007_S69	18_53_M	Thymus	False	1	False	C21_B000236_B009007_S69.mm10-plus-8-0	exact_library_id_plus_documented_alignment_suffix	C21_B000236_B009007_S69.mm10-plus-8-0-1	one_assay_suffix	18m	1	nan	thymocyte	nan	DN to DP transition (most are Cd8+/ Cd4+, some undergoing VDJ recombination)	facs	18_53_M	827676.0	1086.0	male	Thymus Flowthrough	Thymus	nan	21	23
C21_B000524_B009242_S69	5.0	23.0	18	C21_B000524_B009242_S69	18_53_M	Trachea	True	20	True	C21_B000524_B009242_S69.mm10-plus-0-0	exact_library_id_plus_documented_alignment_suffix	C21_B000524_B009242_S69.mm10-plus-0-0-1	one_assay_suffix	18m	1	nan	T cell	nan	nan	facs	18_53_M	2056472.0	2860.0	male	nan	Trachea	nan	4	9
C21_B001369_B009009_S69			18	C21_B001369_B009009_S69	18_47_F	Thymus	False	1	False	C21_B001369_B009009_S69.mm10-plus-7-0	exact_library_id_plus_documented_alignment_suffix	C21_B001369_B009009_S69.mm10-plus-7-0-1	one_assay_suffix	18m	1	nan	DN4 thymocyte	nan	DN4 thymocyte	facs	18_47_F	1993555.0	2331.0	female	Thymus Flowthrough	Thymus	nan	6	5
C21_B002452_B009020_S69			18	C21_B002452_B009020_S69	18_47_F	Spleen	False	1	False	C21_B002452_B009020_S69.mm10-plus-0-0	exact_library_id_plus_documented_alignment_suffix	C21_B002452_B009020_S69.mm10-plus-0-0-1	one_assay_suffix	18m	1	nan	CD8-positive, alpha-beta T cell	nan	nan	facs	18_47_F	979536.0	2184.0	female	nan	Spleen	nan	4	9
C21_B003007_B009008_S69			18	C21_B003007_B009008_S69	18_46_F	Thymus	False	1	False	C21_B003007_B009008_S69.mm10-plus-7-0	exact_library_id_plus_documented_alignment_suffix	C21_B003007_B009008_S69.mm10-plus-7-0-1	one_assay_suffix	18m	1	nan	DN4 thymocyte	nan	DN4 thymocyte	facs	18_46_F	1588630.0	1540.0	female	Thymus Flowthrough	Thymus	nan	4	9
C21_B003017_B009010_S69			18	C21_B003017_B009010_S69	18_45_M	Thymus	False	1	False	C21_B003017_B009010_S69.mm10-plus-7-0	exact_library_id_plus_documented_alignment_suffix	C21_B003017_B009010_S69.mm10-plus-7-0-1	one_assay_suffix	18m	1	nan	DN4 thymocyte	nan	DN4 thymocyte	facs	18_45_M	1912393.0	1009.0	male	Thymus Flowthrough	Thymus	nan	21	23
C21_D045405_B009854_S69			18	C21_D045405_B009854_S69	18_45_M	Marrow	False	1	False	C21_D045405_B009854_S69.mm10-plus-6-0	exact_library_id_plus_documented_alignment_suffix	C21_D045405_B009854_S69.mm10-plus-6-0-1	one_assay_suffix	18m	1	nan	CD4-positive, alpha-beta T cell	nan	BM CD4 T cell	facs	18_45_M	631184.0	1228.0	male	T cells	Marrow	nan	4	21
C22_B000171_B009952_S70	12.0	4.0	18	C22_B000171_B009952_S70	18_53_M	Heart	True	4	True	C22_B000171_B009952_S70.mm10-plus-8-0	exact_library_id_plus_documented_alignment_suffix	C22_B000171_B009952_S70.mm10-plus-8-0-1	one_assay_suffix	18m	1	nan	T cell	nan	T cell	facs	18_53_M	3726276.0	3030.0	male	RA	Heart	nan	4	9
C22_B000236_B009007_S70			18	C22_B000236_B009007_S70	18_53_M	Thymus	False	1	False	C22_B000236_B009007_S70.mm10-plus-8-0	exact_library_id_plus_documented_alignment_suffix	C22_B000236_B009007_S70.mm10-plus-8-0-1	one_assay_suffix	18m	1	nan	thymocyte	nan	proliferating thymocyte; DN to DP transition, dividing (some are Cd8+/ Cd4+, some undergoing VDJ recombination)	facs	18_53_M	2481738.0	3002.0	male	Thymus Flowthrough	Thymus	nan	21	23
C22_B000248_B009895_S70			18	C22_B000248_B009895_S70	18_53_M	Lung	False	1	False	C22_B000248_B009895_S70.mm10-plus-4-0	exact_library_id_plus_documented_alignment_suffix		unmatched																
C22_B000524_B009242_S70	5.0	23.0	18	C22_B000524_B009242_S70	18_53_M	Trachea	True	20	True	C22_B000524_B009242_S70.mm10-plus-0-0	exact_library_id_plus_documented_alignment_suffix	C22_B000524_B009242_S70.mm10-plus-0-0-1	one_assay_suffix	18m	1	nan	T cell	nan	nan	facs	18_53_M	562071.0	2518.0	male	nan	Trachea	nan	4	9
C22_B000767_B009945_S70			18	C22_B000767_B009945_S70	18_46_F	Liver	False	1	False	C22_B000767_B009945_S70.mm10-plus-4-0	exact_library_id_plus_documented_alignment_suffix	C22_B000767_B009945_S70.mm10-plus-4-0-1	one_assay_suffix	18m	1	nan	T cell	nan	nan	facs	18_46_F	2043538.0	1558.0	female	Liver non-hepato/SCs	Liver	nan	6	5
C22_B002459_B007461_S70			18	C22_B002459_B007461_S70	18_46_F	Marrow	False	1	False	C22_B002459_B007461_S70.mm10-plus-8-0	exact_library_id_plus_documented_alignment_suffix	C22_B002459_B007461_S70.mm10-plus-8-0-1	one_assay_suffix	18m	1	nan	granulocyte monocyte progenitor cell	nan	granulocyte monocyte progenitor cell	facs	18_46_F	2346379.0	7411.0	female	T cells	Marrow	nan	16	26
C22_B003017_B009010_S70			18	C22_B003017_B009010_S70	18_45_M	Thymus	False	1	False	C22_B003017_B009010_S70.mm10-plus-7-0	exact_library_id_plus_documented_alignment_suffix	C22_B003017_B009010_S70.mm10-plus-7-0-1	one_assay_suffix	18m	1	nan	thymocyte	nan	DN to DP transition (most are Cd8+/ Cd4+, some undergoing VDJ recombination)	facs	18_45_M	1330666.0	916.0	male	Thymus Flowthrough	Thymus	nan	21	23
C2_B000229_B009899_S50	72.0	7.0	18	C2_B000229_B009899_S50	18_53_M	Lung	True	6	True	C2_B000229_B009899_S50.mm10-plus-4-0	exact_library_id_plus_documented_alignment_suffix	C2_B000229_B009899_S50.mm10-plus-4-0-1	one_assay_suffix	18m	1	nan	bronchial smooth muscle cell	nan	Capillary	facs	18_53_M	2068594.0	2872.0	male	Endomucin 	Lung	nan	22	25
C2_B000524_B009242_S50	5.0	23.0	18	C2_B000524_B009242_S50	18_53_M	Trachea	True	20	True	C2_B000524_B009242_S50.mm10-plus-0-0	exact_library_id_plus_documented_alignment_suffix	C2_B000524_B009242_S50.mm10-plus-0-0-1	one_assay_suffix	18m	1	nan	T cell	nan	nan	facs	18_53_M	210241.0	1159.0	male	nan	Trachea	nan	4	9
C2_B001369_B009009_S50			18	C2_B001369_B009009_S50	18_47_F	Thymus	False	1	False	C2_B001369_B009009_S50.mm10-plus-7-0	exact_library_id_plus_documented_alignment_suffix	C2_B001369_B009009_S50.mm10-plus-7-0-1	one_assay_suffix	18m	1	nan	DN4 thymocyte	nan	DN4 thymocyte	facs	18_47_F	2030751.0	2655.0	female	Thymus Flowthrough	Thymus	nan	6	5
C2_B002459_B007461_S50			18	C2_B002459_B007461_S50	18_46_F	Marrow	False	1	False	C2_B002459_B007461_S50.mm10-plus-8-0	exact_library_id_plus_documented_alignment_suffix	C2_B002459_B007461_S50.mm10-plus-8-0-1	one_assay_suffix	18m	1	nan	mature alpha-beta T cell	nan	BM CD8 + CD4 T cell	facs	18_46_F	1143678.0	3672.0	female	T cells	Marrow	nan	4	21
C2_B002466_B009898_S50			18	C2_B002466_B009898_S50	18_45_M	Lung	False	1	False	C2_B002466_B009898_S50.mm10-plus-4-0	exact_library_id_plus_documented_alignment_suffix	C2_B002466_B009898_S50.mm10-plus-4-0-1	one_assay_suffix	18m	1	nan	CD4-positive, alpha-beta T cell	nan	CD4+ T	facs	18_45_M	496866.0	1756.0	male	EPCAM	Lung	nan	6	5
C2_B002673_B007460_S50			18	C2_B002673_B007460_S50	18_53_M	Marrow	False	1	False	C2_B002673_B007460_S50.mm10-plus-7-0	exact_library_id_plus_documented_alignment_suffix	C2_B002673_B007460_S50.mm10-plus-7-0-1	one_assay_suffix	18m	1	nan	CD4-positive, alpha-beta T cell	nan	BM CD4 T cell	facs	18_53_M	1966057.0	1806.0	male	T cells	Marrow	nan	4	21
C2_B002709_B009018_S50	24.0	11.0	18	C2_B002709_B009018_S50	18_53_M	Spleen	True	11	True	C2_B002709_B009018_S50.mm10-plus-7-0	exact_library_id_plus_documented_alignment_suffix	C2_B002709_B009018_S50.mm10-plus-7-0-1	one_assay_suffix	18m	1	nan	CD8-positive, alpha-beta T cell	nan	nan	facs	18_53_M	1188207.0	2044.0	male	nan	Spleen	nan	4	9
C2_B002828_B007462_S50			18	C2_B002828_B007462_S50	18_47_F	Marrow	False	1	False	C2_B002828_B007462_S50.mm10-plus-6-0	exact_library_id_plus_documented_alignment_suffix	C2_B002828_B007462_S50.mm10-plus-6-0-1	one_assay_suffix	18m	1	nan	mature alpha-beta T cell	nan	BM CD8 + CD4 T cell	facs	18_47_F	730747.0	2174.0	female	T cells	Marrow	nan	4	9
C2_B003017_B009010_S50			18	C2_B003017_B009010_S50	18_45_M	Thymus	False	1	False	C2_B003017_B009010_S50.mm10-plus-7-0	exact_library_id_plus_documented_alignment_suffix	C2_B003017_B009010_S50.mm10-plus-7-0-1	one_assay_suffix	18m	1	nan	thymocyte	nan	DN to DP transition (most are Cd8+/ Cd4+, some undergoing VDJ recombination)	facs	18_45_M	586497.0	912.0	male	Thymus Flowthrough	Thymus	nan	21	23
C2_D045342_B009019_S50			18	C2_D045342_B009019_S50	18_45_M	Spleen	False	1	False	C2_D045342_B009019_S50.mm10-plus-0-0	exact_library_id_plus_documented_alignment_suffix	C2_D045342_B009019_S50.mm10-plus-0-0-1	one_assay_suffix	18m	1	nan	CD4-positive, alpha-beta T cell	nan	Cd3e T cell	facs	18_45_M	1351477.0	1354.0	male	nan	Spleen	nan	4	21
C3_B000236_B009007_S51			18	C3_B000236_B009007_S51	18_53_M	Thymus	False	1	False	C3_B000236_B009007_S51.mm10-plus-8-0	exact_library_id_plus_documented_alignment_suffix	C3_B000236_B009007_S51.mm10-plus-8-0-1	one_assay_suffix	18m	1	nan	DN4 thymocyte	nan	DN4 thymocyte	facs	18_53_M	461964.0	2469.0	male	Thymus Flowthrough	Thymus	nan	6	5
C3_B000524_B009242_S51	5.0	23.0	18	C3_B000524_B009242_S51	18_53_M	Trachea	True	20	True	C3_B000524_B009242_S51.mm10-plus-0-0	exact_library_id_plus_documented_alignment_suffix	C3_B000524_B009242_S51.mm10-plus-0-0-1	one_assay_suffix	18m	1	nan	T cell	nan	nan	facs	18_53_M	214629.0	1184.0	male	nan	Trachea	nan	4	9
C3_B001369_B009009_S51			18	C3_B001369_B009009_S51	18_47_F	Thymus	False	1	False	C3_B001369_B009009_S51.mm10-plus-7-0	exact_library_id_plus_documented_alignment_suffix	C3_B001369_B009009_S51.mm10-plus-7-0-1	one_assay_suffix	18m	1	nan	DN4 thymocyte	nan	DN4 thymocyte	facs	18_47_F	538641.0	2200.0	female	Thymus Flowthrough	Thymus	nan	6	5
C4_B000524_B009242_S52	5.0	23.0	18	C4_B000524_B009242_S52	18_53_M	Trachea	True	20	True	C4_B000524_B009242_S52.mm10-plus-0-0	exact_library_id_plus_documented_alignment_suffix	C4_B000524_B009242_S52.mm10-plus-0-0-1	one_assay_suffix	18m	1	nan	T cell	nan	nan	facs	18_53_M	267436.0	1188.0	male	nan	Trachea	nan	4	9
C4_B001369_B009009_S52			18	C4_B001369_B009009_S52	18_47_F	Thymus	False	1	False	C4_B001369_B009009_S52.mm10-plus-7-0	exact_library_id_plus_documented_alignment_suffix	C4_B001369_B009009_S52.mm10-plus-7-0-1	one_assay_suffix	18m	1	nan	DN4 thymocyte	nan	DN4 thymocyte	facs	18_47_F	522682.0	1931.0	female	Thymus Flowthrough	Thymus	nan	6	5
C4_B002459_B007461_S52			18	C4_B002459_B007461_S52	18_46_F	Marrow	False	1	False	C4_B002459_B007461_S52.mm10-plus-8-0	exact_library_id_plus_documented_alignment_suffix	C4_B002459_B007461_S52.mm10-plus-8-0-1	one_assay_suffix	18m	1	nan	naive B cell	nan	naïve B cell	facs	18_46_F	253695.0	2488.0	female	T cells	Marrow	nan	4	9
C4_B002466_B009898_S52			18	C4_B002466_B009898_S52	18_45_M	Lung	False	1	False	C4_B002466_B009898_S52.mm10-plus-4-0	exact_library_id_plus_documented_alignment_suffix	C4_B002466_B009898_S52.mm10-plus-4-0-1	one_assay_suffix	18m	1	nan	CD8-positive, alpha-beta T cell	nan	CD8+ T	facs	18_45_M	581368.0	1868.0	male	EPCAM	Lung	nan	6	5
C4_B002709_B009018_S52			18	C4_B002709_B009018_S52	18_53_M	Spleen	False	1	False	C4_B002709_B009018_S52.mm10-plus-7-0	exact_library_id_plus_documented_alignment_suffix	C4_B002709_B009018_S52.mm10-plus-7-0-1	one_assay_suffix	18m	1	nan	CD8-positive, alpha-beta T cell	nan	Cd3e T cell	facs	18_53_M	1616518.0	2177.0	male	nan	Spleen	nan	6	5
C4_B003007_B009008_S52	99.0	2.0	18	C4_B003007_B009008_S52	18_46_F	Thymus	True	2	True	C4_B003007_B009008_S52.mm10-plus-7-0	exact_library_id_plus_documented_alignment_suffix	C4_B003007_B009008_S52.mm10-plus-7-0-1	one_assay_suffix	18m	1	nan	DN4 thymocyte	nan	DN4 thymocyte	facs	18_46_F	1336145.0	2989.0	female	Thymus Flowthrough	Thymus	nan	4	9
C5_B000236_B009007_S53			18	C5_B000236_B009007_S53	18_53_M	Thymus	False	1	False	C5_B000236_B009007_S53.mm10-plus-8-0	exact_library_id_plus_documented_alignment_suffix	C5_B000236_B009007_S53.mm10-plus-8-0-1	one_assay_suffix	18m	1	nan	DN4 thymocyte	nan	DN4 thymocyte	facs	18_53_M	138061.0	838.0	male	Thymus Flowthrough	Thymus	nan	6	5
C5_B001369_B009009_S53			18	C5_B001369_B009009_S53	18_47_F	Thymus	False	1	False	C5_B001369_B009009_S53.mm10-plus-7-0	exact_library_id_plus_documented_alignment_suffix	C5_B001369_B009009_S53.mm10-plus-7-0-1	one_assay_suffix	18m	1	nan	DN4 thymocyte	nan	DN4 thymocyte	facs	18_47_F	1506183.0	2508.0	female	Thymus Flowthrough	Thymus	nan	6	5
C5_B002459_B007461_S53			18	C5_B002459_B007461_S53	18_46_F	Marrow	False	1	False	C5_B002459_B007461_S53.mm10-plus-8-0	exact_library_id_plus_documented_alignment_suffix	C5_B002459_B007461_S53.mm10-plus-8-0-1	one_assay_suffix	18m	1	nan	CD4-positive, alpha-beta T cell	nan	BM CD4 T cell	facs	18_46_F	1215704.0	3010.0	female	T cells	Marrow	nan	4	21
C5_B002709_B009018_S53			18	C5_B002709_B009018_S53	18_53_M	Spleen	False	1	False	C5_B002709_B009018_S53.mm10-plus-7-0	exact_library_id_plus_documented_alignment_suffix	C5_B002709_B009018_S53.mm10-plus-7-0-1	one_assay_suffix	18m	1	nan	CD4-positive, alpha-beta T cell	nan	Cd3e T cell	facs	18_53_M	1567534.0	1597.0	male	nan	Spleen	nan	4	21
C5_B002828_B007462_S53			18	C5_B002828_B007462_S53	18_47_F	Marrow	False	1	False	C5_B002828_B007462_S53.mm10-plus-6-0	exact_library_id_plus_documented_alignment_suffix	C5_B002828_B007462_S53.mm10-plus-6-0-1	one_assay_suffix	18m	1	nan	CD4-positive, alpha-beta T cell	nan	BM CD4 T cell	facs	18_47_F	262747.0	1804.0	female	T cells	Marrow	nan	4	21
C5_B003007_B009008_S53			18	C5_B003007_B009008_S53	18_46_F	Thymus	False	1	False	C5_B003007_B009008_S53.mm10-plus-7-0	exact_library_id_plus_documented_alignment_suffix	C5_B003007_B009008_S53.mm10-plus-7-0-1	one_assay_suffix	18m	1	nan	thymocyte	nan	proliferating thymocyte; DN to DP transition, dividing (some are Cd8+/ Cd4+, some undergoing VDJ recombination)	facs	18_46_F	897426.0	2719.0	female	Thymus Flowthrough	Thymus	nan	6	5
C5_B003017_B009010_S53			18	C5_B003017_B009010_S53	18_45_M	Thymus	False	1	False	C5_B003017_B009010_S53.mm10-plus-7-0	exact_library_id_plus_documented_alignment_suffix	C5_B003017_B009010_S53.mm10-plus-7-0-1	one_assay_suffix	18m	1	nan	thymocyte	nan	DN to DP transition (most are Cd8+/ Cd4+, some undergoing VDJ recombination)	facs	18_45_M	1453463.0	947.0	male	Thymus Flowthrough	Thymus	nan	21	23
C6_B000524_B009242_S54	5.0	23.0	18	C6_B000524_B009242_S54	18_53_M	Trachea	True	20	True	C6_B000524_B009242_S54.mm10-plus-0-0	exact_library_id_plus_documented_alignment_suffix	C6_B000524_B009242_S54.mm10-plus-0-0-1	one_assay_suffix	18m	1	nan	T cell	nan	nan	facs	18_53_M	221118.0	1035.0	male	nan	Trachea	nan	4	9
C6_B001369_B009009_S54			18	C6_B001369_B009009_S54	18_47_F	Thymus	False	1	False	C6_B001369_B009009_S54.mm10-plus-7-0	exact_library_id_plus_documented_alignment_suffix	C6_B001369_B009009_S54.mm10-plus-7-0-1	one_assay_suffix	18m	1	nan	DN4 thymocyte	nan	DN4 thymocyte	facs	18_47_F	1454387.0	2087.0	female	Thymus Flowthrough	Thymus	nan	6	5
C6_B002452_B009020_S54			18	C6_B002452_B009020_S54	18_47_F	Spleen	False	1	False	C6_B002452_B009020_S54.mm10-plus-0-0	exact_library_id_plus_documented_alignment_suffix	C6_B002452_B009020_S54.mm10-plus-0-0-1	one_assay_suffix	18m	1	nan	CD4-positive, alpha-beta T cell	nan	Cd3e T cell	facs	18_47_F	586754.0	2697.0	female	nan	Spleen	nan	6	5
C6_B002459_B007461_S54			18	C6_B002459_B007461_S54	18_46_F	Marrow	False	1	False	C6_B002459_B007461_S54.mm10-plus-8-0	exact_library_id_plus_documented_alignment_suffix	C6_B002459_B007461_S54.mm10-plus-8-0-1	one_assay_suffix	18m	1	nan	CD4-positive, alpha-beta T cell	nan	BM CD4 T cell	facs	18_46_F	964590.0	2542.0	female	T cells	Marrow	nan	4	21
C6_B003017_B009010_S54			18	C6_B003017_B009010_S54	18_45_M	Thymus	False	1	False	C6_B003017_B009010_S54.mm10-plus-7-0	exact_library_id_plus_documented_alignment_suffix	C6_B003017_B009010_S54.mm10-plus-7-0-1	one_assay_suffix	18m	1	nan	thymocyte	nan	DN to DP transition (most are Cd8+/ Cd4+, some undergoing VDJ recombination)	facs	18_45_M	1953765.0	980.0	male	Thymus Flowthrough	Thymus	nan	21	23
C7_B000524_B009242_S55	5.0	23.0	18	C7_B000524_B009242_S55	18_53_M	Trachea	True	20	True	C7_B000524_B009242_S55.mm10-plus-0-0	exact_library_id_plus_documented_alignment_suffix	C7_B000524_B009242_S55.mm10-plus-0-0-1	one_assay_suffix	18m	1	nan	T cell	nan	nan	facs	18_53_M	240158.0	1163.0	male	nan	Trachea	nan	4	9
C7_B000750_B007346_S55			18	C7_B000750_B007346_S55	18_45_M	Trachea	False	1	False	C7_B000750_B007346_S55.mm10-plus-8-0	exact_library_id_plus_documented_alignment_suffix	C7_B000750_B007346_S55.mm10-plus-8-0-1	one_assay_suffix	18m	1	nan	T cell	nan	nan	facs	18_45_M	2498461.0	1041.0	male	nan	Trachea	nan	4	21
C7_B000767_B009945_S55			18	C7_B000767_B009945_S55	18_46_F	Liver	False	1	False	C7_B000767_B009945_S55.mm10-plus-4-0	exact_library_id_plus_documented_alignment_suffix	C7_B000767_B009945_S55.mm10-plus-4-0-1	one_assay_suffix	18m	1	nan	mature NK T cell	nan	nan	facs	18_46_F	4363183.0	2417.0	female	Liver non-hepato/SCs	Liver	nan	4	9
C7_B001369_B009009_S55			18	C7_B001369_B009009_S55	18_47_F	Thymus	False	1	False	C7_B001369_B009009_S55.mm10-plus-7-0	exact_library_id_plus_documented_alignment_suffix	C7_B001369_B009009_S55.mm10-plus-7-0-1	one_assay_suffix	18m	1	nan	DN4 thymocyte	nan	DN4 thymocyte	facs	18_47_F	506162.0	2382.0	female	Thymus Flowthrough	Thymus	nan	6	5
C7_B003017_B009010_S55			18	C7_B003017_B009010_S55	18_45_M	Thymus	False	1	False	C7_B003017_B009010_S55.mm10-plus-7-0	exact_library_id_plus_documented_alignment_suffix	C7_B003017_B009010_S55.mm10-plus-7-0-1	one_assay_suffix	18m	1	nan	thymocyte	nan	DN to DP transition (most are Cd8+/ Cd4+, some undergoing VDJ recombination)	facs	18_45_M	1468495.0	957.0	male	Thymus Flowthrough	Thymus	nan	21	23
C8_B000236_B009007_S56			18	C8_B000236_B009007_S56	18_53_M	Thymus	False	1	False	C8_B000236_B009007_S56.mm10-plus-8-0	exact_library_id_plus_documented_alignment_suffix	C8_B000236_B009007_S56.mm10-plus-8-0-1	one_assay_suffix	18m	1	nan	DN4 thymocyte	nan	DN4 thymocyte	facs	18_53_M	629305.0	1641.0	male	Thymus Flowthrough	Thymus	nan	4	21
C8_B000524_B009242_S56	5.0	23.0	18	C8_B000524_B009242_S56	18_53_M	Trachea	True	20	True	C8_B000524_B009242_S56.mm10-plus-0-0	exact_library_id_plus_documented_alignment_suffix	C8_B000524_B009242_S56.mm10-plus-0-0-1	one_assay_suffix	18m	1	nan	T cell	nan	nan	facs	18_53_M	182007.0	1222.0	male	nan	Trachea	nan	4	9
C8_B000794_B008549_S56	70.0	2.0	18	C8_B000794_B008549_S56	18_47_F	GAT	True	2	True	C8_B000794_B008549_S56.mm10-plus-3-0	exact_library_id_plus_documented_alignment_suffix	C8_B000794_B008549_S56.mm10-plus-3-0-1	one_assay_suffix	18m	1	nan	CD4-positive, alpha-beta T cell	nan	nan	facs	18_47_F	826809.0	1939.0	female	Fat	GAT	nan	4	21
C8_B001369_B009009_S56			18	C8_B001369_B009009_S56	18_47_F	Thymus	False	1	False	C8_B001369_B009009_S56.mm10-plus-7-0	exact_library_id_plus_documented_alignment_suffix	C8_B001369_B009009_S56.mm10-plus-7-0-1	one_assay_suffix	18m	1	nan	DN4 thymocyte	nan	DN4 thymocyte	facs	18_47_F	659777.0	1791.0	female	Thymus Flowthrough	Thymus	nan	6	5
C8_B002843_B009897_S56			18	C8_B002843_B009897_S56	18_47_F	Lung	False	1	False	C8_B002843_B009897_S56.mm10-plus-6-0	exact_library_id_plus_documented_alignment_suffix	C8_B002843_B009897_S56.mm10-plus-6-0-1	one_assay_suffix	18m	1	nan	regulatory T cell	nan	Regulatory T	facs	18_47_F	597613.0	1658.0	female	EPCAM	Lung	nan	4	21
C8_B003007_B009008_S56	18.0	8.0	18	C8_B003007_B009008_S56	18_46_F	Thymus	True	5	True	C8_B003007_B009008_S56.mm10-plus-7-0	exact_library_id_plus_documented_alignment_suffix	C8_B003007_B009008_S56.mm10-plus-7-0-1	one_assay_suffix	18m	1	nan	DN4 thymocyte	nan	DN4 thymocyte	facs	18_46_F	836634.0	1865.0	female	Thymus Flowthrough	Thymus	nan	4	21
C9_B000236_B009007_S57			18	C9_B000236_B009007_S57	18_53_M	Thymus	False	1	False	C9_B000236_B009007_S57.mm10-plus-8-0	exact_library_id_plus_documented_alignment_suffix	C9_B000236_B009007_S57.mm10-plus-8-0-1	one_assay_suffix	18m	1	nan	DN4 thymocyte	nan	DN4 thymocyte	facs	18_53_M	1396068.0	2984.0	male	Thymus Flowthrough	Thymus	nan	4	21
C9_B000524_B009242_S57	5.0	23.0	18	C9_B000524_B009242_S57	18_53_M	Trachea	True	20	True	C9_B000524_B009242_S57.mm10-plus-0-0	exact_library_id_plus_documented_alignment_suffix	C9_B000524_B009242_S57.mm10-plus-0-0-1	one_assay_suffix	18m	1	nan	T cell	nan	nan	facs	18_53_M	190352.0	1298.0	male	nan	Trachea	nan	4	9
C9_B002828_B007462_S57			18	C9_B002828_B007462_S57	18_47_F	Marrow	False	1	False	C9_B002828_B007462_S57.mm10-plus-6-0	exact_library_id_plus_documented_alignment_suffix	C9_B002828_B007462_S57.mm10-plus-6-0-1	one_assay_suffix	18m	1	nan	CD4-positive, alpha-beta T cell	nan	BM CD4 T cell	facs	18_47_F	721936.0	2628.0	female	T cells	Marrow	nan	4	48
D10_B000236_B009007_S82			18	D10_B000236_B009007_S82	18_53_M	Thymus	False	1	False	D10_B000236_B009007_S82.mm10-plus-8-0	exact_library_id_plus_documented_alignment_suffix	D10_B000236_B009007_S82.mm10-plus-8-0-1	one_assay_suffix	18m	1	nan	DN4 thymocyte	nan	DN4 thymocyte	facs	18_53_M	600644.0	1783.0	male	Thymus Flowthrough	Thymus	nan	6	5
D10_B000263_B007344_S82	123.0	4.0	18	D10_B000263_B007344_S82	18_46_F	Trachea	True	3	True	D10_B000263_B007344_S82.mm10-plus-7-0	exact_library_id_plus_documented_alignment_suffix	D10_B000263_B007344_S82.mm10-plus-7-0-1	one_assay_suffix	18m	1	nan	T cell	nan	nan	facs	18_46_F	2559809.0	2344.0	female	nan	Trachea	nan	4	9
D10_B000490_B009961_S82			18	D10_B000490_B009961_S82	18_47_F	Heart	False	1	False	D10_B000490_B009961_S82.mm10-plus-6-0	exact_library_id_plus_documented_alignment_suffix	D10_B000490_B009961_S82.mm10-plus-6-0-1	one_assay_suffix	18m	1	nan	T cell	nan	T cell	facs	18_47_F	340118.0	1189.0	female	LA	Heart	nan	4	21
D10_B000805_B008544_S82			18	D10_B000805_B008544_S82	18_46_F	SCAT	False	1	False	D10_B000805_B008544_S82.mm10-plus-3-0	exact_library_id_plus_documented_alignment_suffix	D10_B000805_B008544_S82.mm10-plus-3-0-1	one_assay_suffix	18m	1	nan	CD8-positive, alpha-beta T cell	nan	nan	facs	18_46_F	743249.0	1727.0	female	Fat	SCAT	nan	4	9
D10_B001369_B009009_S82			18	D10_B001369_B009009_S82	18_47_F	Thymus	False	1	False	D10_B001369_B009009_S82.mm10-plus-7-0	exact_library_id_plus_documented_alignment_suffix	D10_B001369_B009009_S82.mm10-plus-7-0-1	one_assay_suffix	18m	1	nan	DN4 thymocyte	nan	DN4 thymocyte	facs	18_47_F	1344961.0	1683.0	female	Thymus Flowthrough	Thymus	nan	6	5
D10_B003007_B009008_S82			18	D10_B003007_B009008_S82	18_46_F	Thymus	False	1	False	D10_B003007_B009008_S82.mm10-plus-7-0	exact_library_id_plus_documented_alignment_suffix	D10_B003007_B009008_S82.mm10-plus-7-0-1	one_assay_suffix	18m	1	nan	DN4 thymocyte	nan	DN4 thymocyte	facs	18_46_F	1114881.0	1837.0	female	Thymus Flowthrough	Thymus	nan	6	5
D11_B000236_B009007_S83			18	D11_B000236_B009007_S83	18_53_M	Thymus	False	1	False	D11_B000236_B009007_S83.mm10-plus-8-0	exact_library_id_plus_documented_alignment_suffix	D11_B000236_B009007_S83.mm10-plus-8-0-1	one_assay_suffix	18m	1	nan	DN4 thymocyte	nan	DN4 thymocyte	facs	18_53_M	932221.0	2053.0	male	Thymus Flowthrough	Thymus	nan	6	5
D11_B000805_B008544_S83	19.0	10.0	18	D11_B000805_B008544_S83	18_46_F	SCAT	True	9	True	D11_B000805_B008544_S83.mm10-plus-3-0	exact_library_id_plus_documented_alignment_suffix	D11_B000805_B008544_S83.mm10-plus-3-0-1	one_assay_suffix	18m	1	nan	CD8-positive, alpha-beta T cell	nan	nan	facs	18_46_F	629771.0	1770.0	female	Fat	SCAT	nan	4	9
D11_B000806_B008540_S83			18	D11_B000806_B008540_S83	18_46_F	MAT	False	1	False	D11_B000806_B008540_S83.mm10-plus-6-0	exact_library_id_plus_documented_alignment_suffix	D11_B000806_B008540_S83.mm10-plus-6-0-1	one_assay_suffix	18m	1	nan	CD8-positive, alpha-beta T cell	nan	nan	facs	18_46_F	872572.0	2131.0	female	Fat	MAT	nan	4	9
D11_B001369_B009009_S83			18	D11_B001369_B009009_S83	18_47_F	Thymus	False	1	False	D11_B001369_B009009_S83.mm10-plus-7-0	exact_library_id_plus_documented_alignment_suffix	D11_B001369_B009009_S83.mm10-plus-7-0-1	one_assay_suffix	18m	1	nan	DN4 thymocyte	nan	DN4 thymocyte	facs	18_47_F	776408.0	2156.0	female	Thymus Flowthrough	Thymus	nan	6	5
D11_B002508_B009949_S83	87.0	5.0	18	D11_B002508_B009949_S83	18_45_M	Kidney	True	4	True	D11_B002508_B009949_S83.mm10-plus-4-0	exact_library_id_plus_documented_alignment_suffix	D11_B002508_B009949_S83.mm10-plus-4-0-1	one_assay_suffix	18m	1	nan	kidney collecting duct epithelial cell	nan	kidney collecting duct epithelial cell	facs	18_45_M	3202861.0	3456.0	male	nan	Kidney	nan	8	40
D11_B003017_B009010_S83			18	D11_B003017_B009010_S83	18_45_M	Thymus	False	1	False	D11_B003017_B009010_S83.mm10-plus-7-0	exact_library_id_plus_documented_alignment_suffix	D11_B003017_B009010_S83.mm10-plus-7-0-1	one_assay_suffix	18m	1	nan	thymocyte	nan	proliferating thymocyte; DN to DP transition, dividing (some are Cd8+/ Cd4+, some undergoing VDJ recombination)	facs	18_45_M	2449091.0	2320.0	male	Thymus Flowthrough	Thymus	nan	21	23
D12_B000236_B009007_S84			18	D12_B000236_B009007_S84	18_53_M	Thymus	False	1	False	D12_B000236_B009007_S84.mm10-plus-8-0	exact_library_id_plus_documented_alignment_suffix	D12_B000236_B009007_S84.mm10-plus-8-0-1	one_assay_suffix	18m	1	nan	thymocyte	nan	DN to DP transition (most are Cd8+/ Cd4+, some undergoing VDJ recombination)	facs	18_53_M	300349.0	1032.0	male	Thymus Flowthrough	Thymus	nan	21	23
D12_B000477_B008543_S84			18	D12_B000477_B008543_S84	18_53_M	MAT	False	1	False	D12_B000477_B008543_S84.mm10-plus-6-0	exact_library_id_plus_documented_alignment_suffix	D12_B000477_B008543_S84.mm10-plus-6-0-1	one_assay_suffix	18m	1	nan	CD8-positive, alpha-beta T cell	nan	nan	facs	18_53_M	443636.0	1175.0	male	Fat	MAT	nan	4	21
D12_B000788_B008433_S84	57.0	4.0	18	D12_B000788_B008433_S84	18_46_F	BAT	True	2	True	D12_B000788_B008433_S84.mm10-plus-6-0	exact_library_id_plus_documented_alignment_suffix	D12_B000788_B008433_S84.mm10-plus-6-0-1	one_assay_suffix	18m	1	nan	NK cell	nan	nan	facs	18_46_F	2638267.0	3738.0	female	Fat	BAT	nan	4	9
D12_B000794_B008549_S84			18	D12_B000794_B008549_S84	18_47_F	GAT	False	1	False	D12_B000794_B008549_S84.mm10-plus-3-0	exact_library_id_plus_documented_alignment_suffix	D12_B000794_B008549_S84.mm10-plus-3-0-1	one_assay_suffix	18m	1	nan	CD8-positive, alpha-beta T cell	nan	nan	facs	18_47_F	309107.0	1737.0	female	Fat	GAT	nan	6	5
D12_B000806_B008540_S84			18	D12_B000806_B008540_S84	18_46_F	MAT	False	1	False	D12_B000806_B008540_S84.mm10-plus-6-0	exact_library_id_plus_documented_alignment_suffix	D12_B000806_B008540_S84.mm10-plus-6-0-1	one_assay_suffix	18m	1	nan	CD8-positive, alpha-beta T cell	nan	nan	facs	18_46_F	640481.0	1706.0	female	Fat	MAT	nan	4	9
D12_B000808_B008541_S84	100.0	7.0	18	D12_B000808_B008541_S84	18_47_F	SCAT	True	6	True	D12_B000808_B008541_S84.mm10-plus-6-0	exact_library_id_plus_documented_alignment_suffix	D12_B000808_B008541_S84.mm10-plus-6-0-1	one_assay_suffix	18m	1	nan	CD8-positive, alpha-beta T cell	nan	nan	facs	18_47_F	478455.0	1472.0	female	Fat	SCAT	nan	4	9
D12_B001369_B009009_S84			18	D12_B001369_B009009_S84	18_47_F	Thymus	False	1	False	D12_B001369_B009009_S84.mm10-plus-7-0	exact_library_id_plus_documented_alignment_suffix	D12_B001369_B009009_S84.mm10-plus-7-0-1	one_assay_suffix	18m	1	nan	DN4 thymocyte	nan	DN4 thymocyte	facs	18_47_F	1122834.0	3109.0	female	Thymus Flowthrough	Thymus	nan	6	5
D12_B002709_B009018_S84			18	D12_B002709_B009018_S84	18_53_M	Spleen	False	1	False	D12_B002709_B009018_S84.mm10-plus-7-0	exact_library_id_plus_documented_alignment_suffix	D12_B002709_B009018_S84.mm10-plus-7-0-1	one_assay_suffix	18m	1	nan	CD4-positive, alpha-beta T cell	nan	Cd3e T cell	facs	18_53_M	809746.0	1401.0	male	nan	Spleen	nan	6	5
D12_B003007_B009008_S84	5.0	23.0	18	D12_B003007_B009008_S84	18_46_F	Thymus	True	2	True	D12_B003007_B009008_S84.mm10-plus-7-0	exact_library_id_plus_documented_alignment_suffix	D12_B003007_B009008_S84.mm10-plus-7-0-1	one_assay_suffix	18m	1	nan	DN4 thymocyte	nan	DN4 thymocyte	facs	18_46_F	1510002.0	2533.0	female	Thymus Flowthrough	Thymus	nan	4	9
D13_B000236_B009007_S85			18	D13_B000236_B009007_S85	18_53_M	Thymus	False	1	False	D13_B000236_B009007_S85.mm10-plus-8-0	exact_library_id_plus_documented_alignment_suffix	D13_B000236_B009007_S85.mm10-plus-8-0-1	one_assay_suffix	18m	1	nan	thymocyte	nan	DN to DP transition (most are Cd8+/ Cd4+, some undergoing VDJ recombination)	facs	18_53_M	428638.0	1162.0	male	Thymus Flowthrough	Thymus	nan	21	23
D13_B000505_B008435_S85			18	D13_B000505_B008435_S85	18_45_M	GAT	False	1	False	D13_B000505_B008435_S85.mm10-plus-8-0	exact_library_id_plus_documented_alignment_suffix	D13_B000505_B008435_S85.mm10-plus-8-0-1	one_assay_suffix	18m	1	nan	CD4-positive, alpha-beta T cell	nan	nan	facs	18_45_M	333525.0	1495.0	male	Fat	GAT	nan	6	5
D13_B003017_B009010_S85			18	D13_B003017_B009010_S85	18_45_M	Thymus	False	1	False	D13_B003017_B009010_S85.mm10-plus-7-0	exact_library_id_plus_documented_alignment_suffix	D13_B003017_B009010_S85.mm10-plus-7-0-1	one_assay_suffix	18m	1	nan	thymocyte	nan	DN to DP transition (most are Cd8+/ Cd4+, some undergoing VDJ recombination)	facs	18_45_M	1327667.0	835.0	male	Thymus Flowthrough	Thymus	nan	21	23
D13_D045405_B009854_S85	113.0	4.0	18	D13_D045405_B009854_S85	18_45_M	Marrow	True	4	True	D13_D045405_B009854_S85.mm10-plus-6-0	exact_library_id_plus_documented_alignment_suffix	D13_D045405_B009854_S85.mm10-plus-6-0-1	one_assay_suffix	18m	1	nan	mature alpha-beta T cell	nan	BM CD8 + CD4 T cell	facs	18_45_M	601058.0	1916.0	male	T cells	Marrow	nan	4	9
D14_B000236_B009007_S86			18	D14_B000236_B009007_S86	18_53_M	Thymus	False	1	False	D14_B000236_B009007_S86.mm10-plus-8-0	exact_library_id_plus_documented_alignment_suffix	D14_B000236_B009007_S86.mm10-plus-8-0-1	one_assay_suffix	18m	1	nan	thymocyte	nan	DN to DP transition (most are Cd8+/ Cd4+, some undergoing VDJ recombination)	facs	18_53_M	488663.0	1407.0	male	Thymus Flowthrough	Thymus	nan	21	23
D14_B000477_B008543_S86	94.0	9.0	18	D14_B000477_B008543_S86	18_53_M	MAT	True	1	False	D14_B000477_B008543_S86.mm10-plus-6-0	exact_library_id_plus_documented_alignment_suffix	D14_B000477_B008543_S86.mm10-plus-6-0-1	one_assay_suffix	18m	1	nan	CD8-positive, alpha-beta T cell	nan	nan	facs	18_53_M	234436.0	1482.0	male	Fat	MAT	nan	4	21
D14_B000490_B009961_S86	63.0	3.0	18	D14_B000490_B009961_S86	18_47_F	Heart	True	2	True	D14_B000490_B009961_S86.mm10-plus-6-0	exact_library_id_plus_documented_alignment_suffix	D14_B000490_B009961_S86.mm10-plus-6-0-1	one_assay_suffix	18m	1	nan	T cell	nan	T cell	facs	18_47_F	832940.0	1875.0	female	LA	Heart	nan	4	9
D14_B000795_B008545_S86			18	D14_B000795_B008545_S86	18_47_F	MAT	False	1	False	D14_B000795_B008545_S86.mm10-plus-3-0	exact_library_id_plus_documented_alignment_suffix	D14_B000795_B008545_S86.mm10-plus-3-0-1	one_assay_suffix	18m	1	nan	CD4-positive, alpha-beta T cell	nan	nan	facs	18_47_F	277481.0	1549.0	female	Fat	MAT	nan	4	21
D14_B000806_B008540_S86			18	D14_B000806_B008540_S86	18_46_F	MAT	False	1	False	D14_B000806_B008540_S86.mm10-plus-6-0	exact_library_id_plus_documented_alignment_suffix	D14_B000806_B008540_S86.mm10-plus-6-0-1	one_assay_suffix	18m	1	nan	CD4-positive, alpha-beta T cell	nan	nan	facs	18_46_F	445797.0	1337.0	female	Fat	MAT	nan	6	5
D14_B000814_B008548_S86			18	D14_B000814_B008548_S86	18_46_F	GAT	False	1	False	D14_B000814_B008548_S86.mm10-plus-6-0	exact_library_id_plus_documented_alignment_suffix	D14_B000814_B008548_S86.mm10-plus-6-0-1	one_assay_suffix	18m	1	nan	CD4-positive, alpha-beta T cell	nan	nan	facs	18_46_F	629490.0	1373.0	female	Fat	GAT	nan	6	5
D14_B001369_B009009_S86			18	D14_B001369_B009009_S86	18_47_F	Thymus	False	1	False	D14_B001369_B009009_S86.mm10-plus-7-0	exact_library_id_plus_documented_alignment_suffix	D14_B001369_B009009_S86.mm10-plus-7-0-1	one_assay_suffix	18m	1	nan	DN4 thymocyte	nan	DN4 thymocyte	facs	18_47_F	2388387.0	2426.0	female	Thymus Flowthrough	Thymus	nan	6	5
D14_B002459_B007461_S86	139.0	2.0	18	D14_B002459_B007461_S86	18_46_F	Marrow	True	2	True	D14_B002459_B007461_S86.mm10-plus-8-0	exact_library_id_plus_documented_alignment_suffix	D14_B002459_B007461_S86.mm10-plus-8-0-1	one_assay_suffix	18m	1	nan	naive B cell	nan	naïve B cell	facs	18_46_F	329315.0	3373.0	female	T cells	Marrow	nan	4	9
D14_B003007_B009008_S86	68.0	3.0	18	D14_B003007_B009008_S86	18_46_F	Thymus	True	1	False	D14_B003007_B009008_S86.mm10-plus-7-0	exact_library_id_plus_documented_alignment_suffix	D14_B003007_B009008_S86.mm10-plus-7-0-1	one_assay_suffix	18m	1	nan	DN4 thymocyte	nan	DN4 thymocyte	facs	18_46_F	1311472.0	2557.0	female	Thymus Flowthrough	Thymus	nan	4	9
D15_B000805_B008544_S87			18	D15_B000805_B008544_S87	18_46_F	SCAT	False	1	False	D15_B000805_B008544_S87.mm10-plus-3-0	exact_library_id_plus_documented_alignment_suffix	D15_B000805_B008544_S87.mm10-plus-3-0-1	one_assay_suffix	18m	1	nan	CD8-positive, alpha-beta T cell	nan	nan	facs	18_46_F	692985.0	2021.0	female	Fat	SCAT	nan	4	9
D15_B001369_B009009_S87			18	D15_B001369_B009009_S87	18_47_F	Thymus	False	1	False	D15_B001369_B009009_S87.mm10-plus-7-0	exact_library_id_plus_documented_alignment_suffix	D15_B001369_B009009_S87.mm10-plus-7-0-1	one_assay_suffix	18m	1	nan	DN4 thymocyte	nan	DN4 thymocyte	facs	18_47_F	832508.0	1945.0	female	Thymus Flowthrough	Thymus	nan	6	5
D15_B002452_B009020_S87			18	D15_B002452_B009020_S87	18_47_F	Spleen	False	1	False	D15_B002452_B009020_S87.mm10-plus-0-0	exact_library_id_plus_documented_alignment_suffix	D15_B002452_B009020_S87.mm10-plus-0-0-1	one_assay_suffix	18m	1	nan	CD8-positive, alpha-beta T cell	nan	Cd3e T cell	facs	18_47_F	819464.0	2990.0	female	nan	Spleen	nan	4	9
D15_B003017_B009010_S87			18	D15_B003017_B009010_S87	18_45_M	Thymus	False	1	False	D15_B003017_B009010_S87.mm10-plus-7-0	exact_library_id_plus_documented_alignment_suffix	D15_B003017_B009010_S87.mm10-plus-7-0-1	one_assay_suffix	18m	1	nan	thymocyte	nan	DN to DP transition (most are Cd8+/ Cd4+, some undergoing VDJ recombination)	facs	18_45_M	1108511.0	1244.0	male	Thymus Flowthrough	Thymus	nan	21	23
D15_D045405_B009854_S87			18	D15_D045405_B009854_S87	18_45_M	Marrow	False	1	False	D15_D045405_B009854_S87.mm10-plus-6-0	exact_library_id_plus_documented_alignment_suffix	D15_D045405_B009854_S87.mm10-plus-6-0-1	one_assay_suffix	18m	1	nan	promonocyte	nan	monocyte + promonocyte	facs	18_45_M	1127074.0	3255.0	male	T cells	Marrow	nan	4	48
D16_B000236_B009007_S88			18	D16_B000236_B009007_S88	18_53_M	Thymus	False	1	False	D16_B000236_B009007_S88.mm10-plus-8-0	exact_library_id_plus_documented_alignment_suffix	D16_B000236_B009007_S88.mm10-plus-8-0-1	one_assay_suffix	18m	1	nan	thymocyte	nan	DN to DP transition (most are Cd8+/ Cd4+, some undergoing VDJ recombination)	facs	18_53_M	385084.0	742.0	male	Thymus Flowthrough	Thymus	nan	6	23
D16_B000505_B008435_S88			18	D16_B000505_B008435_S88	18_45_M	GAT	False	1	False	D16_B000505_B008435_S88.mm10-plus-8-0	exact_library_id_plus_documented_alignment_suffix	D16_B000505_B008435_S88.mm10-plus-8-0-1	one_assay_suffix	18m	1	nan	CD8-positive, alpha-beta T cell	nan	nan	facs	18_45_M	838291.0	1763.0	male	Fat	GAT	nan	4	9
D16_B000805_B008544_S88	74.0	2.0	18	D16_B000805_B008544_S88	18_46_F	SCAT	True	2	True	D16_B000805_B008544_S88.mm10-plus-3-0	exact_library_id_plus_documented_alignment_suffix	D16_B000805_B008544_S88.mm10-plus-3-0-1	one_assay_suffix	18m	1	nan	CD8-positive, alpha-beta T cell	nan	nan	facs	18_46_F	949852.0	1982.0	female	Fat	SCAT	nan	4	9
D16_B000808_B008541_S88	127.0	2.0	18	D16_B000808_B008541_S88	18_47_F	SCAT	True	2	True	D16_B000808_B008541_S88.mm10-plus-6-0	exact_library_id_plus_documented_alignment_suffix	D16_B000808_B008541_S88.mm10-plus-6-0-1	one_assay_suffix	18m	1	nan	CD4-positive, alpha-beta T cell	nan	nan	facs	18_47_F	629555.0	2269.0	female	Fat	SCAT	nan	40	47
D16_B003007_B009008_S88	95.0	5.0	18	D16_B003007_B009008_S88	18_46_F	Thymus	True	3	True	D16_B003007_B009008_S88.mm10-plus-7-0	exact_library_id_plus_documented_alignment_suffix	D16_B003007_B009008_S88.mm10-plus-7-0-1	one_assay_suffix	18m	1	nan	thymocyte	nan	proliferating thymocyte; DN to DP transition, dividing (some are Cd8+/ Cd4+, some undergoing VDJ recombination)	facs	18_46_F	538059.0	1192.0	female	Thymus Flowthrough	Thymus	nan	21	23
D16_B003017_B009010_S88			18	D16_B003017_B009010_S88	18_45_M	Thymus	False	1	False	D16_B003017_B009010_S88.mm10-plus-7-0	exact_library_id_plus_documented_alignment_suffix	D16_B003017_B009010_S88.mm10-plus-7-0-1	one_assay_suffix	18m	1	nan	thymocyte	nan	DN to DP transition (most are Cd8+/ Cd4+, some undergoing VDJ recombination)	facs	18_45_M	1055079.0	884.0	male	Thymus Flowthrough	Thymus	nan	21	23
D17_B000236_B009007_S89			18	D17_B000236_B009007_S89	18_53_M	Thymus	False	1	False	D17_B000236_B009007_S89.mm10-plus-8-0	exact_library_id_plus_documented_alignment_suffix	D17_B000236_B009007_S89.mm10-plus-8-0-1	one_assay_suffix	18m	1	nan	thymocyte	nan	DN to DP transition (most are Cd8+/ Cd4+, some undergoing VDJ recombination)	facs	18_53_M	471289.0	1056.0	male	Thymus Flowthrough	Thymus	nan	21	23
D17_B000490_B009961_S89			18	D17_B000490_B009961_S89	18_47_F	Heart	False	1	False	D17_B000490_B009961_S89.mm10-plus-6-0	exact_library_id_plus_documented_alignment_suffix	D17_B000490_B009961_S89.mm10-plus-6-0-1	one_assay_suffix	18m	1	nan	T cell	nan	T cell	facs	18_47_F	1020501.0	1389.0	female	LA	Heart	nan	4	9
D17_B001363_B009260_S29			18	D17_B001363_B009260_S29	18_46_F	Brain_Non-Myeloid	False	1	False	D17_B001363_B009260_S29.mm10-plus-1-0	exact_library_id_plus_documented_alignment_suffix	D17_B001363_B009260_S29.mm10-plus-1-0-1	one_assay_suffix	18m	1	nan	CD8-positive, alpha-beta T cell	nan	nan	facs	18_46_F	3184383.0	2237.0	female	Cerebellum 	Brain_Non-Myeloid	nan	4	21
D17_B002459_B007461_S89	0.0	2.0	18	D17_B002459_B007461_S89	18_46_F	Marrow	True	2	True	D17_B002459_B007461_S89.mm10-plus-8-0	exact_library_id_plus_documented_alignment_suffix	D17_B002459_B007461_S89.mm10-plus-8-0-1	one_assay_suffix	18m	1	nan	megakaryocyte-erythroid progenitor cell	nan	megakaryocyte-erythroid progenitor cell	facs	18_46_F	633353.0	7849.0	female	T cells	Marrow	nan	2	22
D17_B002709_B009018_S89			18	D17_B002709_B009018_S89	18_53_M	Spleen	False	1	False	D17_B002709_B009018_S89.mm10-plus-7-0	exact_library_id_plus_documented_alignment_suffix	D17_B002709_B009018_S89.mm10-plus-7-0-1	one_assay_suffix	18m	1	nan	CD8-positive, alpha-beta T cell	nan	Cd3e T cell	facs	18_53_M	981993.0	1607.0	male	nan	Spleen	nan	6	5
D17_B003007_B009008_S89			18	D17_B003007_B009008_S89	18_46_F	Thymus	False	1	False	D17_B003007_B009008_S89.mm10-plus-7-0	exact_library_id_plus_documented_alignment_suffix	D17_B003007_B009008_S89.mm10-plus-7-0-1	one_assay_suffix	18m	1	nan	DN4 thymocyte	nan	DN4 thymocyte	facs	18_46_F	1326719.0	1727.0	female	Thymus Flowthrough	Thymus	nan	6	5
D17_B003017_B009010_S89			18	D17_B003017_B009010_S89	18_45_M	Thymus	False	1	False	D17_B003017_B009010_S89.mm10-plus-7-0	exact_library_id_plus_documented_alignment_suffix	D17_B003017_B009010_S89.mm10-plus-7-0-1	one_assay_suffix	18m	1	nan	thymocyte	nan	DN to DP transition (most are Cd8+/ Cd4+, some undergoing VDJ recombination)	facs	18_45_M	2084229.0	1027.0	male	Thymus Flowthrough	Thymus	nan	21	23
D17_D045405_B009854_S89	83.0	2.0	18	D17_D045405_B009854_S89	18_45_M	Marrow	True	2	True	D17_D045405_B009854_S89.mm10-plus-6-0	exact_library_id_plus_documented_alignment_suffix	D17_D045405_B009854_S89.mm10-plus-6-0-1	one_assay_suffix	18m	1	nan	CD4-positive, alpha-beta T cell	nan	BM CD4 T cell	facs	18_45_M	281613.0	1601.0	male	T cells	Marrow	nan	4	21
D18_B000236_B009007_S90			18	D18_B000236_B009007_S90	18_53_M	Thymus	False	1	False	D18_B000236_B009007_S90.mm10-plus-8-0	exact_library_id_plus_documented_alignment_suffix	D18_B000236_B009007_S90.mm10-plus-8-0-1	one_assay_suffix	18m	1	nan	thymocyte	nan	DN to DP transition (most are Cd8+/ Cd4+, some undergoing VDJ recombination)	facs	18_53_M	721289.0	1228.0	male	Thymus Flowthrough	Thymus	nan	6	23
D18_B001369_B009009_S90			18	D18_B001369_B009009_S90	18_47_F	Thymus	False	1	False	D18_B001369_B009009_S90.mm10-plus-7-0	exact_library_id_plus_documented_alignment_suffix	D18_B001369_B009009_S90.mm10-plus-7-0-1	one_assay_suffix	18m	1	nan	DN4 thymocyte	nan	DN4 thymocyte	facs	18_47_F	3977844.0	2851.0	female	Thymus Flowthrough	Thymus	nan	6	5
D18_B002459_B007461_S90			18	D18_B002459_B007461_S90	18_46_F	Marrow	False	1	False	D18_B002459_B007461_S90.mm10-plus-8-0	exact_library_id_plus_documented_alignment_suffix	D18_B002459_B007461_S90.mm10-plus-8-0-1	one_assay_suffix	18m	1	nan	naive B cell	nan	naïve B cell	facs	18_46_F	579321.0	3478.0	female	T cells	Marrow	nan	4	9
D18_B002673_B007460_S90			18	D18_B002673_B007460_S90	18_53_M	Marrow	False	1	False	D18_B002673_B007460_S90.mm10-plus-7-0	exact_library_id_plus_documented_alignment_suffix	D18_B002673_B007460_S90.mm10-plus-7-0-1	one_assay_suffix	18m	1	nan	CD4-positive, alpha-beta T cell	nan	BM CD4 T cell	facs	18_53_M	575227.0	1783.0	male	T cells	Marrow	nan	4	21
D18_B002709_B009018_S90			18	D18_B002709_B009018_S90	18_53_M	Spleen	False	1	False	D18_B002709_B009018_S90.mm10-plus-7-0	exact_library_id_plus_documented_alignment_suffix	D18_B002709_B009018_S90.mm10-plus-7-0-1	one_assay_suffix	18m	1	nan	CD4-positive, alpha-beta T cell	nan	Cd3e T cell	facs	18_53_M	1474408.0	1739.0	male	nan	Spleen	nan	4	21
D18_B003007_B009008_S90	131.0	2.0	18	D18_B003007_B009008_S90	18_46_F	Thymus	True	1	False	D18_B003007_B009008_S90.mm10-plus-7-0	exact_library_id_plus_documented_alignment_suffix	D18_B003007_B009008_S90.mm10-plus-7-0-1	one_assay_suffix	18m	1	nan	DN4 thymocyte	nan	DN4 thymocyte	facs	18_46_F	1904622.0	2625.0	female	Thymus Flowthrough	Thymus	nan	4	9
D18_B003017_B009010_S90			18	D18_B003017_B009010_S90	18_45_M	Thymus	False	1	False	D18_B003017_B009010_S90.mm10-plus-7-0	exact_library_id_plus_documented_alignment_suffix	D18_B003017_B009010_S90.mm10-plus-7-0-1	one_assay_suffix	18m	1	nan	thymocyte	nan	DN to DP transition (most are Cd8+/ Cd4+, some undergoing VDJ recombination)	facs	18_45_M	1224431.0	859.0	male	Thymus Flowthrough	Thymus	nan	21	23
D18_D045405_B009854_S90			18	D18_D045405_B009854_S90	18_45_M	Marrow	False	1	False	D18_D045405_B009854_S90.mm10-plus-6-0	exact_library_id_plus_documented_alignment_suffix	D18_D045405_B009854_S90.mm10-plus-6-0-1	one_assay_suffix	18m	1	nan	mature alpha-beta T cell	nan	BM CD8 + CD4 T cell	facs	18_45_M	60631.0	1288.0	male	T cells	Marrow	nan	4	9
D19_B000236_B009007_S91			18	D19_B000236_B009007_S91	18_53_M	Thymus	False	1	False	D19_B000236_B009007_S91.mm10-plus-8-0	exact_library_id_plus_documented_alignment_suffix	D19_B000236_B009007_S91.mm10-plus-8-0-1	one_assay_suffix	18m	1	nan	thymocyte	nan	DN to DP transition (most are Cd8+/ Cd4+, some undergoing VDJ recombination)	facs	18_53_M	712245.0	1159.0	male	Thymus Flowthrough	Thymus	nan	21	23
D19_B000472_B009891_S91	16.0	6.0	18	D19_B000472_B009891_S91	18_53_M	Marrow	True	6	True	D19_B000472_B009891_S91.mm10-plus-6-0	exact_library_id_plus_documented_alignment_suffix	D19_B000472_B009891_S91.mm10-plus-6-0-1	one_assay_suffix	18m	1	nan	NK cell	nan	NK cell	facs	18_53_M	3098287.0	1735.0	male	B-cells	Marrow	nan	40	47
D19_B001369_B009009_S91			18	D19_B001369_B009009_S91	18_47_F	Thymus	False	1	False	D19_B001369_B009009_S91.mm10-plus-7-0	exact_library_id_plus_documented_alignment_suffix	D19_B001369_B009009_S91.mm10-plus-7-0-1	one_assay_suffix	18m	1	nan	DN4 thymocyte	nan	DN4 thymocyte	facs	18_47_F	984919.0	2453.0	female	Thymus Flowthrough	Thymus	nan	6	5
D19_B003007_B009008_S91			18	D19_B003007_B009008_S91	18_46_F	Thymus	False	1	False	D19_B003007_B009008_S91.mm10-plus-7-0	exact_library_id_plus_documented_alignment_suffix	D19_B003007_B009008_S91.mm10-plus-7-0-1	one_assay_suffix	18m	1	nan	DN4 thymocyte	nan	DN4 thymocyte	facs	18_46_F	1356850.0	1579.0	female	Thymus Flowthrough	Thymus	nan	6	5
D19_D045405_B009854_S91	80.0	2.0	18	D19_D045405_B009854_S91	18_45_M	Marrow	True	1	False	D19_D045405_B009854_S91.mm10-plus-6-0	exact_library_id_plus_documented_alignment_suffix	D19_D045405_B009854_S91.mm10-plus-6-0-1	one_assay_suffix	18m	1	nan	mature alpha-beta T cell	nan	BM CD8 + CD4 T cell	facs	18_45_M	1052161.0	2535.0	male	T cells	Marrow	nan	4	48
D1_B000236_B009007_S73	64.0	3.0	18	D1_B000236_B009007_S73	18_53_M	Thymus	True	3	True	D1_B000236_B009007_S73.mm10-plus-8-0	exact_library_id_plus_documented_alignment_suffix	D1_B000236_B009007_S73.mm10-plus-8-0-1	one_assay_suffix	18m	1	nan	DN4 thymocyte	nan	DN4 thymocyte	facs	18_53_M	297902.0	1450.0	male	Thymus Flowthrough	Thymus	nan	4	9
D1_B002709_B009018_S73			18	D1_B002709_B009018_S73	18_53_M	Spleen	False	1	False	D1_B002709_B009018_S73.mm10-plus-7-0	exact_library_id_plus_documented_alignment_suffix	D1_B002709_B009018_S73.mm10-plus-7-0-1	one_assay_suffix	18m	1	nan	CD4-positive, alpha-beta T cell	nan	Cd3e T cell	facs	18_53_M	844141.0	1469.0	male	nan	Spleen	nan	6	5
D1_B002843_B009897_S73	90.0	2.0	18	D1_B002843_B009897_S73	18_47_F	Lung	True	2	True	D1_B002843_B009897_S73.mm10-plus-6-0	exact_library_id_plus_documented_alignment_suffix	D1_B002843_B009897_S73.mm10-plus-6-0-1	one_assay_suffix	18m	1	nan	regulatory T cell	nan	Regulatory T	facs	18_47_F	918788.0	1201.0	female	EPCAM	Lung	nan	4	21
D1_B003017_B009010_S73			18	D1_B003017_B009010_S73	18_45_M	Thymus	False	1	False	D1_B003017_B009010_S73.mm10-plus-7-0	exact_library_id_plus_documented_alignment_suffix	D1_B003017_B009010_S73.mm10-plus-7-0-1	one_assay_suffix	18m	1	nan	thymocyte	nan	DN to DP transition (most are Cd8+/ Cd4+, some undergoing VDJ recombination)	facs	18_45_M	1485378.0	893.0	male	Thymus Flowthrough	Thymus	nan	21	23
D20_B000265_B009901_S92			18	D20_B000265_B009901_S92	18_47_F	Lung	False	1	False	D20_B000265_B009901_S92.mm10-plus-4-0	exact_library_id_plus_documented_alignment_suffix	D20_B000265_B009901_S92.mm10-plus-4-0-1	one_assay_suffix	18m	1	nan	CD8-positive, alpha-beta T cell	nan	CD8+ T	facs	18_47_F	2257012.0	2590.0	female	ENDOMUCIN	Lung	nan	4	21
D20_B002507_B009457_S176			18	D20_B002507_B009457_S176	18_45_M	Brain_Non-Myeloid	False	1	False	D20_B002507_B009457_S176.mm10-plus-1-0	exact_library_id_plus_documented_alignment_suffix	D20_B002507_B009457_S176.mm10-plus-1-0-1	one_assay_suffix	18m	1	nan	CD8-positive, alpha-beta T cell	nan	nan	facs	18_45_M	2140801.0	986.0	male	Cerebellum 	Brain_Non-Myeloid	nan	4	9
D20_B002508_B009949_S92	87.0	5.0	18	D20_B002508_B009949_S92	18_45_M	Kidney	True	4	True	D20_B002508_B009949_S92.mm10-plus-4-0	exact_library_id_plus_documented_alignment_suffix		unmatched																
D20_B003007_B009008_S92			18	D20_B003007_B009008_S92	18_46_F	Thymus	False	1	False	D20_B003007_B009008_S92.mm10-plus-7-0	exact_library_id_plus_documented_alignment_suffix	D20_B003007_B009008_S92.mm10-plus-7-0-1	one_assay_suffix	18m	1	nan	DN4 thymocyte	nan	DN4 thymocyte	facs	18_46_F	1288831.0	1704.0	female	Thymus Flowthrough	Thymus	nan	6	5
D20_B003017_B009010_S92			18	D20_B003017_B009010_S92	18_45_M	Thymus	False	1	False	D20_B003017_B009010_S92.mm10-plus-7-0	exact_library_id_plus_documented_alignment_suffix	D20_B003017_B009010_S92.mm10-plus-7-0-1	one_assay_suffix	18m	1	nan	thymocyte	nan	DN to DP transition (most are Cd8+/ Cd4+, some undergoing VDJ recombination)	facs	18_45_M	1392132.0	991.0	male	Thymus Flowthrough	Thymus	nan	21	23
D20_D045342_B009019_S92			18	D20_D045342_B009019_S92	18_45_M	Spleen	False	1	False	D20_D045342_B009019_S92.mm10-plus-0-0	exact_library_id_plus_documented_alignment_suffix	D20_D045342_B009019_S92.mm10-plus-0-0-1	one_assay_suffix	18m	1	nan	CD4-positive, alpha-beta T cell	nan	Cd3e T cell	facs	18_45_M	1935571.0	1844.0	male	nan	Spleen	nan	4	21
D21_B000176_B008056_S93			18	D21_B000176_B008056_S93	18_53_M	Brain_Non-Myeloid	False	1	False	D21_B000176_B008056_S93.mm10-plus-3-0	exact_library_id_plus_documented_alignment_suffix	D21_B000176_B008056_S93.mm10-plus-3-0-1	one_assay_suffix	18m	1	nan	CD8-positive, alpha-beta T cell	nan	nan	facs	18_53_M	578331.0	1328.0	male	Cortex 	Brain_Non-Myeloid	nan	4	9
D21_B001363_B009260_S33	34.0	10.0	18	D21_B001363_B009260_S33	18_46_F	Brain_Non-Myeloid	True	10	True	D21_B001363_B009260_S33.mm10-plus-1-0	exact_library_id_plus_documented_alignment_suffix	D21_B001363_B009260_S33.mm10-plus-1-0-1	one_assay_suffix	18m	1	nan	CD8-positive, alpha-beta T cell	nan	nan	facs	18_46_F	2483827.0	1389.0	female	Cerebellum 	Brain_Non-Myeloid	nan	4	9
D21_B003017_B009010_S93			18	D21_B003017_B009010_S93	18_45_M	Thymus	False	1	False	D21_B003017_B009010_S93.mm10-plus-7-0	exact_library_id_plus_documented_alignment_suffix	D21_B003017_B009010_S93.mm10-plus-7-0-1	one_assay_suffix	18m	1	nan	thymocyte	nan	DN to DP transition (most are Cd8+/ Cd4+, some undergoing VDJ recombination)	facs	18_45_M	792220.0	739.0	male	Thymus Flowthrough	Thymus	nan	21	23
D21_D045405_B009854_S93			18	D21_D045405_B009854_S93	18_45_M	Marrow	False	1	False	D21_D045405_B009854_S93.mm10-plus-6-0	exact_library_id_plus_documented_alignment_suffix	D21_D045405_B009854_S93.mm10-plus-6-0-1	one_assay_suffix	18m	1	nan	mature alpha-beta T cell	nan	BM CD8 + CD4 T cell	facs	18_45_M	1049181.0	2281.0	male	T cells	Marrow	nan	4	48
D22_B000236_B009007_S94			18	D22_B000236_B009007_S94	18_53_M	Thymus	False	1	False	D22_B000236_B009007_S94.mm10-plus-8-0	exact_library_id_plus_documented_alignment_suffix	D22_B000236_B009007_S94.mm10-plus-8-0-1	one_assay_suffix	18m	1	nan	thymocyte	nan	DN to DP transition (most are Cd8+/ Cd4+, some undergoing VDJ recombination)	facs	18_53_M	1093600.0	1228.0	male	Thymus Flowthrough	Thymus	nan	21	23
D22_B000268_B009896_S94	94.0	9.0	18	D22_B000268_B009896_S94	18_46_F	Lung	True	5	True	D22_B000268_B009896_S94.mm10-plus-4-0	exact_library_id_plus_documented_alignment_suffix	D22_B000268_B009896_S94.mm10-plus-4-0-1	one_assay_suffix	18m	1	nan	T cell	nan	Ly6g5b+ T	facs	18_46_F	695240.0	2812.0	female	EPCAM	Lung	nan	4	21
D22_B003007_B009008_S94			18	D22_B003007_B009008_S94	18_46_F	Thymus	False	1	False	D22_B003007_B009008_S94.mm10-plus-7-0	exact_library_id_plus_documented_alignment_suffix	D22_B003007_B009008_S94.mm10-plus-7-0-1	one_assay_suffix	18m	1	nan	DN4 thymocyte	nan	DN4 thymocyte	facs	18_46_F	1465328.0	2374.0	female	Thymus Flowthrough	Thymus	nan	4	9
D22_B003017_B009010_S94			18	D22_B003017_B009010_S94	18_45_M	Thymus	False	1	False	D22_B003017_B009010_S94.mm10-plus-7-0	exact_library_id_plus_documented_alignment_suffix	D22_B003017_B009010_S94.mm10-plus-7-0-1	one_assay_suffix	18m	1	nan	thymocyte	nan	DN to DP transition (most are Cd8+/ Cd4+, some undergoing VDJ recombination)	facs	18_45_M	1225526.0	841.0	male	Thymus Flowthrough	Thymus	nan	21	23
D2_B000236_B009007_S74			18	D2_B000236_B009007_S74	18_53_M	Thymus	False	1	False	D2_B000236_B009007_S74.mm10-plus-8-0	exact_library_id_plus_documented_alignment_suffix	D2_B000236_B009007_S74.mm10-plus-8-0-1	one_assay_suffix	18m	1	nan	DN4 thymocyte	nan	DN4 thymocyte	facs	18_53_M	508341.0	1861.0	male	Thymus Flowthrough	Thymus	nan	6	5
D2_B001369_B009009_S74			18	D2_B001369_B009009_S74	18_47_F	Thymus	False	1	False	D2_B001369_B009009_S74.mm10-plus-7-0	exact_library_id_plus_documented_alignment_suffix	D2_B001369_B009009_S74.mm10-plus-7-0-1	one_assay_suffix	18m	1	nan	DN4 thymocyte	nan	DN4 thymocyte	facs	18_47_F	1032691.0	2268.0	female	Thymus Flowthrough	Thymus	nan	6	5
D2_B002508_B009949_S74	87.0	5.0	18	D2_B002508_B009949_S74	18_45_M	Kidney	True	4	True	D2_B002508_B009949_S74.mm10-plus-4-0	exact_library_id_plus_documented_alignment_suffix		unmatched																
D2_B003007_B009008_S74	98.0	5.0	18	D2_B003007_B009008_S74	18_46_F	Thymus	True	3	True	D2_B003007_B009008_S74.mm10-plus-7-0	exact_library_id_plus_documented_alignment_suffix	D2_B003007_B009008_S74.mm10-plus-7-0-1	one_assay_suffix	18m	1	nan	DN4 thymocyte	nan	DN4 thymocyte	facs	18_46_F	1019485.0	1798.0	female	Thymus Flowthrough	Thymus	nan	4	21
D2_B003017_B009010_S74			18	D2_B003017_B009010_S74	18_45_M	Thymus	False	1	False	D2_B003017_B009010_S74.mm10-plus-7-0	exact_library_id_plus_documented_alignment_suffix	D2_B003017_B009010_S74.mm10-plus-7-0-1	one_assay_suffix	18m	1	nan	thymocyte	nan	DN to DP transition (most are Cd8+/ Cd4+, some undergoing VDJ recombination)	facs	18_45_M	778016.0	758.0	male	Thymus Flowthrough	Thymus	nan	21	23
D3_B000794_B008549_S75			18	D3_B000794_B008549_S75	18_47_F	GAT	False	1	False	D3_B000794_B008549_S75.mm10-plus-3-0	exact_library_id_plus_documented_alignment_suffix	D3_B000794_B008549_S75.mm10-plus-3-0-1	one_assay_suffix	18m	1	nan	T cell	nan	nan	facs	18_47_F	308886.0	1701.0	female	Fat	GAT	nan	4	21
D3_B002466_B009898_S75			18	D3_B002466_B009898_S75	18_45_M	Lung	False	1	False	D3_B002466_B009898_S75.mm10-plus-4-0	exact_library_id_plus_documented_alignment_suffix	D3_B002466_B009898_S75.mm10-plus-4-0-1	one_assay_suffix	18m	1	nan	regulatory T cell	nan	Regulatory T	facs	18_45_M	130976.0	1154.0	male	EPCAM	Lung	nan	4	21
D3_B002508_B009949_S75	87.0	5.0	18	D3_B002508_B009949_S75	18_45_M	Kidney	True	4	True	D3_B002508_B009949_S75.mm10-plus-4-0	exact_library_id_plus_documented_alignment_suffix		unmatched																
D3_B003017_B009010_S75			18	D3_B003017_B009010_S75	18_45_M	Thymus	False	1	False	D3_B003017_B009010_S75.mm10-plus-7-0	exact_library_id_plus_documented_alignment_suffix	D3_B003017_B009010_S75.mm10-plus-7-0-1	one_assay_suffix	18m	1	nan	DN4 thymocyte	nan	DN4 thymocyte	facs	18_45_M	1184933.0	1050.0	male	Thymus Flowthrough	Thymus	nan	6	5
D4_B000236_B009007_S76			18	D4_B000236_B009007_S76	18_53_M	Thymus	False	1	False	D4_B000236_B009007_S76.mm10-plus-8-0	exact_library_id_plus_documented_alignment_suffix	D4_B000236_B009007_S76.mm10-plus-8-0-1	one_assay_suffix	18m	1	nan	DN4 thymocyte	nan	DN4 thymocyte	facs	18_53_M	443273.0	1615.0	male	Thymus Flowthrough	Thymus	nan	6	5
D4_B001369_B009009_S76			18	D4_B001369_B009009_S76	18_47_F	Thymus	False	1	False	D4_B001369_B009009_S76.mm10-plus-7-0	exact_library_id_plus_documented_alignment_suffix	D4_B001369_B009009_S76.mm10-plus-7-0-1	one_assay_suffix	18m	1	nan	DN4 thymocyte	nan	DN4 thymocyte	facs	18_47_F	722161.0	2089.0	female	Thymus Flowthrough	Thymus	nan	6	5
D4_B002709_B009018_S76			18	D4_B002709_B009018_S76	18_53_M	Spleen	False	1	False	D4_B002709_B009018_S76.mm10-plus-7-0	exact_library_id_plus_documented_alignment_suffix	D4_B002709_B009018_S76.mm10-plus-7-0-1	one_assay_suffix	18m	1	nan	CD8-positive, alpha-beta T cell	nan	nan	facs	18_53_M	1063602.0	1667.0	male	nan	Spleen	nan	4	9
D4_B002828_B007462_S76	122.0	5.0	18	D4_B002828_B007462_S76	18_47_F	Marrow	True	4	True	D4_B002828_B007462_S76.mm10-plus-6-0	exact_library_id_plus_documented_alignment_suffix	D4_B002828_B007462_S76.mm10-plus-6-0-1	one_assay_suffix	18m	1	nan	CD4-positive, alpha-beta T cell	nan	BM CD4 T cell	facs	18_47_F	445015.0	2139.0	female	T cells	Marrow	nan	4	21
D4_D045405_B009854_S76	113.0	4.0	18	D4_D045405_B009854_S76	18_45_M	Marrow	True	4	True	D4_D045405_B009854_S76.mm10-plus-6-0	exact_library_id_plus_documented_alignment_suffix	D4_D045405_B009854_S76.mm10-plus-6-0-1	one_assay_suffix	18m	1	nan	promonocyte	nan	monocyte + promonocyte	facs	18_45_M	2899365.0	3789.0	male	T cells	Marrow	nan	2	17
D5_B000236_B009007_S77			18	D5_B000236_B009007_S77	18_53_M	Thymus	False	1	False	D5_B000236_B009007_S77.mm10-plus-8-0	exact_library_id_plus_documented_alignment_suffix	D5_B000236_B009007_S77.mm10-plus-8-0-1	one_assay_suffix	18m	1	nan	DN4 thymocyte	nan	DN4 thymocyte	facs	18_53_M	331980.0	1384.0	male	Thymus Flowthrough	Thymus	nan	4	21
D5_B001369_B009009_S77			18	D5_B001369_B009009_S77	18_47_F	Thymus	False	1	False	D5_B001369_B009009_S77.mm10-plus-7-0	exact_library_id_plus_documented_alignment_suffix	D5_B001369_B009009_S77.mm10-plus-7-0-1	one_assay_suffix	18m	1	nan	DN4 thymocyte	nan	DN4 thymocyte	facs	18_47_F	1454315.0	1997.0	female	Thymus Flowthrough	Thymus	nan	6	5
D5_B003007_B009008_S77			18	D5_B003007_B009008_S77	18_46_F	Thymus	False	1	False	D5_B003007_B009008_S77.mm10-plus-7-0	exact_library_id_plus_documented_alignment_suffix	D5_B003007_B009008_S77.mm10-plus-7-0-1	one_assay_suffix	18m	1	nan	DN4 thymocyte	nan	DN4 thymocyte	facs	18_46_F	1227802.0	1970.0	female	Thymus Flowthrough	Thymus	nan	6	5
D5_B003017_B009010_S77			18	D5_B003017_B009010_S77	18_45_M	Thymus	False	1	False	D5_B003017_B009010_S77.mm10-plus-7-0	exact_library_id_plus_documented_alignment_suffix	D5_B003017_B009010_S77.mm10-plus-7-0-1	one_assay_suffix	18m	1	nan	thymocyte	nan	DN to DP transition (most are Cd8+/ Cd4+, some undergoing VDJ recombination)	facs	18_45_M	1056619.0	1023.0	male	Thymus Flowthrough	Thymus	nan	21	23
D6_B000236_B009007_S78			18	D6_B000236_B009007_S78	18_53_M	Thymus	False	1	False	D6_B000236_B009007_S78.mm10-plus-8-0	exact_library_id_plus_documented_alignment_suffix	D6_B000236_B009007_S78.mm10-plus-8-0-1	one_assay_suffix	18m	1	nan	DN4 thymocyte	nan	DN4 thymocyte	facs	18_53_M	557301.0	1714.0	male	Thymus Flowthrough	Thymus	nan	6	5
D6_B001369_B009009_S78			18	D6_B001369_B009009_S78	18_47_F	Thymus	False	1	False	D6_B001369_B009009_S78.mm10-plus-7-0	exact_library_id_plus_documented_alignment_suffix	D6_B001369_B009009_S78.mm10-plus-7-0-1	one_assay_suffix	18m	1	nan	DN4 thymocyte	nan	DN4 thymocyte	facs	18_47_F	1234030.0	2695.0	female	Thymus Flowthrough	Thymus	nan	6	5
D6_B002452_B009020_S78			18	D6_B002452_B009020_S78	18_47_F	Spleen	False	1	False	D6_B002452_B009020_S78.mm10-plus-0-0	exact_library_id_plus_documented_alignment_suffix	D6_B002452_B009020_S78.mm10-plus-0-0-1	one_assay_suffix	18m	1	nan	CD8-positive, alpha-beta T cell	nan	nan	facs	18_47_F	507382.0	2695.0	female	nan	Spleen	nan	4	9
D6_B002828_B007462_S78	115.0	2.0	18	D6_B002828_B007462_S78	18_47_F	Marrow	True	2	True	D6_B002828_B007462_S78.mm10-plus-6-0	exact_library_id_plus_documented_alignment_suffix	D6_B002828_B007462_S78.mm10-plus-6-0-1	one_assay_suffix	18m	1	nan	mature alpha-beta T cell	nan	BM CD8 + CD4 T cell	facs	18_47_F	441008.0	1711.0	female	T cells	Marrow	nan	4	9
D6_B003007_B009008_S78			18	D6_B003007_B009008_S78	18_46_F	Thymus	False	1	False	D6_B003007_B009008_S78.mm10-plus-7-0	exact_library_id_plus_documented_alignment_suffix	D6_B003007_B009008_S78.mm10-plus-7-0-1	one_assay_suffix	18m	1	nan	DN4 thymocyte	nan	DN4 thymocyte	facs	18_46_F	1088035.0	1946.0	female	Thymus Flowthrough	Thymus	nan	4	21
D6_B003017_B009010_S78			18	D6_B003017_B009010_S78	18_45_M	Thymus	False	1	False	D6_B003017_B009010_S78.mm10-plus-7-0	exact_library_id_plus_documented_alignment_suffix	D6_B003017_B009010_S78.mm10-plus-7-0-1	one_assay_suffix	18m	1	nan	thymocyte	nan	DN to DP transition (most are Cd8+/ Cd4+, some undergoing VDJ recombination)	facs	18_45_M	908957.0	880.0	male	Thymus Flowthrough	Thymus	nan	21	23
D7_B000795_B008545_S79	95.0	5.0	18	D7_B000795_B008545_S79	18_47_F	MAT	True	2	True	D7_B000795_B008545_S79.mm10-plus-3-0	exact_library_id_plus_documented_alignment_suffix	D7_B000795_B008545_S79.mm10-plus-3-0-1	one_assay_suffix	18m	1	nan	CD4-positive, alpha-beta T cell	nan	nan	facs	18_47_F	2228549.0	2467.0	female	Fat	MAT	nan	4	21
D7_B002452_B009020_S79			18	D7_B002452_B009020_S79	18_47_F	Spleen	False	1	False	D7_B002452_B009020_S79.mm10-plus-0-0	exact_library_id_plus_documented_alignment_suffix	D7_B002452_B009020_S79.mm10-plus-0-0-1	one_assay_suffix	18m	1	nan	CD8-positive, alpha-beta T cell	nan	nan	facs	18_47_F	655044.0	3852.0	female	nan	Spleen	nan	4	9
D7_B003007_B009008_S79			18	D7_B003007_B009008_S79	18_46_F	Thymus	False	1	False	D7_B003007_B009008_S79.mm10-plus-7-0	exact_library_id_plus_documented_alignment_suffix	D7_B003007_B009008_S79.mm10-plus-7-0-1	one_assay_suffix	18m	1	nan	DN4 thymocyte	nan	DN4 thymocyte	facs	18_46_F	1316354.0	1997.0	female	Thymus Flowthrough	Thymus	nan	6	5
D7_B003017_B009010_S79			18	D7_B003017_B009010_S79	18_45_M	Thymus	False	1	False	D7_B003017_B009010_S79.mm10-plus-7-0	exact_library_id_plus_documented_alignment_suffix	D7_B003017_B009010_S79.mm10-plus-7-0-1	one_assay_suffix	18m	1	nan	thymocyte	nan	DN to DP transition (most are Cd8+/ Cd4+, some undergoing VDJ recombination)	facs	18_45_M	867817.0	887.0	male	Thymus Flowthrough	Thymus	nan	21	23
D8_B000236_B009007_S80			18	D8_B000236_B009007_S80	18_53_M	Thymus	False	1	False	D8_B000236_B009007_S80.mm10-plus-8-0	exact_library_id_plus_documented_alignment_suffix	D8_B000236_B009007_S80.mm10-plus-8-0-1	one_assay_suffix	18m	1	nan	DN4 thymocyte	nan	DN4 thymocyte	facs	18_53_M	741409.0	1828.0	male	Thymus Flowthrough	Thymus	nan	6	5
D8_B000491_B009016_S80			18	D8_B000491_B009016_S80	18_47_F	Thymus	False	1	False	D8_B000491_B009016_S80.mm10-plus-8-0	exact_library_id_plus_documented_alignment_suffix		unmatched																
D8_B001369_B009009_S80			18	D8_B001369_B009009_S80	18_47_F	Thymus	False	1	False	D8_B001369_B009009_S80.mm10-plus-7-0	exact_library_id_plus_documented_alignment_suffix	D8_B001369_B009009_S80.mm10-plus-7-0-1	one_assay_suffix	18m	1	nan	DN4 thymocyte	nan	DN4 thymocyte	facs	18_47_F	792871.0	1987.0	female	Thymus Flowthrough	Thymus	nan	6	5
D8_B002843_B009897_S80			18	D8_B002843_B009897_S80	18_47_F	Lung	False	1	False	D8_B002843_B009897_S80.mm10-plus-6-0	exact_library_id_plus_documented_alignment_suffix	D8_B002843_B009897_S80.mm10-plus-6-0-1	one_assay_suffix	18m	1	nan	regulatory T cell	nan	Regulatory T	facs	18_47_F	996034.0	2793.0	female	EPCAM	Lung	nan	4	21
D8_B003017_B009010_S80			18	D8_B003017_B009010_S80	18_45_M	Thymus	False	1	False	D8_B003017_B009010_S80.mm10-plus-7-0	exact_library_id_plus_documented_alignment_suffix	D8_B003017_B009010_S80.mm10-plus-7-0-1	one_assay_suffix	18m	1	nan	thymocyte	nan	DN to DP transition (most are Cd8+/ Cd4+, some undergoing VDJ recombination)	facs	18_45_M	1238627.0	1077.0	male	Thymus Flowthrough	Thymus	nan	21	23
D9_B000477_B008543_S81			18	D9_B000477_B008543_S81	18_53_M	MAT	False	1	False	D9_B000477_B008543_S81.mm10-plus-6-0	exact_library_id_plus_documented_alignment_suffix	D9_B000477_B008543_S81.mm10-plus-6-0-1	one_assay_suffix	18m	1	nan	CD8-positive, alpha-beta T cell	nan	nan	facs	18_53_M	580269.0	1528.0	male	Fat	MAT	nan	6	9
D9_B000505_B008435_S81			18	D9_B000505_B008435_S81	18_45_M	GAT	False	1	False	D9_B000505_B008435_S81.mm10-plus-8-0	exact_library_id_plus_documented_alignment_suffix	D9_B000505_B008435_S81.mm10-plus-8-0-1	one_assay_suffix	18m	1	nan	CD4-positive, alpha-beta T cell	nan	nan	facs	18_45_M	243575.0	1310.0	male	Fat	GAT	nan	4	21
D9_B000806_B008540_S81			18	D9_B000806_B008540_S81	18_46_F	MAT	False	1	False	D9_B000806_B008540_S81.mm10-plus-6-0	exact_library_id_plus_documented_alignment_suffix	D9_B000806_B008540_S81.mm10-plus-6-0-1	one_assay_suffix	18m	1	nan	CD8-positive, alpha-beta T cell	nan	nan	facs	18_46_F	796203.0	2082.0	female	Fat	MAT	nan	4	9
D9_B001369_B009009_S81	134.0	2.0	18	D9_B001369_B009009_S81	18_47_F	Thymus	True	2	True	D9_B001369_B009009_S81.mm10-plus-7-0	exact_library_id_plus_documented_alignment_suffix	D9_B001369_B009009_S81.mm10-plus-7-0-1	one_assay_suffix	18m	1	nan	epithelial cell of thymus	nan	TECs	facs	18_47_F	281160.0	677.0	female	Thymus Flowthrough	Thymus	nan	6	5
D9_B002452_B009020_S81	85.0	2.0	18	D9_B002452_B009020_S81	18_47_F	Spleen	True	1	False	D9_B002452_B009020_S81.mm10-plus-0-0	exact_library_id_plus_documented_alignment_suffix	D9_B002452_B009020_S81.mm10-plus-0-0-1	one_assay_suffix	18m	1	nan	CD4-positive, alpha-beta T cell	nan	nan	facs	18_47_F	600166.0	2484.0	female	nan	Spleen	nan	4	9
D9_B002459_B007461_S81			18	D9_B002459_B007461_S81	18_46_F	Marrow	False	1	False	D9_B002459_B007461_S81.mm10-plus-8-0	exact_library_id_plus_documented_alignment_suffix	D9_B002459_B007461_S81.mm10-plus-8-0-1	one_assay_suffix	18m	1	nan	naive B cell	nan	naïve B cell	facs	18_46_F	594370.0	3112.0	female	T cells	Marrow	nan	4	9
D9_B002828_B007462_S81			18	D9_B002828_B007462_S81	18_47_F	Marrow	False	1	False	D9_B002828_B007462_S81.mm10-plus-6-0	exact_library_id_plus_documented_alignment_suffix	D9_B002828_B007462_S81.mm10-plus-6-0-1	one_assay_suffix	18m	1	nan	mature alpha-beta T cell	nan	BM CD8 + CD4 T cell	facs	18_47_F	446623.0	1432.0	female	T cells	Marrow	nan	4	9
E10_B000236_B009007_S106			18	E10_B000236_B009007_S106	18_53_M	Thymus	False	1	False	E10_B000236_B009007_S106.mm10-plus-8-0	exact_library_id_plus_documented_alignment_suffix	E10_B000236_B009007_S106.mm10-plus-8-0-1	one_assay_suffix	18m	1	nan	DN4 thymocyte	nan	DN4 thymocyte	facs	18_53_M	476318.0	1649.0	male	Thymus Flowthrough	Thymus	nan	6	5
E10_B000477_B008543_S106	24.0	11.0	18	E10_B000477_B008543_S106	18_53_M	MAT	True	11	True	E10_B000477_B008543_S106.mm10-plus-6-0	exact_library_id_plus_documented_alignment_suffix	E10_B000477_B008543_S106.mm10-plus-6-0-1	one_assay_suffix	18m	1	nan	CD8-positive, alpha-beta T cell	nan	nan	facs	18_53_M	468869.0	1955.0	male	Fat	MAT	nan	4	9
E10_B000505_B008435_S106	65.0	7.0	18	E10_B000505_B008435_S106	18_45_M	GAT	True	7	True	E10_B000505_B008435_S106.mm10-plus-8-0	exact_library_id_plus_documented_alignment_suffix	E10_B000505_B008435_S106.mm10-plus-8-0-1	one_assay_suffix	18m	1	nan	CD4-positive, alpha-beta T cell	nan	nan	facs	18_45_M	469163.0	1893.0	male	Fat	GAT	nan	4	21
E10_B000795_B008545_S106	9.0	9.0	18	E10_B000795_B008545_S106	18_47_F	MAT	True	8	True	E10_B000795_B008545_S106.mm10-plus-3-0	exact_library_id_plus_documented_alignment_suffix	E10_B000795_B008545_S106.mm10-plus-3-0-1	one_assay_suffix	18m	1	nan	CD8-positive, alpha-beta T cell	nan	nan	facs	18_47_F	4366706.0	1289.0	female	Fat	MAT	nan	4	9
E10_B000800_B008432_S106	117.0	2.0	18	E10_B000800_B008432_S106	18_47_F	BAT	True	2	True	E10_B000800_B008432_S106.mm10-plus-3-0	exact_library_id_plus_documented_alignment_suffix	E10_B000800_B008432_S106.mm10-plus-3-0-1	one_assay_suffix	18m	1	nan	T cell	nan	nan	facs	18_47_F	1423530.0	1667.0	female	Fat	BAT	nan	4	9
E10_B001360_B009953_S106			18	E10_B001360_B009953_S106	18_46_F	Heart	False	1	False	E10_B001360_B009953_S106.mm10-plus-6-0	exact_library_id_plus_documented_alignment_suffix	E10_B001360_B009953_S106.mm10-plus-6-0-1	one_assay_suffix	18m	1	nan	T cell	nan	T cell	facs	18_46_F	1301109.0	3317.0	female	RA	Heart	nan	4	21
E10_B001369_B009009_S106			18	E10_B001369_B009009_S106	18_47_F	Thymus	False	1	False	E10_B001369_B009009_S106.mm10-plus-7-0	exact_library_id_plus_documented_alignment_suffix	E10_B001369_B009009_S106.mm10-plus-7-0-1	one_assay_suffix	18m	1	nan	DN4 thymocyte	nan	DN4 thymocyte	facs	18_47_F	1794206.0	3052.0	female	Thymus Flowthrough	Thymus	nan	4	21
E10_B002452_B009020_S106			18	E10_B002452_B009020_S106	18_47_F	Spleen	False	1	False	E10_B002452_B009020_S106.mm10-plus-0-0	exact_library_id_plus_documented_alignment_suffix	E10_B002452_B009020_S106.mm10-plus-0-0-1	one_assay_suffix	18m	1	nan	CD4-positive, alpha-beta T cell	nan	Cd3e T cell	facs	18_47_F	349808.0	2178.0	female	nan	Spleen	nan	4	21
E10_B003017_B009010_S106			18	E10_B003017_B009010_S106	18_45_M	Thymus	False	1	False	E10_B003017_B009010_S106.mm10-plus-7-0	exact_library_id_plus_documented_alignment_suffix	E10_B003017_B009010_S106.mm10-plus-7-0-1	one_assay_suffix	18m	1	nan	thymocyte	nan	DN to DP transition (most are Cd8+/ Cd4+, some undergoing VDJ recombination)	facs	18_45_M	1435548.0	1329.0	male	Thymus Flowthrough	Thymus	nan	21	23
E11_B000477_B008543_S107			18	E11_B000477_B008543_S107	18_53_M	MAT	False	1	False	E11_B000477_B008543_S107.mm10-plus-6-0	exact_library_id_plus_documented_alignment_suffix	E11_B000477_B008543_S107.mm10-plus-6-0-1	one_assay_suffix	18m	1	nan	CD8-positive, alpha-beta T cell	nan	nan	facs	18_53_M	411923.0	1425.0	male	Fat	MAT	nan	4	9
E11_B002452_B009020_S107			18	E11_B002452_B009020_S107	18_47_F	Spleen	False	1	False	E11_B002452_B009020_S107.mm10-plus-0-0	exact_library_id_plus_documented_alignment_suffix	E11_B002452_B009020_S107.mm10-plus-0-0-1	one_assay_suffix	18m	1	nan	CD8-positive, alpha-beta T cell	nan	nan	facs	18_47_F	602585.0	2973.0	female	nan	Spleen	nan	4	9
E11_B002459_B007461_S107			18	E11_B002459_B007461_S107	18_46_F	Marrow	False	1	False	E11_B002459_B007461_S107.mm10-plus-8-0	exact_library_id_plus_documented_alignment_suffix	E11_B002459_B007461_S107.mm10-plus-8-0-1	one_assay_suffix	18m	1	nan	granulocyte monocyte progenitor cell	nan	granulocyte monocyte progenitor cell	facs	18_46_F	1767330.0	7637.0	female	T cells	Marrow	nan	16	26
E11_B003017_B009010_S107			18	E11_B003017_B009010_S107	18_45_M	Thymus	False	1	False	E11_B003017_B009010_S107.mm10-plus-7-0	exact_library_id_plus_documented_alignment_suffix	E11_B003017_B009010_S107.mm10-plus-7-0-1	one_assay_suffix	18m	1	nan	thymocyte	nan	proliferating thymocyte; DN to DP transition, dividing (some are Cd8+/ Cd4+, some undergoing VDJ recombination)	facs	18_45_M	2069510.0	2620.0	male	Thymus Flowthrough	Thymus	nan	21	23
E11_B003022_B008546_S107			18	E11_B003022_B008546_S107	18_45_M	MAT	False	1	False	E11_B003022_B008546_S107.mm10-plus-7-0	exact_library_id_plus_documented_alignment_suffix	E11_B003022_B008546_S107.mm10-plus-7-0-1	one_assay_suffix	18m	1	nan	CD8-positive, alpha-beta T cell	nan	nan	facs	18_45_M	642921.0	1591.0	male	Fat	MAT	nan	6	5
E11_D045342_B009019_S107	59.0	2.0	18	E11_D045342_B009019_S107	18_45_M	Spleen	True	2	True	E11_D045342_B009019_S107.mm10-plus-0-0	exact_library_id_plus_documented_alignment_suffix	E11_D045342_B009019_S107.mm10-plus-0-0-1	one_assay_suffix	18m	1	nan	CD8-positive, alpha-beta T cell	nan	nan	facs	18_45_M	1185033.0	1511.0	male	nan	Spleen	nan	4	9
E12_B000236_B009007_S108			18	E12_B000236_B009007_S108	18_53_M	Thymus	False	1	False	E12_B000236_B009007_S108.mm10-plus-8-0	exact_library_id_plus_documented_alignment_suffix	E12_B000236_B009007_S108.mm10-plus-8-0-1	one_assay_suffix	18m	1	nan	thymocyte	nan	DN to DP transition (most are Cd8+/ Cd4+, some undergoing VDJ recombination)	facs	18_53_M	241821.0	1104.0	male	Thymus Flowthrough	Thymus	nan	21	23
E12_B000814_B008548_S108			18	E12_B000814_B008548_S108	18_46_F	GAT	False	1	False	E12_B000814_B008548_S108.mm10-plus-6-0	exact_library_id_plus_documented_alignment_suffix	E12_B000814_B008548_S108.mm10-plus-6-0-1	one_assay_suffix	18m	1	nan	CD8-positive, alpha-beta T cell	nan	nan	facs	18_46_F	551062.0	2035.0	female	Fat	GAT	nan	6	5
E12_B002828_B007462_S108	61.0	3.0	18	E12_B002828_B007462_S108	18_47_F	Marrow	True	2	True	E12_B002828_B007462_S108.mm10-plus-6-0	exact_library_id_plus_documented_alignment_suffix	E12_B002828_B007462_S108.mm10-plus-6-0-1	one_assay_suffix	18m	1	nan	mature alpha-beta T cell	nan	BM CD8 + CD4 T cell	facs	18_47_F	475352.0	1943.0	female	T cells	Marrow	nan	4	9
E12_B003007_B009008_S108			18	E12_B003007_B009008_S108	18_46_F	Thymus	False	1	False	E12_B003007_B009008_S108.mm10-plus-7-0	exact_library_id_plus_documented_alignment_suffix	E12_B003007_B009008_S108.mm10-plus-7-0-1	one_assay_suffix	18m	1	nan	macrophage	nan	macrophage	facs	18_46_F	1580577.0	2905.0	female	Thymus Flowthrough	Thymus	nan	37	41
E12_B003017_B009010_S108			18	E12_B003017_B009010_S108	18_45_M	Thymus	False	1	False	E12_B003017_B009010_S108.mm10-plus-7-0	exact_library_id_plus_documented_alignment_suffix	E12_B003017_B009010_S108.mm10-plus-7-0-1	one_assay_suffix	18m	1	nan	thymocyte	nan	DN to DP transition (most are Cd8+/ Cd4+, some undergoing VDJ recombination)	facs	18_45_M	1234913.0	1360.0	male	Thymus Flowthrough	Thymus	nan	21	23
E13_B000171_B009952_S109	84.0	6.0	18	E13_B000171_B009952_S109	18_53_M	Heart	True	6	True	E13_B000171_B009952_S109.mm10-plus-8-0	exact_library_id_plus_documented_alignment_suffix	E13_B000171_B009952_S109.mm10-plus-8-0-1	one_assay_suffix	18m	1	nan	T cell	nan	T cell	facs	18_53_M	541495.0	2032.0	male	RA	Heart	nan	4	9
E13_B000236_B009007_S109			18	E13_B000236_B009007_S109	18_53_M	Thymus	False	1	False	E13_B000236_B009007_S109.mm10-plus-8-0	exact_library_id_plus_documented_alignment_suffix	E13_B000236_B009007_S109.mm10-plus-8-0-1	one_assay_suffix	18m	1	nan	DN4 thymocyte	nan	DN4 thymocyte	facs	18_53_M	234262.0	1238.0	male	Thymus Flowthrough	Thymus	nan	6	5
E13_B000767_B009945_S109			18	E13_B000767_B009945_S109	18_46_F	Liver	False	1	False	E13_B000767_B009945_S109.mm10-plus-4-0	exact_library_id_plus_documented_alignment_suffix	E13_B000767_B009945_S109.mm10-plus-4-0-1	one_assay_suffix	18m	1	nan	mature NK T cell	nan	nan	facs	18_46_F	1553401.0	1766.0	female	Liver non-hepato/SCs	Liver	nan	40	47
E13_B002459_B007461_S109	129.0	2.0	18	E13_B002459_B007461_S109	18_46_F	Marrow	True	2	True	E13_B002459_B007461_S109.mm10-plus-8-0	exact_library_id_plus_documented_alignment_suffix	E13_B002459_B007461_S109.mm10-plus-8-0-1	one_assay_suffix	18m	1	nan	mature alpha-beta T cell	nan	BM CD8 + CD4 T cell	facs	18_46_F	377922.0	2458.0	female	T cells	Marrow	nan	4	9
E13_B003017_B009010_S109			18	E13_B003017_B009010_S109	18_45_M	Thymus	False	1	False	E13_B003017_B009010_S109.mm10-plus-7-0	exact_library_id_plus_documented_alignment_suffix	E13_B003017_B009010_S109.mm10-plus-7-0-1	one_assay_suffix	18m	1	nan	thymocyte	nan	DN to DP transition (most are Cd8+/ Cd4+, some undergoing VDJ recombination)	facs	18_45_M	1132092.0	961.0	male	Thymus Flowthrough	Thymus	nan	21	23
E14_B000236_B009007_S110			18	E14_B000236_B009007_S110	18_53_M	Thymus	False	1	False	E14_B000236_B009007_S110.mm10-plus-8-0	exact_library_id_plus_documented_alignment_suffix		unmatched																
E14_B000490_B009961_S110	44.0	3.0	18	E14_B000490_B009961_S110	18_47_F	Heart	True	3	True	E14_B000490_B009961_S110.mm10-plus-6-0	exact_library_id_plus_documented_alignment_suffix	E14_B000490_B009961_S110.mm10-plus-6-0-1	one_assay_suffix	18m	1	nan	T cell	nan	T cell	facs	18_47_F	895376.0	1458.0	female	LA	Heart	nan	4	9
E14_B000788_B008433_S110			18	E14_B000788_B008433_S110	18_46_F	BAT	False	1	False	E14_B000788_B008433_S110.mm10-plus-6-0	exact_library_id_plus_documented_alignment_suffix	E14_B000788_B008433_S110.mm10-plus-6-0-1	one_assay_suffix	18m	1	nan	T cell	nan	nan	facs	18_46_F	2399082.0	1605.0	female	Fat	BAT	nan	4	5
E14_B000795_B008545_S110	9.0	9.0	18	E14_B000795_B008545_S110	18_47_F	MAT	True	8	True	E14_B000795_B008545_S110.mm10-plus-3-0	exact_library_id_plus_documented_alignment_suffix	E14_B000795_B008545_S110.mm10-plus-3-0-1	one_assay_suffix	18m	1	nan	CD8-positive, alpha-beta T cell	nan	nan	facs	18_47_F	3756003.0	1979.0	female	Fat	MAT	nan	4	9
E14_B000808_B008541_S110	93.0	7.0	18	E14_B000808_B008541_S110	18_47_F	SCAT	True	2	True	E14_B000808_B008541_S110.mm10-plus-6-0	exact_library_id_plus_documented_alignment_suffix	E14_B000808_B008541_S110.mm10-plus-6-0-1	one_assay_suffix	18m	1	nan	CD8-positive, alpha-beta T cell	nan	nan	facs	18_47_F	755718.0	2381.0	female	Fat	SCAT	nan	4	9
E14_B001369_B009009_S110			18	E14_B001369_B009009_S110	18_47_F	Thymus	False	1	False	E14_B001369_B009009_S110.mm10-plus-7-0	exact_library_id_plus_documented_alignment_suffix	E14_B001369_B009009_S110.mm10-plus-7-0-1	one_assay_suffix	18m	1	nan	DN4 thymocyte	nan	DN4 thymocyte	facs	18_47_F	2021539.0	2975.0	female	Thymus Flowthrough	Thymus	nan	6	5
E14_B002452_B009020_S110			18	E14_B002452_B009020_S110	18_47_F	Spleen	False	1	False	E14_B002452_B009020_S110.mm10-plus-0-0	exact_library_id_plus_documented_alignment_suffix	E14_B002452_B009020_S110.mm10-plus-0-0-1	one_assay_suffix	18m	1	nan	CD4-positive, alpha-beta T cell	nan	Cd3e T cell	facs	18_47_F	623021.0	2249.0	female	nan	Spleen	nan	4	21
E14_B002459_B007461_S110			18	E14_B002459_B007461_S110	18_46_F	Marrow	False	1	False	E14_B002459_B007461_S110.mm10-plus-8-0	exact_library_id_plus_documented_alignment_suffix	E14_B002459_B007461_S110.mm10-plus-8-0-1	one_assay_suffix	18m	1	nan	promonocyte	nan	monocyte + promonocyte	facs	18_46_F	1648343.0	5124.0	female	T cells	Marrow	nan	2	4
E14_B002828_B007462_S110			18	E14_B002828_B007462_S110	18_47_F	Marrow	False	1	False	E14_B002828_B007462_S110.mm10-plus-6-0	exact_library_id_plus_documented_alignment_suffix	E14_B002828_B007462_S110.mm10-plus-6-0-1	one_assay_suffix	18m	1	nan	CD4-positive, alpha-beta T cell	nan	BM CD4 T cell	facs	18_47_F	461051.0	1726.0	female	T cells	Marrow	nan	4	21
E14_B003007_B009008_S110			18	E14_B003007_B009008_S110	18_46_F	Thymus	False	1	False	E14_B003007_B009008_S110.mm10-plus-7-0	exact_library_id_plus_documented_alignment_suffix	E14_B003007_B009008_S110.mm10-plus-7-0-1	one_assay_suffix	18m	1	nan	DN4 thymocyte	nan	DN4 thymocyte	facs	18_46_F	2062020.0	3737.0	female	Thymus Flowthrough	Thymus	nan	6	5
E14_D045405_B009854_S110			18	E14_D045405_B009854_S110	18_45_M	Marrow	False	1	False	E14_D045405_B009854_S110.mm10-plus-6-0	exact_library_id_plus_documented_alignment_suffix	E14_D045405_B009854_S110.mm10-plus-6-0-1	one_assay_suffix	18m	1	nan	mature alpha-beta T cell	nan	BM CD8 + CD4 T cell	facs	18_45_M	128338.0	1288.0	male	T cells	Marrow	nan	4	9
E15_B000236_B009007_S111			18	E15_B000236_B009007_S111	18_53_M	Thymus	False	1	False	E15_B000236_B009007_S111.mm10-plus-8-0	exact_library_id_plus_documented_alignment_suffix	E15_B000236_B009007_S111.mm10-plus-8-0-1	one_assay_suffix	18m	1	nan	thymocyte	nan	DN to DP transition (most are Cd8+/ Cd4+, some undergoing VDJ recombination)	facs	18_53_M	212863.0	1106.0	male	Thymus Flowthrough	Thymus	nan	21	23
E15_B000806_B008540_S111	78.0	3.0	18	E15_B000806_B008540_S111	18_46_F	MAT	True	3	True	E15_B000806_B008540_S111.mm10-plus-6-0	exact_library_id_plus_documented_alignment_suffix	E15_B000806_B008540_S111.mm10-plus-6-0-1	one_assay_suffix	18m	1	nan	CD8-positive, alpha-beta T cell	nan	nan	facs	18_46_F	204742.0	1718.0	female	Fat	MAT	nan	4	9
E15_B001369_B009009_S111			18	E15_B001369_B009009_S111	18_47_F	Thymus	False	1	False	E15_B001369_B009009_S111.mm10-plus-7-0	exact_library_id_plus_documented_alignment_suffix	E15_B001369_B009009_S111.mm10-plus-7-0-1	one_assay_suffix	18m	1	nan	DN4 thymocyte	nan	DN4 thymocyte	facs	18_47_F	188819.0	1858.0	female	Thymus Flowthrough	Thymus	nan	6	5
E15_B002452_B009020_S111	114.0	3.0	18	E15_B002452_B009020_S111	18_47_F	Spleen	True	2	True	E15_B002452_B009020_S111.mm10-plus-0-0	exact_library_id_plus_documented_alignment_suffix	E15_B002452_B009020_S111.mm10-plus-0-0-1	one_assay_suffix	18m	1	nan	CD4-positive, alpha-beta T cell	nan	Cd3e T cell	facs	18_47_F	642543.0	1492.0	female	nan	Spleen	nan	4	21
E15_B002459_B007461_S111			18	E15_B002459_B007461_S111	18_46_F	Marrow	False	1	False	E15_B002459_B007461_S111.mm10-plus-8-0	exact_library_id_plus_documented_alignment_suffix	E15_B002459_B007461_S111.mm10-plus-8-0-1	one_assay_suffix	18m	1	nan	NK cell	nan	Klrb1a/b/c(-) NK cell	facs	18_46_F	442546.0	2749.0	female	T cells	Marrow	nan	43	8
E15_B002828_B007462_S111	18.0	8.0	18	E15_B002828_B007462_S111	18_47_F	Marrow	True	3	True	E15_B002828_B007462_S111.mm10-plus-6-0	exact_library_id_plus_documented_alignment_suffix	E15_B002828_B007462_S111.mm10-plus-6-0-1	one_assay_suffix	18m	1	nan	CD4-positive, alpha-beta T cell	nan	BM CD4 T cell	facs	18_47_F	296428.0	1831.0	female	T cells	Marrow	nan	4	21
E15_B003022_B008546_S111	108.0	3.0	18	E15_B003022_B008546_S111	18_45_M	MAT	True	3	True	E15_B003022_B008546_S111.mm10-plus-7-0	exact_library_id_plus_documented_alignment_suffix	E15_B003022_B008546_S111.mm10-plus-7-0-1	one_assay_suffix	18m	1	nan	CD8-positive, alpha-beta T cell	nan	nan	facs	18_45_M	676937.0	1679.0	male	Fat	MAT	nan	4	9
E16_B000236_B009007_S112			18	E16_B000236_B009007_S112	18_53_M	Thymus	False	1	False	E16_B000236_B009007_S112.mm10-plus-8-0	exact_library_id_plus_documented_alignment_suffix	E16_B000236_B009007_S112.mm10-plus-8-0-1	one_assay_suffix	18m	1	nan	thymocyte	nan	proliferating thymocyte; DN to DP transition, dividing (some are Cd8+/ Cd4+, some undergoing VDJ recombination)	facs	18_53_M	731927.0	2121.0	male	Thymus Flowthrough	Thymus	nan	21	23
E16_B000477_B008543_S112			18	E16_B000477_B008543_S112	18_53_M	MAT	False	1	False	E16_B000477_B008543_S112.mm10-plus-6-0	exact_library_id_plus_documented_alignment_suffix	E16_B000477_B008543_S112.mm10-plus-6-0-1	one_assay_suffix	18m	1	nan	CD8-positive, alpha-beta T cell	nan	nan	facs	18_53_M	907066.0	1250.0	male	Fat	MAT	nan	4	9
E16_B001369_B009009_S112			18	E16_B001369_B009009_S112	18_47_F	Thymus	False	1	False	E16_B001369_B009009_S112.mm10-plus-7-0	exact_library_id_plus_documented_alignment_suffix	E16_B001369_B009009_S112.mm10-plus-7-0-1	one_assay_suffix	18m	1	nan	DN4 thymocyte	nan	DN4 thymocyte	facs	18_47_F	32222.0	1879.0	female	Thymus Flowthrough	Thymus	nan	6	5
E16_B003007_B009008_S112			18	E16_B003007_B009008_S112	18_46_F	Thymus	False	1	False	E16_B003007_B009008_S112.mm10-plus-7-0	exact_library_id_plus_documented_alignment_suffix	E16_B003007_B009008_S112.mm10-plus-7-0-1	one_assay_suffix	18m	1	nan	DN4 thymocyte	nan	DN4 thymocyte	facs	18_46_F	1523608.0	2022.0	female	Thymus Flowthrough	Thymus	nan	4	5
E17_B000236_B009007_S113			18	E17_B000236_B009007_S113	18_53_M	Thymus	False	1	False	E17_B000236_B009007_S113.mm10-plus-8-0	exact_library_id_plus_documented_alignment_suffix	E17_B000236_B009007_S113.mm10-plus-8-0-1	one_assay_suffix	18m	1	nan	thymocyte	nan	DN to DP transition (most are Cd8+/ Cd4+, some undergoing VDJ recombination)	facs	18_53_M	320785.0	999.0	male	Thymus Flowthrough	Thymus	nan	21	23
E17_B001369_B009009_S113			18	E17_B001369_B009009_S113	18_47_F	Thymus	False	1	False	E17_B001369_B009009_S113.mm10-plus-7-0	exact_library_id_plus_documented_alignment_suffix	E17_B001369_B009009_S113.mm10-plus-7-0-1	one_assay_suffix	18m	1	nan	DN4 thymocyte	nan	DN4 thymocyte	facs	18_47_F	1729227.0	2033.0	female	Thymus Flowthrough	Thymus	nan	6	5
E17_B002459_B007461_S113			18	E17_B002459_B007461_S113	18_46_F	Marrow	False	1	False	E17_B002459_B007461_S113.mm10-plus-8-0	exact_library_id_plus_documented_alignment_suffix	E17_B002459_B007461_S113.mm10-plus-8-0-1	one_assay_suffix	18m	1	nan	NK cell	nan	NK cell	facs	18_46_F	651894.0	3129.0	female	T cells	Marrow	nan	4	9
E17_B003007_B009008_S113	18.0	8.0	18	E17_B003007_B009008_S113	18_46_F	Thymus	True	5	True	E17_B003007_B009008_S113.mm10-plus-7-0	exact_library_id_plus_documented_alignment_suffix	E17_B003007_B009008_S113.mm10-plus-7-0-1	one_assay_suffix	18m	1	nan	DN4 thymocyte	nan	DN4 thymocyte	facs	18_46_F	1628215.0	3002.0	female	Thymus Flowthrough	Thymus	nan	4	21
E17_B003017_B009010_S113			18	E17_B003017_B009010_S113	18_45_M	Thymus	False	1	False	E17_B003017_B009010_S113.mm10-plus-7-0	exact_library_id_plus_documented_alignment_suffix	E17_B003017_B009010_S113.mm10-plus-7-0-1	one_assay_suffix	18m	1	nan	thymocyte	nan	proliferating thymocyte; DN to DP transition, dividing (some are Cd8+/ Cd4+, some undergoing VDJ recombination)	facs	18_45_M	4591834.0	2660.0	male	Thymus Flowthrough	Thymus	nan	21	23
E18_B000236_B009007_S114			18	E18_B000236_B009007_S114	18_53_M	Thymus	False	1	False	E18_B000236_B009007_S114.mm10-plus-8-0	exact_library_id_plus_documented_alignment_suffix	E18_B000236_B009007_S114.mm10-plus-8-0-1	one_assay_suffix	18m	1	nan	thymocyte	nan	DN to DP transition (most are Cd8+/ Cd4+, some undergoing VDJ recombination)	facs	18_53_M	442079.0	1109.0	male	Thymus Flowthrough	Thymus	nan	21	23
E18_B001369_B009009_S114			18	E18_B001369_B009009_S114	18_47_F	Thymus	False	1	False	E18_B001369_B009009_S114.mm10-plus-7-0	exact_library_id_plus_documented_alignment_suffix	E18_B001369_B009009_S114.mm10-plus-7-0-1	one_assay_suffix	18m	1	nan	DN4 thymocyte	nan	DN4 thymocyte	facs	18_47_F	2306404.0	2623.0	female	Thymus Flowthrough	Thymus	nan	6	5
E18_B002709_B009018_S114			18	E18_B002709_B009018_S114	18_53_M	Spleen	False	1	False	E18_B002709_B009018_S114.mm10-plus-7-0	exact_library_id_plus_documented_alignment_suffix	E18_B002709_B009018_S114.mm10-plus-7-0-1	one_assay_suffix	18m	1	nan	CD4-positive, alpha-beta T cell	nan	nan	facs	18_53_M	112054.0	1510.0	male	nan	Spleen	nan	4	9
E18_B003007_B009008_S114			18	E18_B003007_B009008_S114	18_46_F	Thymus	False	1	False	E18_B003007_B009008_S114.mm10-plus-7-0	exact_library_id_plus_documented_alignment_suffix	E18_B003007_B009008_S114.mm10-plus-7-0-1	one_assay_suffix	18m	1	nan	DN4 thymocyte	nan	DN4 thymocyte	facs	18_46_F	220655.0	1211.0	female	Thymus Flowthrough	Thymus	nan	4	21
E18_B003017_B009010_S114			18	E18_B003017_B009010_S114	18_45_M	Thymus	False	1	False	E18_B003017_B009010_S114.mm10-plus-7-0	exact_library_id_plus_documented_alignment_suffix	E18_B003017_B009010_S114.mm10-plus-7-0-1	one_assay_suffix	18m	1	nan	DN4 thymocyte	nan	DN4 thymocyte	facs	18_45_M	246445.0	758.0	male	Thymus Flowthrough	Thymus	nan	21	23
E19_B000236_B009007_S115			18	E19_B000236_B009007_S115	18_53_M	Thymus	False	1	False	E19_B000236_B009007_S115.mm10-plus-8-0	exact_library_id_plus_documented_alignment_suffix	E19_B000236_B009007_S115.mm10-plus-8-0-1	one_assay_suffix	18m	1	nan	thymocyte	nan	DN to DP transition (most are Cd8+/ Cd4+, some undergoing VDJ recombination)	facs	18_53_M	489085.0	1114.0	male	Thymus Flowthrough	Thymus	nan	21	23
E19_B000248_B009895_S115	24.0	11.0	18	E19_B000248_B009895_S115	18_53_M	Lung	True	11	True	E19_B000248_B009895_S115.mm10-plus-4-0	exact_library_id_plus_documented_alignment_suffix	E19_B000248_B009895_S115.mm10-plus-4-0-1	one_assay_suffix	18m	1	nan	CD8-positive, alpha-beta T cell	nan	CD8+ T	facs	18_53_M	3155442.0	2407.0	male	EPCAM	Lung	nan	4	9
E19_B000767_B009945_S115	110.0	9.0	18	E19_B000767_B009945_S115	18_46_F	Liver	True	6	True	E19_B000767_B009945_S115.mm10-plus-4-0	exact_library_id_plus_documented_alignment_suffix	E19_B000767_B009945_S115.mm10-plus-4-0-1	one_assay_suffix	18m	1	nan	CD8-positive, alpha-beta T cell	nan	nan	facs	18_46_F	853346.0	1466.0	female	Liver non-hepato/SCs	Liver	nan	4	9
E19_B001369_B009009_S115			18	E19_B001369_B009009_S115	18_47_F	Thymus	False	1	False	E19_B001369_B009009_S115.mm10-plus-7-0	exact_library_id_plus_documented_alignment_suffix	E19_B001369_B009009_S115.mm10-plus-7-0-1	one_assay_suffix	18m	1	nan	DN4 thymocyte	nan	DN4 thymocyte	facs	18_47_F	673466.0	2286.0	female	Thymus Flowthrough	Thymus	nan	6	5
E19_B003007_B009008_S115	18.0	8.0	18	E19_B003007_B009008_S115	18_46_F	Thymus	True	5	True	E19_B003007_B009008_S115.mm10-plus-7-0	exact_library_id_plus_documented_alignment_suffix	E19_B003007_B009008_S115.mm10-plus-7-0-1	one_assay_suffix	18m	1	nan	macrophage	nan	macrophage	facs	18_46_F	821238.0	1915.0	female	Thymus Flowthrough	Thymus	nan	0	0
E19_B003017_B009010_S115			18	E19_B003017_B009010_S115	18_45_M	Thymus	False	1	False	E19_B003017_B009010_S115.mm10-plus-7-0	exact_library_id_plus_documented_alignment_suffix	E19_B003017_B009010_S115.mm10-plus-7-0-1	one_assay_suffix	18m	1	nan	thymocyte	nan	DN to DP transition (most are Cd8+/ Cd4+, some undergoing VDJ recombination)	facs	18_45_M	730199.0	1043.0	male	Thymus Flowthrough	Thymus	nan	21	23
E1_B000236_B009007_S97			18	E1_B000236_B009007_S97	18_53_M	Thymus	False	1	False	E1_B000236_B009007_S97.mm10-plus-8-0	exact_library_id_plus_documented_alignment_suffix	E1_B000236_B009007_S97.mm10-plus-8-0-1	one_assay_suffix	18m	1	nan	DN4 thymocyte	nan	DN4 thymocyte	facs	18_53_M	508043.0	2009.0	male	Thymus Flowthrough	Thymus	nan	6	5
E1_B000767_B009945_S97			18	E1_B000767_B009945_S97	18_46_F	Liver	False	1	False	E1_B000767_B009945_S97.mm10-plus-4-0	exact_library_id_plus_documented_alignment_suffix	E1_B000767_B009945_S97.mm10-plus-4-0-1	one_assay_suffix	18m	1	nan	CD4-positive, alpha-beta T cell	nan	nan	facs	18_46_F	865029.0	1341.0	female	Liver non-hepato/SCs	Liver	nan	4	21
E1_B002828_B007462_S97	141.0	3.0	18	E1_B002828_B007462_S97	18_47_F	Marrow	True	3	True	E1_B002828_B007462_S97.mm10-plus-6-0	exact_library_id_plus_documented_alignment_suffix	E1_B002828_B007462_S97.mm10-plus-6-0-1	one_assay_suffix	18m	1	nan	mature alpha-beta T cell	nan	BM CD8 + CD4 T cell	facs	18_47_F	870714.0	2313.0	female	T cells	Marrow	nan	4	9
E1_B003007_B009008_S97	95.0	5.0	18	E1_B003007_B009008_S97	18_46_F	Thymus	True	3	True	E1_B003007_B009008_S97.mm10-plus-7-0	exact_library_id_plus_documented_alignment_suffix	E1_B003007_B009008_S97.mm10-plus-7-0-1	one_assay_suffix	18m	1	nan	macrophage	nan	macrophage	facs	18_46_F	1550357.0	2678.0	female	Thymus Flowthrough	Thymus	nan	0	0
E1_B003017_B009010_S97			18	E1_B003017_B009010_S97	18_45_M	Thymus	False	1	False	E1_B003017_B009010_S97.mm10-plus-7-0	exact_library_id_plus_documented_alignment_suffix	E1_B003017_B009010_S97.mm10-plus-7-0-1	one_assay_suffix	18m	1	nan	thymocyte	nan	proliferating thymocyte; DN to DP transition, dividing (some are Cd8+/ Cd4+, some undergoing VDJ recombination)	facs	18_45_M	4481502.0	2881.0	male	Thymus Flowthrough	Thymus	nan	21	23
E1_D045367_B009017_S97			18	E1_D045367_B009017_S97	18_45_M	Thymus	False	1	False	E1_D045367_B009017_S97.mm10-plus-8-0	exact_library_id_plus_documented_alignment_suffix	E1_D045367_B009017_S97.mm10-plus-8-0-1	one_assay_suffix	18m	1	nan	thymocyte	nan	proliferating thymocyte; DN to DP transition, dividing (some are Cd8+/ Cd4+, some undergoing VDJ recombination)	facs	18_45_M	3481967.0	4307.0	male	Thymus Epithelium	Thymus	nan	21	23
E20_B000236_B009007_S116			18	E20_B000236_B009007_S116	18_53_M	Thymus	False	1	False	E20_B000236_B009007_S116.mm10-plus-8-0	exact_library_id_plus_documented_alignment_suffix	E20_B000236_B009007_S116.mm10-plus-8-0-1	one_assay_suffix	18m	1	nan	DN4 thymocyte	nan	DN4 thymocyte	facs	18_53_M	857978.0	1953.0	male	Thymus Flowthrough	Thymus	nan	6	5
E20_B000767_B009945_S116			18	E20_B000767_B009945_S116	18_46_F	Liver	False	1	False	E20_B000767_B009945_S116.mm10-plus-4-0	exact_library_id_plus_documented_alignment_suffix	E20_B000767_B009945_S116.mm10-plus-4-0-1	one_assay_suffix	18m	1	nan	mature NK T cell	nan	nan	facs	18_46_F	967277.0	1409.0	female	Liver non-hepato/SCs	Liver	nan	40	47
E20_B001369_B009009_S116			18	E20_B001369_B009009_S116	18_47_F	Thymus	False	1	False	E20_B001369_B009009_S116.mm10-plus-7-0	exact_library_id_plus_documented_alignment_suffix	E20_B001369_B009009_S116.mm10-plus-7-0-1	one_assay_suffix	18m	1	nan	DN4 thymocyte	nan	DN4 thymocyte	facs	18_47_F	758745.0	2422.0	female	Thymus Flowthrough	Thymus	nan	6	5
E20_B002338_B009294_S92	4.0	4.0	18	E20_B002338_B009294_S92	18_47_F	Brain_Non-Myeloid	True	2	True	E20_B002338_B009294_S92.mm10-plus-1-0	exact_library_id_plus_documented_alignment_suffix	E20_B002338_B009294_S92.mm10-plus-1-0-1	one_assay_suffix	18m	1	nan	T cell	nan	nan	facs	18_47_F	916958.0	1145.0	female	Cortex 	Brain_Non-Myeloid	nan	4	21
E20_B003017_B009010_S116			18	E20_B003017_B009010_S116	18_45_M	Thymus	False	1	False	E20_B003017_B009010_S116.mm10-plus-7-0	exact_library_id_plus_documented_alignment_suffix	E20_B003017_B009010_S116.mm10-plus-7-0-1	one_assay_suffix	18m	1	nan	thymocyte	nan	DN to DP transition (most are Cd8+/ Cd4+, some undergoing VDJ recombination)	facs	18_45_M	902311.0	940.0	male	Thymus Flowthrough	Thymus	nan	21	23
E21_B000236_B009007_S117			18	E21_B000236_B009007_S117	18_53_M	Thymus	False	1	False	E21_B000236_B009007_S117.mm10-plus-8-0	exact_library_id_plus_documented_alignment_suffix	E21_B000236_B009007_S117.mm10-plus-8-0-1	one_assay_suffix	18m	1	nan	thymocyte	nan	DN to DP transition (most are Cd8+/ Cd4+, some undergoing VDJ recombination)	facs	18_53_M	452558.0	678.0	male	Thymus Flowthrough	Thymus	nan	21	23
E21_B001369_B009009_S117	31.0	2.0	18	E21_B001369_B009009_S117	18_47_F	Thymus	True	1	False	E21_B001369_B009009_S117.mm10-plus-7-0	exact_library_id_plus_documented_alignment_suffix	E21_B001369_B009009_S117.mm10-plus-7-0-1	one_assay_suffix	18m	1	nan	DN4 thymocyte	nan	DN4 thymocyte	facs	18_47_F	2007115.0	2589.0	female	Thymus Flowthrough	Thymus	nan	6	5
E21_B002843_B009897_S117	49.0	4.0	18	E21_B002843_B009897_S117	18_47_F	Lung	True	3	True	E21_B002843_B009897_S117.mm10-plus-6-0	exact_library_id_plus_documented_alignment_suffix	E21_B002843_B009897_S117.mm10-plus-6-0-1	one_assay_suffix	18m	1	nan	CD8-positive, alpha-beta T cell	nan	CD8+ T	facs	18_47_F	1663247.0	1527.0	female	EPCAM	Lung	nan	4	9
E21_B003007_B009008_S117			18	E21_B003007_B009008_S117	18_46_F	Thymus	False	1	False	E21_B003007_B009008_S117.mm10-plus-7-0	exact_library_id_plus_documented_alignment_suffix	E21_B003007_B009008_S117.mm10-plus-7-0-1	one_assay_suffix	18m	1	nan	DN4 thymocyte	nan	DN4 thymocyte	facs	18_46_F	1345887.0	1973.0	female	Thymus Flowthrough	Thymus	nan	4	21
E21_B003017_B009010_S117			18	E21_B003017_B009010_S117	18_45_M	Thymus	False	1	False	E21_B003017_B009010_S117.mm10-plus-7-0	exact_library_id_plus_documented_alignment_suffix	E21_B003017_B009010_S117.mm10-plus-7-0-1	one_assay_suffix	18m	1	nan	thymocyte	nan	DN to DP transition (most are Cd8+/ Cd4+, some undergoing VDJ recombination)	facs	18_45_M	1135678.0	903.0	male	Thymus Flowthrough	Thymus	nan	21	23
E22_B000120_B007345_S118			18	E22_B000120_B007345_S118	18_47_F	Trachea	False	1	False	E22_B000120_B007345_S118.mm10-plus-7-0	exact_library_id_plus_documented_alignment_suffix	E22_B000120_B007345_S118.mm10-plus-7-0-1	one_assay_suffix	18m	1	nan	T cell	nan	nan	facs	18_47_F	903019.0	1139.0	female	nan	Trachea	nan	4	21
E22_B000236_B009007_S118			18	E22_B000236_B009007_S118	18_53_M	Thymus	False	1	False	E22_B000236_B009007_S118.mm10-plus-8-0	exact_library_id_plus_documented_alignment_suffix	E22_B000236_B009007_S118.mm10-plus-8-0-1	one_assay_suffix	18m	1	nan	thymocyte	nan	DN to DP transition (most are Cd8+/ Cd4+, some undergoing VDJ recombination)	facs	18_53_M	745376.0	1215.0	male	Thymus Flowthrough	Thymus	nan	21	23
E22_B000750_B007346_S118	55.0	2.0	18	E22_B000750_B007346_S118	18_45_M	Trachea	True	2	True	E22_B000750_B007346_S118.mm10-plus-8-0	exact_library_id_plus_documented_alignment_suffix	E22_B000750_B007346_S118.mm10-plus-8-0-1	one_assay_suffix	18m	1	nan	T cell	nan	nan	facs	18_45_M	1006212.0	1762.0	male	nan	Trachea	nan	4	21
E22_B001059_B009342_S118	78.0	3.0	18	E22_B001059_B009342_S118	18_46_F	Brain_Non-Myeloid	True	3	True	E22_B001059_B009342_S118.mm10-plus-0-0	exact_library_id_plus_documented_alignment_suffix	E22_B001059_B009342_S118.mm10-plus-0-0-1	one_assay_suffix	18m	1	nan	CD8-positive, alpha-beta T cell	nan	nan	facs	18_46_F	3267464.0	1969.0	female	Striatum 	Brain_Non-Myeloid	nan	4	9
E22_B001369_B009009_S118			18	E22_B001369_B009009_S118	18_47_F	Thymus	False	1	False	E22_B001369_B009009_S118.mm10-plus-7-0	exact_library_id_plus_documented_alignment_suffix	E22_B001369_B009009_S118.mm10-plus-7-0-1	one_assay_suffix	18m	1	nan	DN4 thymocyte	nan	DN4 thymocyte	facs	18_47_F	1656501.0	2044.0	female	Thymus Flowthrough	Thymus	nan	6	5
E22_B002709_B009018_S118			18	E22_B002709_B009018_S118	18_53_M	Spleen	False	1	False	E22_B002709_B009018_S118.mm10-plus-7-0	exact_library_id_plus_documented_alignment_suffix	E22_B002709_B009018_S118.mm10-plus-7-0-1	one_assay_suffix	18m	1	nan	CD8-positive, alpha-beta T cell	nan	nan	facs	18_53_M	1706719.0	2051.0	male	nan	Spleen	nan	4	9
E22_B002843_B009897_S118			18	E22_B002843_B009897_S118	18_47_F	Lung	False	1	False	E22_B002843_B009897_S118.mm10-plus-6-0	exact_library_id_plus_documented_alignment_suffix	E22_B002843_B009897_S118.mm10-plus-6-0-1	one_assay_suffix	18m	1	nan	CD8-positive, alpha-beta T cell	nan	CD8+ T	facs	18_47_F	2560368.0	1781.0	female	EPCAM	Lung	nan	4	9
E22_B003007_B009008_S118			18	E22_B003007_B009008_S118	18_46_F	Thymus	False	1	False	E22_B003007_B009008_S118.mm10-plus-7-0	exact_library_id_plus_documented_alignment_suffix	E22_B003007_B009008_S118.mm10-plus-7-0-1	one_assay_suffix	18m	1	nan	DN4 thymocyte	nan	DN4 thymocyte	facs	18_46_F	1145288.0	1833.0	female	Thymus Flowthrough	Thymus	nan	4	21
E22_B003017_B009010_S118			18	E22_B003017_B009010_S118	18_45_M	Thymus	False	1	False	E22_B003017_B009010_S118.mm10-plus-7-0	exact_library_id_plus_documented_alignment_suffix	E22_B003017_B009010_S118.mm10-plus-7-0-1	one_assay_suffix	18m	1	nan	thymocyte	nan	DN to DP transition (most are Cd8+/ Cd4+, some undergoing VDJ recombination)	facs	18_45_M	1244559.0	1179.0	male	Thymus Flowthrough	Thymus	nan	6	23
E2_B000236_B009007_S98			18	E2_B000236_B009007_S98	18_53_M	Thymus	False	1	False	E2_B000236_B009007_S98.mm10-plus-8-0	exact_library_id_plus_documented_alignment_suffix	E2_B000236_B009007_S98.mm10-plus-8-0-1	one_assay_suffix	18m	1	nan	DN4 thymocyte	nan	DN4 thymocyte	facs	18_53_M	562051.0	1832.0	male	Thymus Flowthrough	Thymus	nan	6	5
E2_B001369_B009009_S98	107.0	4.0	18	E2_B001369_B009009_S98	18_47_F	Thymus	True	3	True	E2_B001369_B009009_S98.mm10-plus-7-0	exact_library_id_plus_documented_alignment_suffix	E2_B001369_B009009_S98.mm10-plus-7-0-1	one_assay_suffix	18m	1	nan	DN4 thymocyte	nan	DN4 thymocyte	facs	18_47_F	974605.0	2326.0	female	Thymus Flowthrough	Thymus	nan	6	5
E2_B002452_B009020_S98			18	E2_B002452_B009020_S98	18_47_F	Spleen	False	1	False	E2_B002452_B009020_S98.mm10-plus-0-0	exact_library_id_plus_documented_alignment_suffix	E2_B002452_B009020_S98.mm10-plus-0-0-1	one_assay_suffix	18m	1	nan	CD4-positive, alpha-beta T cell	nan	Cd3e T cell	facs	18_47_F	808390.0	1997.0	female	nan	Spleen	nan	4	21
E2_B002459_B007461_S98	67.0	2.0	18	E2_B002459_B007461_S98	18_46_F	Marrow	True	2	True	E2_B002459_B007461_S98.mm10-plus-8-0	exact_library_id_plus_documented_alignment_suffix	E2_B002459_B007461_S98.mm10-plus-8-0-1	one_assay_suffix	18m	1	nan	NK cell	nan	Klrb1a/b/c(-) NK cell	facs	18_46_F	984164.0	3666.0	female	T cells	Marrow	nan	4	7
E2_B002709_B009018_S98			18	E2_B002709_B009018_S98	18_53_M	Spleen	False	1	False	E2_B002709_B009018_S98.mm10-plus-7-0	exact_library_id_plus_documented_alignment_suffix	E2_B002709_B009018_S98.mm10-plus-7-0-1	one_assay_suffix	18m	1	nan	CD8-positive, alpha-beta T cell	nan	Cd3e T cell	facs	18_53_M	829170.0	1834.0	male	nan	Spleen	nan	4	5
E2_B003007_B009008_S98			18	E2_B003007_B009008_S98	18_46_F	Thymus	False	1	False	E2_B003007_B009008_S98.mm10-plus-7-0	exact_library_id_plus_documented_alignment_suffix	E2_B003007_B009008_S98.mm10-plus-7-0-1	one_assay_suffix	18m	1	nan	DN4 thymocyte	nan	DN4 thymocyte	facs	18_46_F	997621.0	1447.0	female	Thymus Flowthrough	Thymus	nan	6	5
E2_B003017_B009010_S98			18	E2_B003017_B009010_S98	18_45_M	Thymus	False	1	False	E2_B003017_B009010_S98.mm10-plus-7-0	exact_library_id_plus_documented_alignment_suffix	E2_B003017_B009010_S98.mm10-plus-7-0-1	one_assay_suffix	18m	1	nan	thymocyte	nan	proliferating thymocyte; DN to DP transition, dividing (some are Cd8+/ Cd4+, some undergoing VDJ recombination)	facs	18_45_M	3729426.0	2902.0	male	Thymus Flowthrough	Thymus	nan	21	23
E2_D045405_B009854_S98			18	E2_D045405_B009854_S98	18_45_M	Marrow	False	1	False	E2_D045405_B009854_S98.mm10-plus-6-0	exact_library_id_plus_documented_alignment_suffix	E2_D045405_B009854_S98.mm10-plus-6-0-1	one_assay_suffix	18m	1	nan	mature alpha-beta T cell	nan	BM CD8 + CD4 T cell	facs	18_45_M	1110219.0	1509.0	male	T cells	Marrow	nan	4	9
E3_B002709_B009018_S99			18	E3_B002709_B009018_S99	18_53_M	Spleen	False	1	False	E3_B002709_B009018_S99.mm10-plus-7-0	exact_library_id_plus_documented_alignment_suffix	E3_B002709_B009018_S99.mm10-plus-7-0-1	one_assay_suffix	18m	1	nan	CD8-positive, alpha-beta T cell	nan	Cd3e T cell	facs	18_53_M	601307.0	1681.0	male	nan	Spleen	nan	6	5
E3_B003007_B009008_S99			18	E3_B003007_B009008_S99	18_46_F	Thymus	False	1	False	E3_B003007_B009008_S99.mm10-plus-7-0	exact_library_id_plus_documented_alignment_suffix	E3_B003007_B009008_S99.mm10-plus-7-0-1	one_assay_suffix	18m	1	nan	DN4 thymocyte	nan	DN4 thymocyte	facs	18_46_F	839024.0	1841.0	female	Thymus Flowthrough	Thymus	nan	4	21
E3_B003017_B009010_S99			18	E3_B003017_B009010_S99	18_45_M	Thymus	False	1	False	E3_B003017_B009010_S99.mm10-plus-7-0	exact_library_id_plus_documented_alignment_suffix	E3_B003017_B009010_S99.mm10-plus-7-0-1	one_assay_suffix	18m	1	nan	thymocyte	nan	proliferating thymocyte; DN to DP transition, dividing (some are Cd8+/ Cd4+, some undergoing VDJ recombination)	facs	18_45_M	5617942.0	4654.0	male	Thymus Flowthrough	Thymus	nan	21	23
E4_B001369_B009009_S100			18	E4_B001369_B009009_S100	18_47_F	Thymus	False	1	False	E4_B001369_B009009_S100.mm10-plus-7-0	exact_library_id_plus_documented_alignment_suffix	E4_B001369_B009009_S100.mm10-plus-7-0-1	one_assay_suffix	18m	1	nan	DN4 thymocyte	nan	DN4 thymocyte	facs	18_47_F	565742.0	2207.0	female	Thymus Flowthrough	Thymus	nan	6	5
E4_B002459_B007461_S100			18	E4_B002459_B007461_S100	18_46_F	Marrow	False	1	False	E4_B002459_B007461_S100.mm10-plus-8-0	exact_library_id_plus_documented_alignment_suffix	E4_B002459_B007461_S100.mm10-plus-8-0-1	one_assay_suffix	18m	1	nan	mature alpha-beta T cell	nan	BM CD8 + CD4 T cell	facs	18_46_F	969563.0	2264.0	female	T cells	Marrow	nan	4	9
E4_B002466_B009898_S100			18	E4_B002466_B009898_S100	18_45_M	Lung	False	1	False	E4_B002466_B009898_S100.mm10-plus-4-0	exact_library_id_plus_documented_alignment_suffix	E4_B002466_B009898_S100.mm10-plus-4-0-1	one_assay_suffix	18m	1	nan	CD4-positive, alpha-beta T cell	nan	CD4+ T	facs	18_45_M	580564.0	1473.0	male	EPCAM	Lung	nan	6	5
E4_B003017_B009010_S100			18	E4_B003017_B009010_S100	18_45_M	Thymus	False	1	False	E4_B003017_B009010_S100.mm10-plus-7-0	exact_library_id_plus_documented_alignment_suffix	E4_B003017_B009010_S100.mm10-plus-7-0-1	one_assay_suffix	18m	1	nan	thymocyte	nan	DN to DP transition (most are Cd8+/ Cd4+, some undergoing VDJ recombination)	facs	18_45_M	244333.0	948.0	male	Thymus Flowthrough	Thymus	nan	21	23
E5_B000236_B009007_S101			18	E5_B000236_B009007_S101	18_53_M	Thymus	False	1	False	E5_B000236_B009007_S101.mm10-plus-8-0	exact_library_id_plus_documented_alignment_suffix	E5_B000236_B009007_S101.mm10-plus-8-0-1	one_assay_suffix	18m	1	nan	DN4 thymocyte	nan	DN4 thymocyte	facs	18_53_M	267318.0	1210.0	male	Thymus Flowthrough	Thymus	nan	4	21
E5_B000268_B009896_S101	17.0	7.0	18	E5_B000268_B009896_S101	18_46_F	Lung	True	7	True	E5_B000268_B009896_S101.mm10-plus-4-0	exact_library_id_plus_documented_alignment_suffix		unmatched																
E5_B000482_B009012_S101			18	E5_B000482_B009012_S101	18_46_F	Thymus	False	1	False	E5_B000482_B009012_S101.mm10-plus-8-0	exact_library_id_plus_documented_alignment_suffix		unmatched																
E5_B003017_B009010_S101			18	E5_B003017_B009010_S101	18_45_M	Thymus	False	1	False	E5_B003017_B009010_S101.mm10-plus-7-0	exact_library_id_plus_documented_alignment_suffix	E5_B003017_B009010_S101.mm10-plus-7-0-1	one_assay_suffix	18m	1	nan	thymocyte	nan	DN to DP transition (most are Cd8+/ Cd4+, some undergoing VDJ recombination)	facs	18_45_M	1539153.0	967.0	male	Thymus Flowthrough	Thymus	nan	21	23
E6_B000120_B007345_S102			18	E6_B000120_B007345_S102	18_47_F	Trachea	False	1	False	E6_B000120_B007345_S102.mm10-plus-7-0	exact_library_id_plus_documented_alignment_suffix	E6_B000120_B007345_S102.mm10-plus-7-0-1	one_assay_suffix	18m	1	nan	T cell	nan	nan	facs	18_47_F	877510.0	2052.0	female	nan	Trachea	nan	4	9
E6_B000236_B009007_S102			18	E6_B000236_B009007_S102	18_53_M	Thymus	False	1	False	E6_B000236_B009007_S102.mm10-plus-8-0	exact_library_id_plus_documented_alignment_suffix	E6_B000236_B009007_S102.mm10-plus-8-0-1	one_assay_suffix	18m	1	nan	DN4 thymocyte	nan	DN4 thymocyte	facs	18_53_M	388237.0	2137.0	male	Thymus Flowthrough	Thymus	nan	6	5
E6_B000268_B009896_S102	17.0	7.0	18	E6_B000268_B009896_S102	18_46_F	Lung	True	7	True	E6_B000268_B009896_S102.mm10-plus-4-0	exact_library_id_plus_documented_alignment_suffix	E6_B000268_B009896_S102.mm10-plus-4-0-1	one_assay_suffix	18m	1	nan	CD8-positive, alpha-beta T cell	nan	CD8+ T	facs	18_46_F	681525.0	2579.0	female	EPCAM	Lung	nan	40	47
E6_B002452_B009020_S102			18	E6_B002452_B009020_S102	18_47_F	Spleen	False	1	False	E6_B002452_B009020_S102.mm10-plus-0-0	exact_library_id_plus_documented_alignment_suffix	E6_B002452_B009020_S102.mm10-plus-0-0-1	one_assay_suffix	18m	1	nan	CD4-positive, alpha-beta T cell	nan	Cd3e T cell	facs	18_47_F	307266.0	1803.0	female	nan	Spleen	nan	4	21
E6_B002459_B007461_S102			18	E6_B002459_B007461_S102	18_46_F	Marrow	False	1	False	E6_B002459_B007461_S102.mm10-plus-8-0	exact_library_id_plus_documented_alignment_suffix	E6_B002459_B007461_S102.mm10-plus-8-0-1	one_assay_suffix	18m	1	nan	CD4-positive, alpha-beta T cell	nan	BM CD4 T cell	facs	18_46_F	965001.0	2128.0	female	T cells	Marrow	nan	4	21
E6_B003017_B009010_S102			18	E6_B003017_B009010_S102	18_45_M	Thymus	False	1	False	E6_B003017_B009010_S102.mm10-plus-7-0	exact_library_id_plus_documented_alignment_suffix	E6_B003017_B009010_S102.mm10-plus-7-0-1	one_assay_suffix	18m	1	nan	thymocyte	nan	DN to DP transition (most are Cd8+/ Cd4+, some undergoing VDJ recombination)	facs	18_45_M	810866.0	860.0	male	Thymus Flowthrough	Thymus	nan	21	23
E6_D045405_B009854_S102			18	E6_D045405_B009854_S102	18_45_M	Marrow	False	1	False	E6_D045405_B009854_S102.mm10-plus-6-0	exact_library_id_plus_documented_alignment_suffix	E6_D045405_B009854_S102.mm10-plus-6-0-1	one_assay_suffix	18m	1	nan	CD4-positive, alpha-beta T cell	nan	BM CD4 T cell	facs	18_45_M	895703.0	1342.0	male	T cells	Marrow	nan	4	21
E7_B000491_B009016_S103			18	E7_B000491_B009016_S103	18_47_F	Thymus	False	1	False	E7_B000491_B009016_S103.mm10-plus-8-0	exact_library_id_plus_documented_alignment_suffix		unmatched																
E7_B001369_B009009_S103			18	E7_B001369_B009009_S103	18_47_F	Thymus	False	1	False	E7_B001369_B009009_S103.mm10-plus-7-0	exact_library_id_plus_documented_alignment_suffix	E7_B001369_B009009_S103.mm10-plus-7-0-1	one_assay_suffix	18m	1	nan	DN4 thymocyte	nan	DN4 thymocyte	facs	18_47_F	457101.0	1913.0	female	Thymus Flowthrough	Thymus	nan	6	5
E7_B003007_B009008_S103	98.0	5.0	18	E7_B003007_B009008_S103	18_46_F	Thymus	True	3	True	E7_B003007_B009008_S103.mm10-plus-7-0	exact_library_id_plus_documented_alignment_suffix	E7_B003007_B009008_S103.mm10-plus-7-0-1	one_assay_suffix	18m	1	nan	DN4 thymocyte	nan	DN4 thymocyte	facs	18_46_F	1719463.0	2681.0	female	Thymus Flowthrough	Thymus	nan	4	21
E7_B003017_B009010_S103			18	E7_B003017_B009010_S103	18_45_M	Thymus	False	1	False	E7_B003017_B009010_S103.mm10-plus-7-0	exact_library_id_plus_documented_alignment_suffix	E7_B003017_B009010_S103.mm10-plus-7-0-1	one_assay_suffix	18m	1	nan	thymocyte	nan	DN to DP transition (most are Cd8+/ Cd4+, some undergoing VDJ recombination)	facs	18_45_M	1021786.0	1341.0	male	Thymus Flowthrough	Thymus	nan	21	23
E8_B000236_B009007_S104			18	E8_B000236_B009007_S104	18_53_M	Thymus	False	1	False	E8_B000236_B009007_S104.mm10-plus-8-0	exact_library_id_plus_documented_alignment_suffix	E8_B000236_B009007_S104.mm10-plus-8-0-1	one_assay_suffix	18m	1	nan	DN4 thymocyte	nan	DN4 thymocyte	facs	18_53_M	399599.0	1728.0	male	Thymus Flowthrough	Thymus	nan	6	5
E8_B000767_B009945_S104	17.0	7.0	18	E8_B000767_B009945_S104	18_46_F	Liver	True	7	True	E8_B000767_B009945_S104.mm10-plus-4-0	exact_library_id_plus_documented_alignment_suffix	E8_B000767_B009945_S104.mm10-plus-4-0-1	one_assay_suffix	18m	1	nan	mature NK T cell	nan	nan	facs	18_46_F	920588.0	1642.0	female	Liver non-hepato/SCs	Liver	nan	40	47
E8_B001369_B009009_S104			18	E8_B001369_B009009_S104	18_47_F	Thymus	False	1	False	E8_B001369_B009009_S104.mm10-plus-7-0	exact_library_id_plus_documented_alignment_suffix	E8_B001369_B009009_S104.mm10-plus-7-0-1	one_assay_suffix	18m	1	nan	DN4 thymocyte	nan	DN4 thymocyte	facs	18_47_F	757125.0	2419.0	female	Thymus Flowthrough	Thymus	nan	6	5
E8_B002459_B007461_S104	21.0	10.0	18	E8_B002459_B007461_S104	18_46_F	Marrow	True	7	True	E8_B002459_B007461_S104.mm10-plus-8-0	exact_library_id_plus_documented_alignment_suffix	E8_B002459_B007461_S104.mm10-plus-8-0-1	one_assay_suffix	18m	1	nan	mature alpha-beta T cell	nan	BM CD8 + CD4 T cell	facs	18_46_F	785047.0	3390.0	female	T cells	Marrow	nan	4	9
E8_B003007_B009008_S104			18	E8_B003007_B009008_S104	18_46_F	Thymus	False	1	False	E8_B003007_B009008_S104.mm10-plus-7-0	exact_library_id_plus_documented_alignment_suffix	E8_B003007_B009008_S104.mm10-plus-7-0-1	one_assay_suffix	18m	1	nan	DN4 thymocyte	nan	DN4 thymocyte	facs	18_46_F	1039342.0	1678.0	female	Thymus Flowthrough	Thymus	nan	6	5
E8_B003017_B009010_S104			18	E8_B003017_B009010_S104	18_45_M	Thymus	False	1	False	E8_B003017_B009010_S104.mm10-plus-7-0	exact_library_id_plus_documented_alignment_suffix	E8_B003017_B009010_S104.mm10-plus-7-0-1	one_assay_suffix	18m	1	nan	thymocyte	nan	DN to DP transition (most are Cd8+/ Cd4+, some undergoing VDJ recombination)	facs	18_45_M	885100.0	1103.0	male	Thymus Flowthrough	Thymus	nan	21	23
E9_B000800_B008432_S105			18	E9_B000800_B008432_S105	18_47_F	BAT	False	1	False	E9_B000800_B008432_S105.mm10-plus-3-0	exact_library_id_plus_documented_alignment_suffix	E9_B000800_B008432_S105.mm10-plus-3-0-1	one_assay_suffix	18m	1	nan	T cell	nan	nan	facs	18_47_F	2279042.0	1848.0	female	Fat	BAT	nan	4	21
E9_B000805_B008544_S105	47.0	9.0	18	E9_B000805_B008544_S105	18_46_F	SCAT	True	8	True	E9_B000805_B008544_S105.mm10-plus-3-0	exact_library_id_plus_documented_alignment_suffix	E9_B000805_B008544_S105.mm10-plus-3-0-1	one_assay_suffix	18m	1	nan	CD8-positive, alpha-beta T cell	nan	nan	facs	18_46_F	616637.0	1448.0	female	Fat	SCAT	nan	4	9
E9_B000808_B008541_S105	106.0	2.0	18	E9_B000808_B008541_S105	18_47_F	SCAT	True	2	True	E9_B000808_B008541_S105.mm10-plus-6-0	exact_library_id_plus_documented_alignment_suffix	E9_B000808_B008541_S105.mm10-plus-6-0-1	one_assay_suffix	18m	1	nan	CD8-positive, alpha-beta T cell	nan	nan	facs	18_47_F	744644.0	2276.0	female	Fat	SCAT	nan	4	9
E9_B001369_B009009_S105			18	E9_B001369_B009009_S105	18_47_F	Thymus	False	1	False	E9_B001369_B009009_S105.mm10-plus-7-0	exact_library_id_plus_documented_alignment_suffix	E9_B001369_B009009_S105.mm10-plus-7-0-1	one_assay_suffix	18m	1	nan	DN4 thymocyte	nan	DN4 thymocyte	facs	18_47_F	1263327.0	1945.0	female	Thymus Flowthrough	Thymus	nan	6	5
E9_B002459_B007461_S105			18	E9_B002459_B007461_S105	18_46_F	Marrow	False	1	False	E9_B002459_B007461_S105.mm10-plus-8-0	exact_library_id_plus_documented_alignment_suffix	E9_B002459_B007461_S105.mm10-plus-8-0-1	one_assay_suffix	18m	1	nan	CD4-positive, alpha-beta T cell	nan	BM CD4 T cell	facs	18_46_F	741259.0	2474.0	female	T cells	Marrow	nan	4	21
E9_B003007_B009008_S105			18	E9_B003007_B009008_S105	18_46_F	Thymus	False	1	False	E9_B003007_B009008_S105.mm10-plus-7-0	exact_library_id_plus_documented_alignment_suffix	E9_B003007_B009008_S105.mm10-plus-7-0-1	one_assay_suffix	18m	1	nan	DN4 thymocyte	nan	DN4 thymocyte	facs	18_46_F	1142359.0	1902.0	female	Thymus Flowthrough	Thymus	nan	4	9
E9_B003017_B009010_S105			18	E9_B003017_B009010_S105	18_45_M	Thymus	False	1	False	E9_B003017_B009010_S105.mm10-plus-7-0	exact_library_id_plus_documented_alignment_suffix	E9_B003017_B009010_S105.mm10-plus-7-0-1	one_assay_suffix	18m	1	nan	thymocyte	nan	DN to DP transition (most are Cd8+/ Cd4+, some undergoing VDJ recombination)	facs	18_45_M	1499167.0	1112.0	male	Thymus Flowthrough	Thymus	nan	21	23
E9_B003022_B008546_S105	69.0	2.0	18	E9_B003022_B008546_S105	18_45_M	MAT	True	2	True	E9_B003022_B008546_S105.mm10-plus-7-0	exact_library_id_plus_documented_alignment_suffix	E9_B003022_B008546_S105.mm10-plus-7-0-1	one_assay_suffix	18m	1	nan	CD8-positive, alpha-beta T cell	nan	nan	facs	18_45_M	1329184.0	2701.0	male	Fat	MAT	nan	4	21
F10_B000236_B009007_S130			18	F10_B000236_B009007_S130	18_53_M	Thymus	False	1	False	F10_B000236_B009007_S130.mm10-plus-8-0	exact_library_id_plus_documented_alignment_suffix	F10_B000236_B009007_S130.mm10-plus-8-0-1	one_assay_suffix	18m	1	nan	DN4 thymocyte	nan	DN4 thymocyte	facs	18_53_M	736628.0	2182.0	male	Thymus Flowthrough	Thymus	nan	6	5
F10_B000505_B008435_S130	65.0	7.0	18	F10_B000505_B008435_S130	18_45_M	GAT	True	7	True	F10_B000505_B008435_S130.mm10-plus-8-0	exact_library_id_plus_documented_alignment_suffix	F10_B000505_B008435_S130.mm10-plus-8-0-1	one_assay_suffix	18m	1	nan	CD4-positive, alpha-beta T cell	nan	nan	facs	18_45_M	918400.0	1677.0	male	Fat	GAT	nan	4	21
F10_B000806_B008540_S130			18	F10_B000806_B008540_S130	18_46_F	MAT	False	1	False	F10_B000806_B008540_S130.mm10-plus-6-0	exact_library_id_plus_documented_alignment_suffix	F10_B000806_B008540_S130.mm10-plus-6-0-1	one_assay_suffix	18m	1	nan	CD4-positive, alpha-beta T cell	nan	nan	facs	18_46_F	872158.0	2448.0	female	Fat	MAT	nan	4	21
F10_B001369_B009009_S130			18	F10_B001369_B009009_S130	18_47_F	Thymus	False	1	False	F10_B001369_B009009_S130.mm10-plus-7-0	exact_library_id_plus_documented_alignment_suffix	F10_B001369_B009009_S130.mm10-plus-7-0-1	one_assay_suffix	18m	1	nan	DN4 thymocyte	nan	DN4 thymocyte	facs	18_47_F	1559173.0	2184.0	female	Thymus Flowthrough	Thymus	nan	6	5
F10_B002452_B009020_S130			18	F10_B002452_B009020_S130	18_47_F	Spleen	False	1	False	F10_B002452_B009020_S130.mm10-plus-0-0	exact_library_id_plus_documented_alignment_suffix	F10_B002452_B009020_S130.mm10-plus-0-0-1	one_assay_suffix	18m	1	nan	CD8-positive, alpha-beta T cell	nan	nan	facs	18_47_F	358018.0	2960.0	female	nan	Spleen	nan	4	9
F10_B002459_B007461_S130			18	F10_B002459_B007461_S130	18_46_F	Marrow	False	1	False	F10_B002459_B007461_S130.mm10-plus-8-0	exact_library_id_plus_documented_alignment_suffix	F10_B002459_B007461_S130.mm10-plus-8-0-1	one_assay_suffix	18m	1	nan	naive B cell	nan	naïve B cell	facs	18_46_F	357537.0	2550.0	female	T cells	Marrow	nan	0	48
F11_B000171_B009952_S131			18	F11_B000171_B009952_S131	18_53_M	Heart	False	1	False	F11_B000171_B009952_S131.mm10-plus-8-0	exact_library_id_plus_documented_alignment_suffix	F11_B000171_B009952_S131.mm10-plus-8-0-1	one_assay_suffix	18m	1	nan	T cell	nan	T cell	facs	18_53_M	671986.0	2688.0	male	RA	Heart	nan	6	5
F11_B000477_B008543_S131	73.0	4.0	18	F11_B000477_B008543_S131	18_53_M	MAT	True	3	True	F11_B000477_B008543_S131.mm10-plus-6-0	exact_library_id_plus_documented_alignment_suffix	F11_B000477_B008543_S131.mm10-plus-6-0-1	one_assay_suffix	18m	1	nan	CD8-positive, alpha-beta T cell	nan	nan	facs	18_53_M	351096.0	1338.0	male	Fat	MAT	nan	4	21
F11_B000808_B008541_S131			18	F11_B000808_B008541_S131	18_47_F	SCAT	False	1	False	F11_B000808_B008541_S131.mm10-plus-6-0	exact_library_id_plus_documented_alignment_suffix	F11_B000808_B008541_S131.mm10-plus-6-0-1	one_assay_suffix	18m	1	nan	CD8-positive, alpha-beta T cell	nan	nan	facs	18_47_F	648394.0	2154.0	female	Fat	SCAT	nan	4	9
F11_B001369_B009009_S131			18	F11_B001369_B009009_S131	18_47_F	Thymus	False	1	False	F11_B001369_B009009_S131.mm10-plus-7-0	exact_library_id_plus_documented_alignment_suffix	F11_B001369_B009009_S131.mm10-plus-7-0-1	one_assay_suffix	18m	1	nan	DN4 thymocyte	nan	DN4 thymocyte	facs	18_47_F	571625.0	1920.0	female	Thymus Flowthrough	Thymus	nan	6	5
F11_B002458_B009893_S131	122.0	5.0	18	F11_B002458_B009893_S131	18_47_F	Marrow	True	4	True	F11_B002458_B009893_S131.mm10-plus-4-0	exact_library_id_plus_documented_alignment_suffix	F11_B002458_B009893_S131.mm10-plus-4-0-1	one_assay_suffix	18m	1	nan	CD4-positive, alpha-beta T cell	nan	BM CD4 T cell	facs	18_47_F	789572.0	3297.0	female	B-cells	Marrow	nan	4	48
F11_B003017_B009010_S131			18	F11_B003017_B009010_S131	18_45_M	Thymus	False	1	False	F11_B003017_B009010_S131.mm10-plus-7-0	exact_library_id_plus_documented_alignment_suffix	F11_B003017_B009010_S131.mm10-plus-7-0-1	one_assay_suffix	18m	1	nan	thymocyte	nan	DN to DP transition (most are Cd8+/ Cd4+, some undergoing VDJ recombination)	facs	18_45_M	669073.0	920.0	male	Thymus Flowthrough	Thymus	nan	21	23
F12_B000236_B009007_S132			18	F12_B000236_B009007_S132	18_53_M	Thymus	False	1	False	F12_B000236_B009007_S132.mm10-plus-8-0	exact_library_id_plus_documented_alignment_suffix	F12_B000236_B009007_S132.mm10-plus-8-0-1	one_assay_suffix	18m	1	nan	thymocyte	nan	DN to DP transition (most are Cd8+/ Cd4+, some undergoing VDJ recombination)	facs	18_53_M	739375.0	2304.0	male	Thymus Flowthrough	Thymus	nan	21	23
F12_B000477_B008543_S132	72.0	7.0	18	F12_B000477_B008543_S132	18_53_M	MAT	True	6	True	F12_B000477_B008543_S132.mm10-plus-6-0	exact_library_id_plus_documented_alignment_suffix	F12_B000477_B008543_S132.mm10-plus-6-0-1	one_assay_suffix	18m	1	nan	CD8-positive, alpha-beta T cell	nan	nan	facs	18_53_M	210446.0	1291.0	male	Fat	MAT	nan	4	9
F12_B000795_B008545_S132	49.0	4.0	18	F12_B000795_B008545_S132	18_47_F	MAT	True	3	True	F12_B000795_B008545_S132.mm10-plus-3-0	exact_library_id_plus_documented_alignment_suffix	F12_B000795_B008545_S132.mm10-plus-3-0-1	one_assay_suffix	18m	1	nan	CD8-positive, alpha-beta T cell	nan	nan	facs	18_47_F	243291.0	1724.0	female	Fat	MAT	nan	4	9
F12_B000805_B008544_S132	34.0	10.0	18	F12_B000805_B008544_S132	18_46_F	SCAT	True	10	True	F12_B000805_B008544_S132.mm10-plus-3-0	exact_library_id_plus_documented_alignment_suffix	F12_B000805_B008544_S132.mm10-plus-3-0-1	one_assay_suffix	18m	1	nan	CD8-positive, alpha-beta T cell	nan	nan	facs	18_46_F	250155.0	1765.0	female	Fat	SCAT	nan	4	9
F12_B000808_B008541_S132	97.0	6.0	18	F12_B000808_B008541_S132	18_47_F	SCAT	True	6	True	F12_B000808_B008541_S132.mm10-plus-6-0	exact_library_id_plus_documented_alignment_suffix	F12_B000808_B008541_S132.mm10-plus-6-0-1	one_assay_suffix	18m	1	nan	CD8-positive, alpha-beta T cell	nan	nan	facs	18_47_F	409699.0	1531.0	female	Fat	SCAT	nan	4	21
F12_B001369_B009009_S132	134.0	2.0	18	F12_B001369_B009009_S132	18_47_F	Thymus	True	2	True	F12_B001369_B009009_S132.mm10-plus-7-0	exact_library_id_plus_documented_alignment_suffix	F12_B001369_B009009_S132.mm10-plus-7-0-1	one_assay_suffix	18m	1	nan	DN4 thymocyte	nan	DN4 thymocyte	facs	18_47_F	831410.0	3257.0	female	Thymus Flowthrough	Thymus	nan	4	21
F12_B002452_B009020_S132			18	F12_B002452_B009020_S132	18_47_F	Spleen	False	1	False	F12_B002452_B009020_S132.mm10-plus-0-0	exact_library_id_plus_documented_alignment_suffix	F12_B002452_B009020_S132.mm10-plus-0-0-1	one_assay_suffix	18m	1	nan	CD8-positive, alpha-beta T cell	nan	nan	facs	18_47_F	554881.0	2203.0	female	nan	Spleen	nan	4	9
F12_B002459_B007461_S132	47.0	9.0	18	F12_B002459_B007461_S132	18_46_F	Marrow	True	8	True	F12_B002459_B007461_S132.mm10-plus-8-0	exact_library_id_plus_documented_alignment_suffix	F12_B002459_B007461_S132.mm10-plus-8-0-1	one_assay_suffix	18m	1	nan	mature alpha-beta T cell	nan	BM CD8 + CD4 T cell	facs	18_46_F	424989.0	2314.0	female	T cells	Marrow	nan	4	9
F12_B002828_B007462_S132			18	F12_B002828_B007462_S132	18_47_F	Marrow	False	1	False	F12_B002828_B007462_S132.mm10-plus-6-0	exact_library_id_plus_documented_alignment_suffix	F12_B002828_B007462_S132.mm10-plus-6-0-1	one_assay_suffix	18m	1	nan	CD4-positive, alpha-beta T cell	nan	BM CD4 T cell	facs	18_47_F	401509.0	1670.0	female	T cells	Marrow	nan	4	21
F12_B003007_B009008_S132	60.0	4.0	18	F12_B003007_B009008_S132	18_46_F	Thymus	True	1	False	F12_B003007_B009008_S132.mm10-plus-7-0	exact_library_id_plus_documented_alignment_suffix	F12_B003007_B009008_S132.mm10-plus-7-0-1	one_assay_suffix	18m	1	nan	DN4 thymocyte	nan	DN4 thymocyte	facs	18_46_F	1098610.0	2001.0	female	Thymus Flowthrough	Thymus	nan	6	5
F12_B003017_B009010_S132			18	F12_B003017_B009010_S132	18_45_M	Thymus	False	1	False	F12_B003017_B009010_S132.mm10-plus-7-0	exact_library_id_plus_documented_alignment_suffix	F12_B003017_B009010_S132.mm10-plus-7-0-1	one_assay_suffix	18m	1	nan	thymocyte	nan	DN to DP transition (most are Cd8+/ Cd4+, some undergoing VDJ recombination)	facs	18_45_M	879433.0	994.0	male	Thymus Flowthrough	Thymus	nan	21	23
F13_B000236_B009007_S133			18	F13_B000236_B009007_S133	18_53_M	Thymus	False	1	False	F13_B000236_B009007_S133.mm10-plus-8-0	exact_library_id_plus_documented_alignment_suffix	F13_B000236_B009007_S133.mm10-plus-8-0-1	one_assay_suffix	18m	1	nan	thymocyte	nan	DN to DP transition (most are Cd8+/ Cd4+, some undergoing VDJ recombination)	facs	18_53_M	416787.0	1404.0	male	Thymus Flowthrough	Thymus	nan	21	23
F13_B000505_B008435_S133			18	F13_B000505_B008435_S133	18_45_M	GAT	False	1	False	F13_B000505_B008435_S133.mm10-plus-8-0	exact_library_id_plus_documented_alignment_suffix	F13_B000505_B008435_S133.mm10-plus-8-0-1	one_assay_suffix	18m	1	nan	CD8-positive, alpha-beta T cell	nan	nan	facs	18_45_M	953085.0	1958.0	male	Fat	GAT	nan	4	9
F13_B000806_B008540_S133	28.0	5.0	18	F13_B000806_B008540_S133	18_46_F	MAT	True	5	True	F13_B000806_B008540_S133.mm10-plus-6-0	exact_library_id_plus_documented_alignment_suffix	F13_B000806_B008540_S133.mm10-plus-6-0-1	one_assay_suffix	18m	1	nan	CD8-positive, alpha-beta T cell	nan	nan	facs	18_46_F	1105539.0	3097.0	female	Fat	MAT	nan	4	9
F13_B001369_B009009_S133			18	F13_B001369_B009009_S133	18_47_F	Thymus	False	1	False	F13_B001369_B009009_S133.mm10-plus-7-0	exact_library_id_plus_documented_alignment_suffix	F13_B001369_B009009_S133.mm10-plus-7-0-1	one_assay_suffix	18m	1	nan	DN4 thymocyte	nan	DN4 thymocyte	facs	18_47_F	2278197.0	2098.0	female	Thymus Flowthrough	Thymus	nan	6	5
F13_B002459_B007461_S133			18	F13_B002459_B007461_S133	18_46_F	Marrow	False	1	False	F13_B002459_B007461_S133.mm10-plus-8-0	exact_library_id_plus_documented_alignment_suffix	F13_B002459_B007461_S133.mm10-plus-8-0-1	one_assay_suffix	18m	1	nan	mature alpha-beta T cell	nan	BM CD8 + CD4 T cell	facs	18_46_F	586269.0	1911.0	female	T cells	Marrow	nan	6	5
F13_B002709_B009018_S133			18	F13_B002709_B009018_S133	18_53_M	Spleen	False	1	False	F13_B002709_B009018_S133.mm10-plus-7-0	exact_library_id_plus_documented_alignment_suffix	F13_B002709_B009018_S133.mm10-plus-7-0-1	one_assay_suffix	18m	1	nan	CD8-positive, alpha-beta T cell	nan	nan	facs	18_53_M	1104519.0	1931.0	male	nan	Spleen	nan	4	9
F13_B002828_B007462_S133			18	F13_B002828_B007462_S133	18_47_F	Marrow	False	1	False	F13_B002828_B007462_S133.mm10-plus-6-0	exact_library_id_plus_documented_alignment_suffix	F13_B002828_B007462_S133.mm10-plus-6-0-1	one_assay_suffix	18m	1	nan	mature alpha-beta T cell	nan	BM CD8 + CD4 T cell	facs	18_47_F	610471.0	1865.0	female	T cells	Marrow	nan	4	9
F13_B003007_B009008_S133			18	F13_B003007_B009008_S133	18_46_F	Thymus	False	1	False	F13_B003007_B009008_S133.mm10-plus-7-0	exact_library_id_plus_documented_alignment_suffix	F13_B003007_B009008_S133.mm10-plus-7-0-1	one_assay_suffix	18m	1	nan	DN4 thymocyte	nan	DN4 thymocyte	facs	18_46_F	1255136.0	1699.0	female	Thymus Flowthrough	Thymus	nan	6	5
F13_B003017_B009010_S133			18	F13_B003017_B009010_S133	18_45_M	Thymus	False	1	False	F13_B003017_B009010_S133.mm10-plus-7-0	exact_library_id_plus_documented_alignment_suffix	F13_B003017_B009010_S133.mm10-plus-7-0-1	one_assay_suffix	18m	1	nan	thymocyte	nan	DN to DP transition (most are Cd8+/ Cd4+, some undergoing VDJ recombination)	facs	18_45_M	1039352.0	825.0	male	Thymus Flowthrough	Thymus	nan	21	23
F14_B000171_B009952_S134			18	F14_B000171_B009952_S134	18_53_M	Heart	False	1	False	F14_B000171_B009952_S134.mm10-plus-8-0	exact_library_id_plus_documented_alignment_suffix	F14_B000171_B009952_S134.mm10-plus-8-0-1	one_assay_suffix	18m	1	nan	T cell	nan	T cell	facs	18_53_M	517614.0	2240.0	male	RA	Heart	nan	4	21
F14_B000236_B009007_S134			18	F14_B000236_B009007_S134	18_53_M	Thymus	False	1	False	F14_B000236_B009007_S134.mm10-plus-8-0	exact_library_id_plus_documented_alignment_suffix	F14_B000236_B009007_S134.mm10-plus-8-0-1	one_assay_suffix	18m	1	nan	thymocyte	nan	DN to DP transition (most are Cd8+/ Cd4+, some undergoing VDJ recombination)	facs	18_53_M	393590.0	1333.0	male	Thymus Flowthrough	Thymus	nan	21	23
F14_B000806_B008540_S134			18	F14_B000806_B008540_S134	18_46_F	MAT	False	1	False	F14_B000806_B008540_S134.mm10-plus-6-0	exact_library_id_plus_documented_alignment_suffix	F14_B000806_B008540_S134.mm10-plus-6-0-1	one_assay_suffix	18m	1	nan	CD4-positive, alpha-beta T cell	nan	nan	facs	18_46_F	396205.0	2019.0	female	Fat	MAT	nan	6	5
F14_B003007_B009008_S134			18	F14_B003007_B009008_S134	18_46_F	Thymus	False	1	False	F14_B003007_B009008_S134.mm10-plus-7-0	exact_library_id_plus_documented_alignment_suffix	F14_B003007_B009008_S134.mm10-plus-7-0-1	one_assay_suffix	18m	1	nan	DN4 thymocyte	nan	DN4 thymocyte	facs	18_46_F	1634290.0	1952.0	female	Thymus Flowthrough	Thymus	nan	6	5
F14_B003022_B008546_S134	56.0	4.0	18	F14_B003022_B008546_S134	18_45_M	MAT	True	3	True	F14_B003022_B008546_S134.mm10-plus-7-0	exact_library_id_plus_documented_alignment_suffix	F14_B003022_B008546_S134.mm10-plus-7-0-1	one_assay_suffix	18m	1	nan	CD8-positive, alpha-beta T cell	nan	nan	facs	18_45_M	358094.0	1680.0	male	Fat	MAT	nan	4	9
F15_B000171_B009952_S135	29.0	7.0	18	F15_B000171_B009952_S135	18_53_M	Heart	True	7	True	F15_B000171_B009952_S135.mm10-plus-8-0	exact_library_id_plus_documented_alignment_suffix	F15_B000171_B009952_S135.mm10-plus-8-0-1	one_assay_suffix	18m	1	nan	T cell	nan	T cell	facs	18_53_M	678663.0	3051.0	male	RA	Heart	nan	4	9
F15_B000236_B009007_S135			18	F15_B000236_B009007_S135	18_53_M	Thymus	False	1	False	F15_B000236_B009007_S135.mm10-plus-8-0	exact_library_id_plus_documented_alignment_suffix	F15_B000236_B009007_S135.mm10-plus-8-0-1	one_assay_suffix	18m	1	nan	thymocyte	nan	DN to DP transition (most are Cd8+/ Cd4+, some undergoing VDJ recombination)	facs	18_53_M	599963.0	2003.0	male	Thymus Flowthrough	Thymus	nan	21	23
F15_B000814_B008548_S135			18	F15_B000814_B008548_S135	18_46_F	GAT	False	1	False	F15_B000814_B008548_S135.mm10-plus-6-0	exact_library_id_plus_documented_alignment_suffix	F15_B000814_B008548_S135.mm10-plus-6-0-1	one_assay_suffix	18m	1	nan	T cell	nan	nan	facs	18_46_F	878387.0	2320.0	female	Fat	GAT	nan	4	21
F15_B001369_B009009_S135			18	F15_B001369_B009009_S135	18_47_F	Thymus	False	1	False	F15_B001369_B009009_S135.mm10-plus-7-0	exact_library_id_plus_documented_alignment_suffix	F15_B001369_B009009_S135.mm10-plus-7-0-1	one_assay_suffix	18m	1	nan	DN4 thymocyte	nan	DN4 thymocyte	facs	18_47_F	601684.0	2339.0	female	Thymus Flowthrough	Thymus	nan	6	5
F15_B002417_B009885_S135			18	F15_B002417_B009885_S135	18_47_F	Marrow	False	1	False	F15_B002417_B009885_S135.mm10-plus-6-0	exact_library_id_plus_documented_alignment_suffix	F15_B002417_B009885_S135.mm10-plus-6-0-1	one_assay_suffix	18m	1	nan	hematopoietic stem cell	nan	MPP Fraction B + C	facs	18_47_F	807358.0	4983.0	female	KLS	Marrow	nan	16	9
F15_B002452_B009020_S135	47.0	9.0	18	F15_B002452_B009020_S135	18_47_F	Spleen	True	1	False	F15_B002452_B009020_S135.mm10-plus-0-0	exact_library_id_plus_documented_alignment_suffix	F15_B002452_B009020_S135.mm10-plus-0-0-1	one_assay_suffix	18m	1	nan	CD8-positive, alpha-beta T cell	nan	nan	facs	18_47_F	694732.0	2216.0	female	nan	Spleen	nan	4	9
F15_B002459_B007461_S135			18	F15_B002459_B007461_S135	18_46_F	Marrow	False	1	False	F15_B002459_B007461_S135.mm10-plus-8-0	exact_library_id_plus_documented_alignment_suffix	F15_B002459_B007461_S135.mm10-plus-8-0-1	one_assay_suffix	18m	1	nan	mature alpha-beta T cell	nan	BM CD8 + CD4 T cell	facs	18_46_F	514653.0	2027.0	female	T cells	Marrow	nan	4	9
F15_B003017_B009010_S135			18	F15_B003017_B009010_S135	18_45_M	Thymus	False	1	False	F15_B003017_B009010_S135.mm10-plus-7-0	exact_library_id_plus_documented_alignment_suffix	F15_B003017_B009010_S135.mm10-plus-7-0-1	one_assay_suffix	18m	1	nan	thymocyte	nan	DN to DP transition (most are Cd8+/ Cd4+, some undergoing VDJ recombination)	facs	18_45_M	697128.0	994.0	male	Thymus Flowthrough	Thymus	nan	21	23
F15_D045405_B009854_S135			18	F15_D045405_B009854_S135	18_45_M	Marrow	False	1	False	F15_D045405_B009854_S135.mm10-plus-6-0	exact_library_id_plus_documented_alignment_suffix	F15_D045405_B009854_S135.mm10-plus-6-0-1	one_assay_suffix	18m	1	nan	CD4-positive, alpha-beta T cell	nan	BM CD4 T cell	facs	18_45_M	358508.0	2180.0	male	T cells	Marrow	nan	4	21
F16_B000171_B009952_S136	73.0	4.0	18	F16_B000171_B009952_S136	18_53_M	Heart	True	3	True	F16_B000171_B009952_S136.mm10-plus-8-0	exact_library_id_plus_documented_alignment_suffix	F16_B000171_B009952_S136.mm10-plus-8-0-1	one_assay_suffix	18m	1	nan	T cell	nan	T cell	facs	18_53_M	1269418.0	4205.0	male	RA	Heart	nan	4	21
F16_B000477_B008543_S136	84.0	6.0	18	F16_B000477_B008543_S136	18_53_M	MAT	True	6	True	F16_B000477_B008543_S136.mm10-plus-6-0	exact_library_id_plus_documented_alignment_suffix	F16_B000477_B008543_S136.mm10-plus-6-0-1	one_assay_suffix	18m	1	nan	CD8-positive, alpha-beta T cell	nan	nan	facs	18_53_M	618346.0	1344.0	male	Fat	MAT	nan	4	9
F16_B000800_B008432_S136	42.0	7.0	18	F16_B000800_B008432_S136	18_47_F	BAT	True	6	True	F16_B000800_B008432_S136.mm10-plus-3-0	exact_library_id_plus_documented_alignment_suffix	F16_B000800_B008432_S136.mm10-plus-3-0-1	one_assay_suffix	18m	1	nan	T cell	nan	nan	facs	18_47_F	1656619.0	1595.0	female	Fat	BAT	nan	4	9
F16_B000805_B008544_S136			18	F16_B000805_B008544_S136	18_46_F	SCAT	False	1	False	F16_B000805_B008544_S136.mm10-plus-3-0	exact_library_id_plus_documented_alignment_suffix	F16_B000805_B008544_S136.mm10-plus-3-0-1	one_assay_suffix	18m	1	nan	NK cell	nan	nan	facs	18_46_F	1290859.0	1966.0	female	Fat	SCAT	nan	4	21
F16_B000808_B008541_S136	61.0	3.0	18	F16_B000808_B008541_S136	18_47_F	SCAT	True	2	True	F16_B000808_B008541_S136.mm10-plus-6-0	exact_library_id_plus_documented_alignment_suffix	F16_B000808_B008541_S136.mm10-plus-6-0-1	one_assay_suffix	18m	1	nan	CD8-positive, alpha-beta T cell	nan	nan	facs	18_47_F	216551.0	1433.0	female	Fat	SCAT	nan	4	9
F16_B000814_B008548_S136			18	F16_B000814_B008548_S136	18_46_F	GAT	False	1	False	F16_B000814_B008548_S136.mm10-plus-6-0	exact_library_id_plus_documented_alignment_suffix	F16_B000814_B008548_S136.mm10-plus-6-0-1	one_assay_suffix	18m	1	nan	CD8-positive, alpha-beta T cell	nan	nan	facs	18_46_F	1750859.0	2748.0	female	Fat	GAT	nan	4	9
F16_B002459_B007461_S136			18	F16_B002459_B007461_S136	18_46_F	Marrow	False	1	False	F16_B002459_B007461_S136.mm10-plus-8-0	exact_library_id_plus_documented_alignment_suffix	F16_B002459_B007461_S136.mm10-plus-8-0-1	one_assay_suffix	18m	1	nan	mature alpha-beta T cell	nan	BM CD8 + CD4 T cell	facs	18_46_F	593592.0	2436.0	female	T cells	Marrow	nan	4	21
F16_B003007_B009008_S136	93.0	7.0	18	F16_B003007_B009008_S136	18_46_F	Thymus	True	5	True	F16_B003007_B009008_S136.mm10-plus-7-0	exact_library_id_plus_documented_alignment_suffix	F16_B003007_B009008_S136.mm10-plus-7-0-1	one_assay_suffix	18m	1	nan	DN4 thymocyte	nan	DN4 thymocyte	facs	18_46_F	1988558.0	2526.0	female	Thymus Flowthrough	Thymus	nan	4	9
F16_B003017_B009010_S136			18	F16_B003017_B009010_S136	18_45_M	Thymus	False	1	False	F16_B003017_B009010_S136.mm10-plus-7-0	exact_library_id_plus_documented_alignment_suffix	F16_B003017_B009010_S136.mm10-plus-7-0-1	one_assay_suffix	18m	1	nan	thymocyte	nan	proliferating thymocyte; DN to DP transition, dividing (some are Cd8+/ Cd4+, some undergoing VDJ recombination)	facs	18_45_M	3315348.0	3345.0	male	Thymus Flowthrough	Thymus	nan	21	23
F17_B000236_B009007_S137			18	F17_B000236_B009007_S137	18_53_M	Thymus	False	1	False	F17_B000236_B009007_S137.mm10-plus-8-0	exact_library_id_plus_documented_alignment_suffix	F17_B000236_B009007_S137.mm10-plus-8-0-1	one_assay_suffix	18m	1	nan	thymocyte	nan	proliferating thymocyte; DN to DP transition, dividing (some are Cd8+/ Cd4+, some undergoing VDJ recombination)	facs	18_53_M	1278367.0	3023.0	male	Thymus Flowthrough	Thymus	nan	21	23
F17_B000524_B009242_S137	60.0	4.0	18	F17_B000524_B009242_S137	18_53_M	Trachea	True	3	True	F17_B000524_B009242_S137.mm10-plus-0-0	exact_library_id_plus_documented_alignment_suffix	F17_B000524_B009242_S137.mm10-plus-0-0-1	one_assay_suffix	18m	1	nan	T cell	nan	nan	facs	18_53_M	684498.0	1760.0	male	nan	Trachea	nan	6	5
F17_B001369_B009009_S137			18	F17_B001369_B009009_S137	18_47_F	Thymus	False	1	False	F17_B001369_B009009_S137.mm10-plus-7-0	exact_library_id_plus_documented_alignment_suffix	F17_B001369_B009009_S137.mm10-plus-7-0-1	one_assay_suffix	18m	1	nan	DN4 thymocyte	nan	DN4 thymocyte	facs	18_47_F	1355107.0	2073.0	female	Thymus Flowthrough	Thymus	nan	6	5
F17_B003007_B009008_S137			18	F17_B003007_B009008_S137	18_46_F	Thymus	False	1	False	F17_B003007_B009008_S137.mm10-plus-7-0	exact_library_id_plus_documented_alignment_suffix	F17_B003007_B009008_S137.mm10-plus-7-0-1	one_assay_suffix	18m	1	nan	DN4 thymocyte	nan	DN4 thymocyte	facs	18_46_F	905173.0	1711.0	female	Thymus Flowthrough	Thymus	nan	6	5
F17_B003017_B009010_S137			18	F17_B003017_B009010_S137	18_45_M	Thymus	False	1	False	F17_B003017_B009010_S137.mm10-plus-7-0	exact_library_id_plus_documented_alignment_suffix	F17_B003017_B009010_S137.mm10-plus-7-0-1	one_assay_suffix	18m	1	nan	thymocyte	nan	DN to DP transition (most are Cd8+/ Cd4+, some undergoing VDJ recombination)	facs	18_45_M	1448948.0	1063.0	male	Thymus Flowthrough	Thymus	nan	21	23
F18_B000236_B009007_S138			18	F18_B000236_B009007_S138	18_53_M	Thymus	False	1	False	F18_B000236_B009007_S138.mm10-plus-8-0	exact_library_id_plus_documented_alignment_suffix	F18_B000236_B009007_S138.mm10-plus-8-0-1	one_assay_suffix	18m	1	nan	thymocyte	nan	DN to DP transition (most are Cd8+/ Cd4+, some undergoing VDJ recombination)	facs	18_53_M	771559.0	1274.0	male	Thymus Flowthrough	Thymus	nan	21	23
F18_B000524_B009242_S138	60.0	4.0	18	F18_B000524_B009242_S138	18_53_M	Trachea	True	3	True	F18_B000524_B009242_S138.mm10-plus-0-0	exact_library_id_plus_documented_alignment_suffix	F18_B000524_B009242_S138.mm10-plus-0-0-1	one_assay_suffix	18m	1	nan	T cell	nan	nan	facs	18_53_M	555147.0	1720.0	male	nan	Trachea	nan	6	5
F18_B003007_B009008_S138			18	F18_B003007_B009008_S138	18_46_F	Thymus	False	1	False	F18_B003007_B009008_S138.mm10-plus-7-0	exact_library_id_plus_documented_alignment_suffix	F18_B003007_B009008_S138.mm10-plus-7-0-1	one_assay_suffix	18m	1	nan	DN4 thymocyte	nan	DN4 thymocyte	facs	18_46_F	1380078.0	1826.0	female	Thymus Flowthrough	Thymus	nan	6	5
F18_B003017_B009010_S138			18	F18_B003017_B009010_S138	18_45_M	Thymus	False	1	False	F18_B003017_B009010_S138.mm10-plus-7-0	exact_library_id_plus_documented_alignment_suffix	F18_B003017_B009010_S138.mm10-plus-7-0-1	one_assay_suffix	18m	1	nan	thymocyte	nan	DN to DP transition (most are Cd8+/ Cd4+, some undergoing VDJ recombination)	facs	18_45_M	1142446.0	801.0	male	Thymus Flowthrough	Thymus	nan	21	23
F19_B000236_B009007_S139			18	F19_B000236_B009007_S139	18_53_M	Thymus	False	1	False	F19_B000236_B009007_S139.mm10-plus-8-0	exact_library_id_plus_documented_alignment_suffix	F19_B000236_B009007_S139.mm10-plus-8-0-1	one_assay_suffix	18m	1	nan	thymocyte	nan	DN to DP transition (most are Cd8+/ Cd4+, some undergoing VDJ recombination)	facs	18_53_M	570800.0	1353.0	male	Thymus Flowthrough	Thymus	nan	21	23
F19_B000524_B009242_S139	60.0	4.0	18	F19_B000524_B009242_S139	18_53_M	Trachea	True	3	True	F19_B000524_B009242_S139.mm10-plus-0-0	exact_library_id_plus_documented_alignment_suffix	F19_B000524_B009242_S139.mm10-plus-0-0-1	one_assay_suffix	18m	1	nan	T cell	nan	nan	facs	18_53_M	662852.0	1748.0	male	nan	Trachea	nan	6	5
F19_B002459_B007461_S139	21.0	10.0	18	F19_B002459_B007461_S139	18_46_F	Marrow	True	7	True	F19_B002459_B007461_S139.mm10-plus-8-0	exact_library_id_plus_documented_alignment_suffix	F19_B002459_B007461_S139.mm10-plus-8-0-1	one_assay_suffix	18m	1	nan	mature alpha-beta T cell	nan	BM CD8 + CD4 T cell	facs	18_46_F	833048.0	2283.0	female	T cells	Marrow	nan	4	9
F19_B002466_B009898_S139			18	F19_B002466_B009898_S139	18_45_M	Lung	False	1	False	F19_B002466_B009898_S139.mm10-plus-4-0	exact_library_id_plus_documented_alignment_suffix	F19_B002466_B009898_S139.mm10-plus-4-0-1	one_assay_suffix	18m	1	nan	CD8-positive, alpha-beta T cell	nan	CD8+ T	facs	18_45_M	4347340.0	1964.0	male	EPCAM	Lung	nan	4	9
F19_B002709_B009018_S139			18	F19_B002709_B009018_S139	18_53_M	Spleen	False	1	False	F19_B002709_B009018_S139.mm10-plus-7-0	exact_library_id_plus_documented_alignment_suffix	F19_B002709_B009018_S139.mm10-plus-7-0-1	one_assay_suffix	18m	1	nan	CD4-positive, alpha-beta T cell	nan	Cd3e T cell	facs	18_53_M	890827.0	1478.0	male	nan	Spleen	nan	6	5
F19_B003007_B009008_S139			18	F19_B003007_B009008_S139	18_46_F	Thymus	False	1	False	F19_B003007_B009008_S139.mm10-plus-7-0	exact_library_id_plus_documented_alignment_suffix	F19_B003007_B009008_S139.mm10-plus-7-0-1	one_assay_suffix	18m	1	nan	DN4 thymocyte	nan	DN4 thymocyte	facs	18_46_F	1278654.0	1879.0	female	Thymus Flowthrough	Thymus	nan	6	5
F19_B003017_B009010_S139			18	F19_B003017_B009010_S139	18_45_M	Thymus	False	1	False	F19_B003017_B009010_S139.mm10-plus-7-0	exact_library_id_plus_documented_alignment_suffix	F19_B003017_B009010_S139.mm10-plus-7-0-1	one_assay_suffix	18m	1	nan	thymocyte	nan	DN to DP transition (most are Cd8+/ Cd4+, some undergoing VDJ recombination)	facs	18_45_M	813630.0	874.0	male	Thymus Flowthrough	Thymus	nan	21	23
F19_D045342_B009019_S139			18	F19_D045342_B009019_S139	18_45_M	Spleen	False	1	False	F19_D045342_B009019_S139.mm10-plus-0-0	exact_library_id_plus_documented_alignment_suffix	F19_D045342_B009019_S139.mm10-plus-0-0-1	one_assay_suffix	18m	1	nan	CD8-positive, alpha-beta T cell	nan	nan	facs	18_45_M	2978426.0	2340.0	male	nan	Spleen	nan	4	9
F1_B000236_B009007_S121			18	F1_B000236_B009007_S121	18_53_M	Thymus	False	1	False	F1_B000236_B009007_S121.mm10-plus-8-0	exact_library_id_plus_documented_alignment_suffix	F1_B000236_B009007_S121.mm10-plus-8-0-1	one_assay_suffix	18m	1	nan	DN4 thymocyte	nan	DN4 thymocyte	facs	18_53_M	451189.0	1646.0	male	Thymus Flowthrough	Thymus	nan	6	5
F1_B000794_B008549_S121			18	F1_B000794_B008549_S121	18_47_F	GAT	False	1	False	F1_B000794_B008549_S121.mm10-plus-3-0	exact_library_id_plus_documented_alignment_suffix	F1_B000794_B008549_S121.mm10-plus-3-0-1	one_assay_suffix	18m	1	nan	CD4-positive, alpha-beta T cell	nan	nan	facs	18_47_F	676491.0	1594.0	female	Fat	GAT	nan	4	21
F1_B001369_B009009_S121			18	F1_B001369_B009009_S121	18_47_F	Thymus	False	1	False	F1_B001369_B009009_S121.mm10-plus-7-0	exact_library_id_plus_documented_alignment_suffix	F1_B001369_B009009_S121.mm10-plus-7-0-1	one_assay_suffix	18m	1	nan	DN4 thymocyte	nan	DN4 thymocyte	facs	18_47_F	1475912.0	3590.0	female	Thymus Flowthrough	Thymus	nan	6	5
F1_B002459_B007461_S121			18	F1_B002459_B007461_S121	18_46_F	Marrow	False	1	False	F1_B002459_B007461_S121.mm10-plus-8-0	exact_library_id_plus_documented_alignment_suffix	F1_B002459_B007461_S121.mm10-plus-8-0-1	one_assay_suffix	18m	1	nan	NK cell	nan	NK cell	facs	18_46_F	445013.0	3230.0	female	T cells	Marrow	nan	40	9
F1_B002709_B009018_S121			18	F1_B002709_B009018_S121	18_53_M	Spleen	False	1	False	F1_B002709_B009018_S121.mm10-plus-7-0	exact_library_id_plus_documented_alignment_suffix	F1_B002709_B009018_S121.mm10-plus-7-0-1	one_assay_suffix	18m	1	nan	CD8-positive, alpha-beta T cell	nan	Cd3e T cell	facs	18_53_M	826444.0	1565.0	male	nan	Spleen	nan	6	5
F1_B002828_B007462_S121	42.0	7.0	18	F1_B002828_B007462_S121	18_47_F	Marrow	True	6	True	F1_B002828_B007462_S121.mm10-plus-6-0	exact_library_id_plus_documented_alignment_suffix	F1_B002828_B007462_S121.mm10-plus-6-0-1	one_assay_suffix	18m	1	nan	promonocyte	nan	monocyte + promonocyte	facs	18_47_F	1770545.0	3923.0	female	T cells	Marrow	nan	2	17
F1_B003007_B009008_S121			18	F1_B003007_B009008_S121	18_46_F	Thymus	False	1	False	F1_B003007_B009008_S121.mm10-plus-7-0	exact_library_id_plus_documented_alignment_suffix	F1_B003007_B009008_S121.mm10-plus-7-0-1	one_assay_suffix	18m	1	nan	DN4 thymocyte	nan	DN4 thymocyte	facs	18_46_F	214920.0	1666.0	female	Thymus Flowthrough	Thymus	nan	4	9
F20_B000236_B009007_S140			18	F20_B000236_B009007_S140	18_53_M	Thymus	False	1	False	F20_B000236_B009007_S140.mm10-plus-8-0	exact_library_id_plus_documented_alignment_suffix	F20_B000236_B009007_S140.mm10-plus-8-0-1	one_assay_suffix	18m	1	nan	thymocyte	nan	DN to DP transition (most are Cd8+/ Cd4+, some undergoing VDJ recombination)	facs	18_53_M	508977.0	1332.0	male	Thymus Flowthrough	Thymus	nan	21	23
F20_B001369_B009009_S140			18	F20_B001369_B009009_S140	18_47_F	Thymus	False	1	False	F20_B001369_B009009_S140.mm10-plus-7-0	exact_library_id_plus_documented_alignment_suffix	F20_B001369_B009009_S140.mm10-plus-7-0-1	one_assay_suffix	18m	1	nan	DN4 thymocyte	nan	DN4 thymocyte	facs	18_47_F	1128155.0	3074.0	female	Thymus Flowthrough	Thymus	nan	6	5
F20_B002417_B009885_S140	101.0	6.0	18	F20_B002417_B009885_S140	18_47_F	Marrow	True	6	True	F20_B002417_B009885_S140.mm10-plus-6-0	exact_library_id_plus_documented_alignment_suffix	F20_B002417_B009885_S140.mm10-plus-6-0-1	one_assay_suffix	18m	1	nan	promonocyte	nan	monocyte + promonocyte	facs	18_47_F	697462.0	3714.0	female	KLS	Marrow	nan	4	9
F20_B002459_B007461_S140	33.0	2.0	18	F20_B002459_B007461_S140	18_46_F	Marrow	True	2	True	F20_B002459_B007461_S140.mm10-plus-8-0	exact_library_id_plus_documented_alignment_suffix	F20_B002459_B007461_S140.mm10-plus-8-0-1	one_assay_suffix	18m	1	nan	promonocyte	nan	monocyte + promonocyte	facs	18_46_F	3206683.0	3380.0	female	T cells	Marrow	nan	2	4
F20_B002673_B007460_S140			18	F20_B002673_B007460_S140	18_53_M	Marrow	False	1	False	F20_B002673_B007460_S140.mm10-plus-7-0	exact_library_id_plus_documented_alignment_suffix	F20_B002673_B007460_S140.mm10-plus-7-0-1	one_assay_suffix	18m	1	nan	CD4-positive, alpha-beta T cell	nan	BM CD4 T cell	facs	18_53_M	623840.0	1454.0	male	T cells	Marrow	nan	4	21
F20_B003007_B009008_S140			18	F20_B003007_B009008_S140	18_46_F	Thymus	False	1	False	F20_B003007_B009008_S140.mm10-plus-7-0	exact_library_id_plus_documented_alignment_suffix	F20_B003007_B009008_S140.mm10-plus-7-0-1	one_assay_suffix	18m	1	nan	DN4 thymocyte	nan	DN4 thymocyte	facs	18_46_F	1536851.0	1994.0	female	Thymus Flowthrough	Thymus	nan	6	5
F20_B003017_B009010_S140			18	F20_B003017_B009010_S140	18_45_M	Thymus	False	1	False	F20_B003017_B009010_S140.mm10-plus-7-0	exact_library_id_plus_documented_alignment_suffix	F20_B003017_B009010_S140.mm10-plus-7-0-1	one_assay_suffix	18m	1	nan	thymocyte	nan	DN to DP transition (most are Cd8+/ Cd4+, some undergoing VDJ recombination)	facs	18_45_M	894782.0	945.0	male	Thymus Flowthrough	Thymus	nan	21	23
F20_D045405_B009854_S140			18	F20_D045405_B009854_S140	18_45_M	Marrow	False	1	False	F20_D045405_B009854_S140.mm10-plus-6-0	exact_library_id_plus_documented_alignment_suffix	F20_D045405_B009854_S140.mm10-plus-6-0-1	one_assay_suffix	18m	1	nan	naive B cell	nan	naïve B cell	facs	18_45_M	789540.0	2829.0	male	T cells	Marrow	nan	4	9
F21_B000236_B009007_S141			18	F21_B000236_B009007_S141	18_53_M	Thymus	False	1	False	F21_B000236_B009007_S141.mm10-plus-8-0	exact_library_id_plus_documented_alignment_suffix	F21_B000236_B009007_S141.mm10-plus-8-0-1	one_assay_suffix	18m	1	nan	thymocyte	nan	DN to DP transition (most are Cd8+/ Cd4+, some undergoing VDJ recombination)	facs	18_53_M	309362.0	1061.0	male	Thymus Flowthrough	Thymus	nan	21	23
F21_B001369_B009009_S141			18	F21_B001369_B009009_S141	18_47_F	Thymus	False	1	False	F21_B001369_B009009_S141.mm10-plus-7-0	exact_library_id_plus_documented_alignment_suffix	F21_B001369_B009009_S141.mm10-plus-7-0-1	one_assay_suffix	18m	1	nan	DN4 thymocyte	nan	DN4 thymocyte	facs	18_47_F	2300274.0	2057.0	female	Thymus Flowthrough	Thymus	nan	6	5
F21_B002452_B009020_S141			18	F21_B002452_B009020_S141	18_47_F	Spleen	False	1	False	F21_B002452_B009020_S141.mm10-plus-0-0	exact_library_id_plus_documented_alignment_suffix	F21_B002452_B009020_S141.mm10-plus-0-0-1	one_assay_suffix	18m	1	nan	CD4-positive, alpha-beta T cell	nan	Cd3e T cell	facs	18_47_F	801977.0	2150.0	female	nan	Spleen	nan	4	21
F21_B002459_B007461_S141			18	F21_B002459_B007461_S141	18_46_F	Marrow	False	1	False	F21_B002459_B007461_S141.mm10-plus-8-0	exact_library_id_plus_documented_alignment_suffix	F21_B002459_B007461_S141.mm10-plus-8-0-1	one_assay_suffix	18m	1	nan	NK cell	nan	NK cell	facs	18_46_F	1002247.0	3417.0	female	T cells	Marrow	nan	4	9
F21_B003017_B009010_S141			18	F21_B003017_B009010_S141	18_45_M	Thymus	False	1	False	F21_B003017_B009010_S141.mm10-plus-7-0	exact_library_id_plus_documented_alignment_suffix	F21_B003017_B009010_S141.mm10-plus-7-0-1	one_assay_suffix	18m	1	nan	thymocyte	nan	DN to DP transition (most are Cd8+/ Cd4+, some undergoing VDJ recombination)	facs	18_45_M	1687945.0	975.0	male	Thymus Flowthrough	Thymus	nan	21	23
F21_D045405_B009854_S141			18	F21_D045405_B009854_S141	18_45_M	Marrow	False	1	False	F21_D045405_B009854_S141.mm10-plus-6-0	exact_library_id_plus_documented_alignment_suffix	F21_D045405_B009854_S141.mm10-plus-6-0-1	one_assay_suffix	18m	1	nan	naive B cell	nan	naïve B cell	facs	18_45_M	1298436.0	3136.0	male	T cells	Marrow	nan	4	17
F22_B000236_B009007_S142			18	F22_B000236_B009007_S142	18_53_M	Thymus	False	1	False	F22_B000236_B009007_S142.mm10-plus-8-0	exact_library_id_plus_documented_alignment_suffix	F22_B000236_B009007_S142.mm10-plus-8-0-1	one_assay_suffix	18m	1	nan	thymocyte	nan	DN to DP transition (most are Cd8+/ Cd4+, some undergoing VDJ recombination)	facs	18_53_M	884884.0	1208.0	male	Thymus Flowthrough	Thymus	nan	21	23
F22_B002459_B007461_S142	25.0	4.0	18	F22_B002459_B007461_S142	18_46_F	Marrow	True	2	True	F22_B002459_B007461_S142.mm10-plus-8-0	exact_library_id_plus_documented_alignment_suffix	F22_B002459_B007461_S142.mm10-plus-8-0-1	one_assay_suffix	18m	1	nan	mature alpha-beta T cell	nan	BM CD8 + CD4 T cell	facs	18_46_F	817530.0	2051.0	female	T cells	Marrow	nan	4	9
F22_B003007_B009008_S142			18	F22_B003007_B009008_S142	18_46_F	Thymus	False	1	False	F22_B003007_B009008_S142.mm10-plus-7-0	exact_library_id_plus_documented_alignment_suffix	F22_B003007_B009008_S142.mm10-plus-7-0-1	one_assay_suffix	18m	1	nan	DN4 thymocyte	nan	DN4 thymocyte	facs	18_46_F	950454.0	1678.0	female	Thymus Flowthrough	Thymus	nan	6	5
F22_B003017_B009010_S142			18	F22_B003017_B009010_S142	18_45_M	Thymus	False	1	False	F22_B003017_B009010_S142.mm10-plus-7-0	exact_library_id_plus_documented_alignment_suffix	F22_B003017_B009010_S142.mm10-plus-7-0-1	one_assay_suffix	18m	1	nan	thymocyte	nan	DN to DP transition (most are Cd8+/ Cd4+, some undergoing VDJ recombination)	facs	18_45_M	552788.0	947.0	male	Thymus Flowthrough	Thymus	nan	21	23
F2_B000236_B009007_S122			18	F2_B000236_B009007_S122	18_53_M	Thymus	False	1	False	F2_B000236_B009007_S122.mm10-plus-8-0	exact_library_id_plus_documented_alignment_suffix	F2_B000236_B009007_S122.mm10-plus-8-0-1	one_assay_suffix	18m	1	nan	DN4 thymocyte	nan	DN4 thymocyte	facs	18_53_M	518963.0	1728.0	male	Thymus Flowthrough	Thymus	nan	4	9
F2_B001247_B009941_S122	78.0	3.0	18	F2_B001247_B009941_S122	18_46_F	Liver	True	3	True	F2_B001247_B009941_S122.mm10-plus-4-0	exact_library_id_plus_documented_alignment_suffix	F2_B001247_B009941_S122.mm10-plus-4-0-1	one_assay_suffix	18m	1	nan	mature NK T cell	nan	nan	facs	18_46_F	848289.0	2121.0	female	Liver non-hepato/SCs_st	Liver	nan	4	9
F2_B001369_B009009_S122			18	F2_B001369_B009009_S122	18_47_F	Thymus	False	1	False	F2_B001369_B009009_S122.mm10-plus-7-0	exact_library_id_plus_documented_alignment_suffix	F2_B001369_B009009_S122.mm10-plus-7-0-1	one_assay_suffix	18m	1	nan	DN4 thymocyte	nan	DN4 thymocyte	facs	18_47_F	776848.0	1702.0	female	Thymus Flowthrough	Thymus	nan	6	23
F2_B003007_B009008_S122			18	F2_B003007_B009008_S122	18_46_F	Thymus	False	1	False	F2_B003007_B009008_S122.mm10-plus-7-0	exact_library_id_plus_documented_alignment_suffix	F2_B003007_B009008_S122.mm10-plus-7-0-1	one_assay_suffix	18m	1	nan	DN4 thymocyte	nan	DN4 thymocyte	facs	18_46_F	1178471.0	1386.0	female	Thymus Flowthrough	Thymus	nan	6	5
F2_B003017_B009010_S122			18	F2_B003017_B009010_S122	18_45_M	Thymus	False	1	False	F2_B003017_B009010_S122.mm10-plus-7-0	exact_library_id_plus_documented_alignment_suffix	F2_B003017_B009010_S122.mm10-plus-7-0-1	one_assay_suffix	18m	1	nan	thymocyte	nan	DN to DP transition (most are Cd8+/ Cd4+, some undergoing VDJ recombination)	facs	18_45_M	1485631.0	1025.0	male	Thymus Flowthrough	Thymus	nan	21	23
F3_B000236_B009007_S123			18	F3_B000236_B009007_S123	18_53_M	Thymus	False	1	False	F3_B000236_B009007_S123.mm10-plus-8-0	exact_library_id_plus_documented_alignment_suffix	F3_B000236_B009007_S123.mm10-plus-8-0-1	one_assay_suffix	18m	1	nan	DN4 thymocyte	nan	DN4 thymocyte	facs	18_53_M	662573.0	1956.0	male	Thymus Flowthrough	Thymus	nan	6	5
F3_B000814_B008548_S123			18	F3_B000814_B008548_S123	18_46_F	GAT	False	1	False	F3_B000814_B008548_S123.mm10-plus-6-0	exact_library_id_plus_documented_alignment_suffix	F3_B000814_B008548_S123.mm10-plus-6-0-1	one_assay_suffix	18m	1	nan	T cell	nan	nan	facs	18_46_F	375345.0	1918.0	female	Fat	GAT	nan	4	21
F3_B001369_B009009_S123			18	F3_B001369_B009009_S123	18_47_F	Thymus	False	1	False	F3_B001369_B009009_S123.mm10-plus-7-0	exact_library_id_plus_documented_alignment_suffix	F3_B001369_B009009_S123.mm10-plus-7-0-1	one_assay_suffix	18m	1	nan	DN4 thymocyte	nan	DN4 thymocyte	facs	18_47_F	928845.0	3188.0	female	Thymus Flowthrough	Thymus	nan	6	5
F3_B002341_B009297_S51			18	F3_B002341_B009297_S51	18_46_F	Brain_Non-Myeloid	False	1	False	F3_B002341_B009297_S51.mm10-plus-1-0	exact_library_id_plus_documented_alignment_suffix	F3_B002341_B009297_S51.mm10-plus-1-0-1	one_assay_suffix	18m	1	nan	CD8-positive, alpha-beta T cell	nan	nan	facs	18_46_F	1088269.0	1370.0	female	Cortex 	Brain_Non-Myeloid	nan	4	9
F3_B002828_B007462_S123			18	F3_B002828_B007462_S123	18_47_F	Marrow	False	1	False	F3_B002828_B007462_S123.mm10-plus-6-0	exact_library_id_plus_documented_alignment_suffix	F3_B002828_B007462_S123.mm10-plus-6-0-1	one_assay_suffix	18m	1	nan	mature alpha-beta T cell	nan	BM CD8 + CD4 T cell	facs	18_47_F	496274.0	2340.0	female	T cells	Marrow	nan	4	9
F3_B003017_B009010_S123			18	F3_B003017_B009010_S123	18_45_M	Thymus	False	1	False	F3_B003017_B009010_S123.mm10-plus-7-0	exact_library_id_plus_documented_alignment_suffix	F3_B003017_B009010_S123.mm10-plus-7-0-1	one_assay_suffix	18m	1	nan	thymocyte	nan	DN to DP transition (most are Cd8+/ Cd4+, some undergoing VDJ recombination)	facs	18_45_M	722154.0	999.0	male	Thymus Flowthrough	Thymus	nan	21	23
F4_B000236_B009007_S124			18	F4_B000236_B009007_S124	18_53_M	Thymus	False	1	False	F4_B000236_B009007_S124.mm10-plus-8-0	exact_library_id_plus_documented_alignment_suffix	F4_B000236_B009007_S124.mm10-plus-8-0-1	one_assay_suffix	18m	1	nan	DN4 thymocyte	nan	DN4 thymocyte	facs	18_53_M	367133.0	1789.0	male	Thymus Flowthrough	Thymus	nan	6	5
F4_B000767_B009945_S124	77.0	2.0	18	F4_B000767_B009945_S124	18_46_F	Liver	True	2	True	F4_B000767_B009945_S124.mm10-plus-4-0	exact_library_id_plus_documented_alignment_suffix	F4_B000767_B009945_S124.mm10-plus-4-0-1	one_assay_suffix	18m	1	nan	mature NK T cell	nan	nan	facs	18_46_F	1546312.0	1849.0	female	Liver non-hepato/SCs	Liver	nan	40	47
F4_B001369_B009009_S124			18	F4_B001369_B009009_S124	18_47_F	Thymus	False	1	False	F4_B001369_B009009_S124.mm10-plus-7-0	exact_library_id_plus_documented_alignment_suffix	F4_B001369_B009009_S124.mm10-plus-7-0-1	one_assay_suffix	18m	1	nan	DN4 thymocyte	nan	DN4 thymocyte	facs	18_47_F	387514.0	1815.0	female	Thymus Flowthrough	Thymus	nan	6	5
F4_B002341_B009297_S52	19.0	10.0	18	F4_B002341_B009297_S52	18_46_F	Brain_Non-Myeloid	True	9	True	F4_B002341_B009297_S52.mm10-plus-1-0	exact_library_id_plus_documented_alignment_suffix	F4_B002341_B009297_S52.mm10-plus-1-0-1	one_assay_suffix	18m	1	nan	CD8-positive, alpha-beta T cell	nan	nan	facs	18_46_F	1334425.0	1267.0	female	Cortex 	Brain_Non-Myeloid	nan	4	9
F4_B002828_B007462_S124	107.0	4.0	18	F4_B002828_B007462_S124	18_47_F	Marrow	True	3	True	F4_B002828_B007462_S124.mm10-plus-6-0	exact_library_id_plus_documented_alignment_suffix	F4_B002828_B007462_S124.mm10-plus-6-0-1	one_assay_suffix	18m	1	nan	mature alpha-beta T cell	nan	BM CD8 + CD4 T cell	facs	18_47_F	540285.0	2992.0	female	T cells	Marrow	nan	4	48
F4_B003017_B009010_S124			18	F4_B003017_B009010_S124	18_45_M	Thymus	False	1	False	F4_B003017_B009010_S124.mm10-plus-7-0	exact_library_id_plus_documented_alignment_suffix	F4_B003017_B009010_S124.mm10-plus-7-0-1	one_assay_suffix	18m	1	nan	thymocyte	nan	DN to DP transition (most are Cd8+/ Cd4+, some undergoing VDJ recombination)	facs	18_45_M	680193.0	839.0	male	Thymus Flowthrough	Thymus	nan	21	23
F5_B000236_B009007_S125	76.0	2.0	18	F5_B000236_B009007_S125	18_53_M	Thymus	True	2	True	F5_B000236_B009007_S125.mm10-plus-8-0	exact_library_id_plus_documented_alignment_suffix	F5_B000236_B009007_S125.mm10-plus-8-0-1	one_assay_suffix	18m	1	nan	DN4 thymocyte	nan	DN4 thymocyte	facs	18_53_M	449597.0	1818.0	male	Thymus Flowthrough	Thymus	nan	6	5
F5_B001369_B009009_S125			18	F5_B001369_B009009_S125	18_47_F	Thymus	False	1	False	F5_B001369_B009009_S125.mm10-plus-7-0	exact_library_id_plus_documented_alignment_suffix	F5_B001369_B009009_S125.mm10-plus-7-0-1	one_assay_suffix	18m	1	nan	DN4 thymocyte	nan	DN4 thymocyte	facs	18_47_F	1009231.0	1866.0	female	Thymus Flowthrough	Thymus	nan	6	5
F5_B002459_B007461_S125	28.0	5.0	18	F5_B002459_B007461_S125	18_46_F	Marrow	True	5	True	F5_B002459_B007461_S125.mm10-plus-8-0	exact_library_id_plus_documented_alignment_suffix	F5_B002459_B007461_S125.mm10-plus-8-0-1	one_assay_suffix	18m	1	nan	mature alpha-beta T cell	nan	BM CD8 + CD4 T cell	facs	18_46_F	1258769.0	3230.0	female	T cells	Marrow	nan	4	21
F5_B002828_B007462_S125	116.0	2.0	18	F5_B002828_B007462_S125	18_47_F	Marrow	True	2	True	F5_B002828_B007462_S125.mm10-plus-6-0	exact_library_id_plus_documented_alignment_suffix	F5_B002828_B007462_S125.mm10-plus-6-0-1	one_assay_suffix	18m	1	nan	basophil	nan	basophil	facs	18_47_F	1345790.0	4521.0	female	T cells	Marrow	nan	4	21
F5_B003017_B009010_S125			18	F5_B003017_B009010_S125	18_45_M	Thymus	False	1	False	F5_B003017_B009010_S125.mm10-plus-7-0	exact_library_id_plus_documented_alignment_suffix	F5_B003017_B009010_S125.mm10-plus-7-0-1	one_assay_suffix	18m	1	nan	thymocyte	nan	DN to DP transition (most are Cd8+/ Cd4+, some undergoing VDJ recombination)	facs	18_45_M	1334368.0	1038.0	male	Thymus Flowthrough	Thymus	nan	21	23
F6_B000236_B009007_S126			18	F6_B000236_B009007_S126	18_53_M	Thymus	False	1	False	F6_B000236_B009007_S126.mm10-plus-8-0	exact_library_id_plus_documented_alignment_suffix	F6_B000236_B009007_S126.mm10-plus-8-0-1	one_assay_suffix	18m	1	nan	DN4 thymocyte	nan	DN4 thymocyte	facs	18_53_M	964383.0	2573.0	male	Thymus Flowthrough	Thymus	nan	6	5
F6_B001369_B009009_S126			18	F6_B001369_B009009_S126	18_47_F	Thymus	False	1	False	F6_B001369_B009009_S126.mm10-plus-7-0	exact_library_id_plus_documented_alignment_suffix	F6_B001369_B009009_S126.mm10-plus-7-0-1	one_assay_suffix	18m	1	nan	DN4 thymocyte	nan	DN4 thymocyte	facs	18_47_F	357150.0	1902.0	female	Thymus Flowthrough	Thymus	nan	6	5
F6_B002459_B007461_S126	71.0	2.0	18	F6_B002459_B007461_S126	18_46_F	Marrow	True	2	True	F6_B002459_B007461_S126.mm10-plus-8-0	exact_library_id_plus_documented_alignment_suffix	F6_B002459_B007461_S126.mm10-plus-8-0-1	one_assay_suffix	18m	1	nan	mature alpha-beta T cell	nan	BM CD8 + CD4 T cell	facs	18_46_F	856932.0	2409.0	female	T cells	Marrow	nan	4	9
F6_B002828_B007462_S126			18	F6_B002828_B007462_S126	18_47_F	Marrow	False	1	False	F6_B002828_B007462_S126.mm10-plus-6-0	exact_library_id_plus_documented_alignment_suffix	F6_B002828_B007462_S126.mm10-plus-6-0-1	one_assay_suffix	18m	1	nan	CD4-positive, alpha-beta T cell	nan	BM CD4 T cell	facs	18_47_F	569503.0	1817.0	female	T cells	Marrow	nan	4	21
F6_B003007_B009008_S126	18.0	8.0	18	F6_B003007_B009008_S126	18_46_F	Thymus	True	5	True	F6_B003007_B009008_S126.mm10-plus-7-0	exact_library_id_plus_documented_alignment_suffix	F6_B003007_B009008_S126.mm10-plus-7-0-1	one_assay_suffix	18m	1	nan	DN4 thymocyte	nan	DN4 thymocyte	facs	18_46_F	1218510.0	2838.0	female	Thymus Flowthrough	Thymus	nan	4	21
F6_B003017_B009010_S126			18	F6_B003017_B009010_S126	18_45_M	Thymus	False	1	False	F6_B003017_B009010_S126.mm10-plus-7-0	exact_library_id_plus_documented_alignment_suffix	F6_B003017_B009010_S126.mm10-plus-7-0-1	one_assay_suffix	18m	1	nan	thymocyte	nan	DN to DP transition (most are Cd8+/ Cd4+, some undergoing VDJ recombination)	facs	18_45_M	812981.0	837.0	male	Thymus Flowthrough	Thymus	nan	21	23
F6_D045342_B009019_S126			18	F6_D045342_B009019_S126	18_45_M	Spleen	False	1	False	F6_D045342_B009019_S126.mm10-plus-0-0	exact_library_id_plus_documented_alignment_suffix	F6_D045342_B009019_S126.mm10-plus-0-0-1	one_assay_suffix	18m	1	nan	CD4-positive, alpha-beta T cell	nan	Cd3e T cell	facs	18_45_M	1722829.0	2151.0	male	nan	Spleen	nan	4	21
F7_B000236_B009007_S127	36.0	4.0	18	F7_B000236_B009007_S127	18_53_M	Thymus	True	4	True	F7_B000236_B009007_S127.mm10-plus-8-0	exact_library_id_plus_documented_alignment_suffix	F7_B000236_B009007_S127.mm10-plus-8-0-1	one_assay_suffix	18m	1	nan	DN4 thymocyte	nan	DN4 thymocyte	facs	18_53_M	435322.0	2152.0	male	Thymus Flowthrough	Thymus	nan	6	5
F7_B001369_B009009_S127			18	F7_B001369_B009009_S127	18_47_F	Thymus	False	1	False	F7_B001369_B009009_S127.mm10-plus-7-0	exact_library_id_plus_documented_alignment_suffix	F7_B001369_B009009_S127.mm10-plus-7-0-1	one_assay_suffix	18m	1	nan	DN4 thymocyte	nan	DN4 thymocyte	facs	18_47_F	493897.0	2130.0	female	Thymus Flowthrough	Thymus	nan	6	5
F7_B002466_B009898_S127			18	F7_B002466_B009898_S127	18_45_M	Lung	False	1	False	F7_B002466_B009898_S127.mm10-plus-4-0	exact_library_id_plus_documented_alignment_suffix	F7_B002466_B009898_S127.mm10-plus-4-0-1	one_assay_suffix	18m	1	nan	CD4-positive, alpha-beta T cell	nan	CD4+ T	facs	18_45_M	622188.0	1625.0	male	EPCAM	Lung	nan	6	5
F7_B002819_B009892_S127	119.0	2.0	18	F7_B002819_B009892_S127	18_46_F	Marrow	True	2	True	F7_B002819_B009892_S127.mm10-plus-4-0	exact_library_id_plus_documented_alignment_suffix	F7_B002819_B009892_S127.mm10-plus-4-0-1	one_assay_suffix	18m	1	nan	NK cell	nan	NK cell	facs	18_46_F	1203692.0	2806.0	female	B-cells	Marrow	nan	40	47
F7_B003017_B009010_S127			18	F7_B003017_B009010_S127	18_45_M	Thymus	False	1	False	F7_B003017_B009010_S127.mm10-plus-7-0	exact_library_id_plus_documented_alignment_suffix	F7_B003017_B009010_S127.mm10-plus-7-0-1	one_assay_suffix	18m	1	nan	thymocyte	nan	proliferating thymocyte; DN to DP transition, dividing (some are Cd8+/ Cd4+, some undergoing VDJ recombination)	facs	18_45_M	2733655.0	2824.0	male	Thymus Flowthrough	Thymus	nan	6	21
F7_B00480_B0008539_S127			18	F7_B00480_B0008539_S127			False	1	False	__unmatched__F7_B00480_B0008539_S127	unmatched_library		unmatched																
F8_B000236_B009007_S128			18	F8_B000236_B009007_S128	18_53_M	Thymus	False	1	False	F8_B000236_B009007_S128.mm10-plus-8-0	exact_library_id_plus_documented_alignment_suffix	F8_B000236_B009007_S128.mm10-plus-8-0-1	one_assay_suffix	18m	1	nan	DN4 thymocyte	nan	DN4 thymocyte	facs	18_53_M	356147.0	1328.0	male	Thymus Flowthrough	Thymus	nan	6	5
F8_B001369_B009009_S128			18	F8_B001369_B009009_S128	18_47_F	Thymus	False	1	False	F8_B001369_B009009_S128.mm10-plus-7-0	exact_library_id_plus_documented_alignment_suffix	F8_B001369_B009009_S128.mm10-plus-7-0-1	one_assay_suffix	18m	1	nan	DN4 thymocyte	nan	DN4 thymocyte	facs	18_47_F	818631.0	2984.0	female	Thymus Flowthrough	Thymus	nan	4	21
F8_B003007_B009008_S128			18	F8_B003007_B009008_S128	18_46_F	Thymus	False	1	False	F8_B003007_B009008_S128.mm10-plus-7-0	exact_library_id_plus_documented_alignment_suffix	F8_B003007_B009008_S128.mm10-plus-7-0-1	one_assay_suffix	18m	1	nan	DN4 thymocyte	nan	DN4 thymocyte	facs	18_46_F	1351556.0	2648.0	female	Thymus Flowthrough	Thymus	nan	4	48
F8_B003017_B009010_S128			18	F8_B003017_B009010_S128	18_45_M	Thymus	False	1	False	F8_B003017_B009010_S128.mm10-plus-7-0	exact_library_id_plus_documented_alignment_suffix	F8_B003017_B009010_S128.mm10-plus-7-0-1	one_assay_suffix	18m	1	nan	thymocyte	nan	DN to DP transition (most are Cd8+/ Cd4+, some undergoing VDJ recombination)	facs	18_45_M	1398980.0	1505.0	male	Thymus Flowthrough	Thymus	nan	21	23
F9_B000171_B009952_S129	109.0	2.0	18	F9_B000171_B009952_S129	18_53_M	Heart	True	2	True	F9_B000171_B009952_S129.mm10-plus-8-0	exact_library_id_plus_documented_alignment_suffix	F9_B000171_B009952_S129.mm10-plus-8-0-1	one_assay_suffix	18m	1	nan	T cell	nan	T cell	facs	18_53_M	737183.0	2406.0	male	RA	Heart	nan	4	9
F9_B001369_B009009_S129			18	F9_B001369_B009009_S129	18_47_F	Thymus	False	1	False	F9_B001369_B009009_S129.mm10-plus-7-0	exact_library_id_plus_documented_alignment_suffix	F9_B001369_B009009_S129.mm10-plus-7-0-1	one_assay_suffix	18m	1	nan	DN4 thymocyte	nan	DN4 thymocyte	facs	18_47_F	1225570.0	2057.0	female	Thymus Flowthrough	Thymus	nan	6	5
F9_B002459_B007461_S129			18	F9_B002459_B007461_S129	18_46_F	Marrow	False	1	False	F9_B002459_B007461_S129.mm10-plus-8-0	exact_library_id_plus_documented_alignment_suffix	F9_B002459_B007461_S129.mm10-plus-8-0-1	one_assay_suffix	18m	1	nan	NK cell	nan	Klrb1a/b/c(-) NK cell	facs	18_46_F	1014129.0	5009.0	female	T cells	Marrow	nan	4	48
F9_B003007_B009008_S129			18	F9_B003007_B009008_S129	18_46_F	Thymus	False	1	False	F9_B003007_B009008_S129.mm10-plus-7-0	exact_library_id_plus_documented_alignment_suffix	F9_B003007_B009008_S129.mm10-plus-7-0-1	one_assay_suffix	18m	1	nan	DN4 thymocyte	nan	DN4 thymocyte	facs	18_46_F	1499961.0	2513.0	female	Thymus Flowthrough	Thymus	nan	6	5
F9_B003017_B009010_S129			18	F9_B003017_B009010_S129	18_45_M	Thymus	False	1	False	F9_B003017_B009010_S129.mm10-plus-7-0	exact_library_id_plus_documented_alignment_suffix	F9_B003017_B009010_S129.mm10-plus-7-0-1	one_assay_suffix	18m	1	nan	thymocyte	nan	DN to DP transition (most are Cd8+/ Cd4+, some undergoing VDJ recombination)	facs	18_45_M	1083304.0	950.0	male	Thymus Flowthrough	Thymus	nan	21	23
F9_B003022_B008546_S129			18	F9_B003022_B008546_S129	18_45_M	MAT	False	1	False	F9_B003022_B008546_S129.mm10-plus-7-0	exact_library_id_plus_documented_alignment_suffix	F9_B003022_B008546_S129.mm10-plus-7-0-1	one_assay_suffix	18m	1	nan	CD8-positive, alpha-beta T cell	nan	nan	facs	18_45_M	557394.0	1364.0	male	Fat	MAT	nan	4	21
G10_B000120_B007345_S154	7.0	3.0	18	G10_B000120_B007345_S154	18_47_F	Trachea	True	3	True	G10_B000120_B007345_S154.mm10-plus-7-0	exact_library_id_plus_documented_alignment_suffix	G10_B000120_B007345_S154.mm10-plus-7-0-1	one_assay_suffix	18m	1	nan	T cell	nan	nan	facs	18_47_F	477085.0	1690.0	female	nan	Trachea	nan	4	9
G10_B000236_B009007_S154			18	G10_B000236_B009007_S154	18_53_M	Thymus	False	1	False	G10_B000236_B009007_S154.mm10-plus-8-0	exact_library_id_plus_documented_alignment_suffix	G10_B000236_B009007_S154.mm10-plus-8-0-1	one_assay_suffix	18m	1	nan	DN4 thymocyte	nan	DN4 thymocyte	facs	18_53_M	250627.0	1333.0	male	Thymus Flowthrough	Thymus	nan	4	5
G10_B000806_B008540_S154			18	G10_B000806_B008540_S154	18_46_F	MAT	False	1	False	G10_B000806_B008540_S154.mm10-plus-6-0	exact_library_id_plus_documented_alignment_suffix	G10_B000806_B008540_S154.mm10-plus-6-0-1	one_assay_suffix	18m	1	nan	CD4-positive, alpha-beta T cell	nan	nan	facs	18_46_F	641801.0	2903.0	female	Fat	MAT	nan	4	21
G10_B001369_B009009_S154			18	G10_B001369_B009009_S154	18_47_F	Thymus	False	1	False	G10_B001369_B009009_S154.mm10-plus-7-0	exact_library_id_plus_documented_alignment_suffix	G10_B001369_B009009_S154.mm10-plus-7-0-1	one_assay_suffix	18m	1	nan	DN4 thymocyte	nan	DN4 thymocyte	facs	18_47_F	1185750.0	2447.0	female	Thymus Flowthrough	Thymus	nan	6	5
G10_B002452_B009020_S154	21.0	10.0	18	G10_B002452_B009020_S154	18_47_F	Spleen	True	3	True	G10_B002452_B009020_S154.mm10-plus-0-0	exact_library_id_plus_documented_alignment_suffix	G10_B002452_B009020_S154.mm10-plus-0-0-1	one_assay_suffix	18m	1	nan	CD8-positive, alpha-beta T cell	nan	nan	facs	18_47_F	410578.0	2473.0	female	nan	Spleen	nan	4	9
G10_B003007_B009008_S154			18	G10_B003007_B009008_S154	18_46_F	Thymus	False	1	False	G10_B003007_B009008_S154.mm10-plus-7-0	exact_library_id_plus_documented_alignment_suffix	G10_B003007_B009008_S154.mm10-plus-7-0-1	one_assay_suffix	18m	1	nan	DN4 thymocyte	nan	DN4 thymocyte	facs	18_46_F	1244475.0	1800.0	female	Thymus Flowthrough	Thymus	nan	6	5
G10_B003017_B009010_S154			18	G10_B003017_B009010_S154	18_45_M	Thymus	False	1	False	G10_B003017_B009010_S154.mm10-plus-7-0	exact_library_id_plus_documented_alignment_suffix	G10_B003017_B009010_S154.mm10-plus-7-0-1	one_assay_suffix	18m	1	nan	thymocyte	nan	DN to DP transition (most are Cd8+/ Cd4+, some undergoing VDJ recombination)	facs	18_45_M	493295.0	1151.0	male	Thymus Flowthrough	Thymus	nan	21	23
G10_B003022_B008546_S154			18	G10_B003022_B008546_S154	18_45_M	MAT	False	1	False	G10_B003022_B008546_S154.mm10-plus-7-0	exact_library_id_plus_documented_alignment_suffix	G10_B003022_B008546_S154.mm10-plus-7-0-1	one_assay_suffix	18m	1	nan	CD8-positive, alpha-beta T cell	nan	nan	facs	18_45_M	1669389.0	1979.0	male	Fat	MAT	nan	4	9
G11_B000501_B008542_S155			18	G11_B000501_B008542_S155	18_45_M	SCAT	False	1	False	G11_B000501_B008542_S155.mm10-plus-6-0	exact_library_id_plus_documented_alignment_suffix	G11_B000501_B008542_S155.mm10-plus-6-0-1	one_assay_suffix	18m	1	nan	CD8-positive, alpha-beta T cell	nan	nan	facs	18_45_M	553783.0	2357.0	male	Fat	SCAT	nan	4	9
G11_B000788_B008433_S155			18	G11_B000788_B008433_S155	18_46_F	BAT	False	1	False	G11_B000788_B008433_S155.mm10-plus-6-0	exact_library_id_plus_documented_alignment_suffix	G11_B000788_B008433_S155.mm10-plus-6-0-1	one_assay_suffix	18m	1	nan	NK cell	nan	nan	facs	18_46_F	1525708.0	2609.0	female	Fat	BAT	nan	4	9
G11_B000814_B008548_S155			18	G11_B000814_B008548_S155	18_46_F	GAT	False	1	False	G11_B000814_B008548_S155.mm10-plus-6-0	exact_library_id_plus_documented_alignment_suffix	G11_B000814_B008548_S155.mm10-plus-6-0-1	one_assay_suffix	18m	1	nan	CD8-positive, alpha-beta T cell	nan	nan	facs	18_46_F	335136.0	2049.0	female	Fat	GAT	nan	6	5
G11_B001369_B009009_S155			18	G11_B001369_B009009_S155	18_47_F	Thymus	False	1	False	G11_B001369_B009009_S155.mm10-plus-7-0	exact_library_id_plus_documented_alignment_suffix	G11_B001369_B009009_S155.mm10-plus-7-0-1	one_assay_suffix	18m	1	nan	DN4 thymocyte	nan	DN4 thymocyte	facs	18_47_F	406583.0	2134.0	female	Thymus Flowthrough	Thymus	nan	6	5
G11_B003007_B009008_S155			18	G11_B003007_B009008_S155	18_46_F	Thymus	False	1	False	G11_B003007_B009008_S155.mm10-plus-7-0	exact_library_id_plus_documented_alignment_suffix	G11_B003007_B009008_S155.mm10-plus-7-0-1	one_assay_suffix	18m	1	nan	DN4 thymocyte	nan	DN4 thymocyte	facs	18_46_F	1383888.0	2409.0	female	Thymus Flowthrough	Thymus	nan	6	5
G11_B003017_B009010_S155			18	G11_B003017_B009010_S155	18_45_M	Thymus	False	1	False	G11_B003017_B009010_S155.mm10-plus-7-0	exact_library_id_plus_documented_alignment_suffix	G11_B003017_B009010_S155.mm10-plus-7-0-1	one_assay_suffix	18m	1	nan	thymocyte	nan	DN to DP transition (most are Cd8+/ Cd4+, some undergoing VDJ recombination)	facs	18_45_M	1023559.0	1381.0	male	Thymus Flowthrough	Thymus	nan	21	23
G11_B00480_B0008539_S155			18	G11_B00480_B0008539_S155			False	1	False	__unmatched__G11_B00480_B0008539_S155	unmatched_library		unmatched																
G11_D045405_B009854_S155			18	G11_D045405_B009854_S155	18_45_M	Marrow	False	1	False	G11_D045405_B009854_S155.mm10-plus-6-0	exact_library_id_plus_documented_alignment_suffix	G11_D045405_B009854_S155.mm10-plus-6-0-1	one_assay_suffix	18m	1	nan	mature alpha-beta T cell	nan	BM CD8 + CD4 T cell	facs	18_45_M	963971.0	2482.0	male	T cells	Marrow	nan	4	48
G12_B000236_B009007_S156			18	G12_B000236_B009007_S156	18_53_M	Thymus	False	1	False	G12_B000236_B009007_S156.mm10-plus-8-0	exact_library_id_plus_documented_alignment_suffix	G12_B000236_B009007_S156.mm10-plus-8-0-1	one_assay_suffix	18m	1	nan	thymocyte	nan	DN to DP transition (most are Cd8+/ Cd4+, some undergoing VDJ recombination)	facs	18_53_M	253270.0	1232.0	male	Thymus Flowthrough	Thymus	nan	21	23
G12_B000808_B008541_S156			18	G12_B000808_B008541_S156	18_47_F	SCAT	False	1	False	G12_B000808_B008541_S156.mm10-plus-6-0	exact_library_id_plus_documented_alignment_suffix	G12_B000808_B008541_S156.mm10-plus-6-0-1	one_assay_suffix	18m	1	nan	NK cell	nan	nan	facs	18_47_F	593302.0	1595.0	female	Fat	SCAT	nan	4	21
G12_B001369_B009009_S156			18	G12_B001369_B009009_S156	18_47_F	Thymus	False	1	False	G12_B001369_B009009_S156.mm10-plus-7-0	exact_library_id_plus_documented_alignment_suffix	G12_B001369_B009009_S156.mm10-plus-7-0-1	one_assay_suffix	18m	1	nan	DN4 thymocyte	nan	DN4 thymocyte	facs	18_47_F	659738.0	2236.0	female	Thymus Flowthrough	Thymus	nan	6	5
G12_B003017_B009010_S156			18	G12_B003017_B009010_S156	18_45_M	Thymus	False	1	False	G12_B003017_B009010_S156.mm10-plus-7-0	exact_library_id_plus_documented_alignment_suffix	G12_B003017_B009010_S156.mm10-plus-7-0-1	one_assay_suffix	18m	1	nan	thymocyte	nan	DN to DP transition (most are Cd8+/ Cd4+, some undergoing VDJ recombination)	facs	18_45_M	984040.0	1355.0	male	Thymus Flowthrough	Thymus	nan	21	23
G12_B003022_B008546_S156			18	G12_B003022_B008546_S156	18_45_M	MAT	False	1	False	G12_B003022_B008546_S156.mm10-plus-7-0	exact_library_id_plus_documented_alignment_suffix	G12_B003022_B008546_S156.mm10-plus-7-0-1	one_assay_suffix	18m	1	nan	CD4-positive, alpha-beta T cell	nan	nan	facs	18_45_M	720008.0	1477.0	male	Fat	MAT	nan	4	21
G12_D045367_B009017_S156			18	G12_D045367_B009017_S156	18_45_M	Thymus	False	1	False	G12_D045367_B009017_S156.mm10-plus-8-0	exact_library_id_plus_documented_alignment_suffix	G12_D045367_B009017_S156.mm10-plus-8-0-1	one_assay_suffix	18m	1	nan	thymocyte	nan	proliferating thymocyte; DN to DP transition, dividing (some are Cd8+/ Cd4+, some undergoing VDJ recombination)	facs	18_45_M	3706134.0	2941.0	male	Thymus Epithelium	Thymus	nan	21	23
G13_B000171_B009952_S157	29.0	7.0	18	G13_B000171_B009952_S157	18_53_M	Heart	True	7	True	G13_B000171_B009952_S157.mm10-plus-8-0	exact_library_id_plus_documented_alignment_suffix	G13_B000171_B009952_S157.mm10-plus-8-0-1	one_assay_suffix	18m	1	nan	T cell	nan	T cell	facs	18_53_M	172597.0	1520.0	male	RA	Heart	nan	4	9
G13_B000236_B009007_S157			18	G13_B000236_B009007_S157	18_53_M	Thymus	False	1	False	G13_B000236_B009007_S157.mm10-plus-8-0	exact_library_id_plus_documented_alignment_suffix	G13_B000236_B009007_S157.mm10-plus-8-0-1	one_assay_suffix	18m	1	nan	DN4 thymocyte	nan	DN4 thymocyte	facs	18_53_M	476293.0	1812.0	male	Thymus Flowthrough	Thymus	nan	6	5
G13_B000794_B008549_S157	105.0	3.0	18	G13_B000794_B008549_S157	18_47_F	GAT	True	2	True	G13_B000794_B008549_S157.mm10-plus-3-0	exact_library_id_plus_documented_alignment_suffix	G13_B000794_B008549_S157.mm10-plus-3-0-1	one_assay_suffix	18m	1	nan	CD4-positive, alpha-beta T cell	nan	nan	facs	18_47_F	914637.0	2164.0	female	Fat	GAT	nan	4	21
G13_B000795_B008545_S157			18	G13_B000795_B008545_S157	18_47_F	MAT	False	1	False	G13_B000795_B008545_S157.mm10-plus-3-0	exact_library_id_plus_documented_alignment_suffix	G13_B000795_B008545_S157.mm10-plus-3-0-1	one_assay_suffix	18m	1	nan	CD8-positive, alpha-beta T cell	nan	nan	facs	18_47_F	85699.0	2205.0	female	Fat	MAT	nan	4	9
G13_B001369_B009009_S157			18	G13_B001369_B009009_S157	18_47_F	Thymus	False	1	False	G13_B001369_B009009_S157.mm10-plus-7-0	exact_library_id_plus_documented_alignment_suffix	G13_B001369_B009009_S157.mm10-plus-7-0-1	one_assay_suffix	18m	1	nan	DN4 thymocyte	nan	DN4 thymocyte	facs	18_47_F	907376.0	2246.0	female	Thymus Flowthrough	Thymus	nan	6	5
G13_B003017_B009010_S157			18	G13_B003017_B009010_S157	18_45_M	Thymus	False	1	False	G13_B003017_B009010_S157.mm10-plus-7-0	exact_library_id_plus_documented_alignment_suffix	G13_B003017_B009010_S157.mm10-plus-7-0-1	one_assay_suffix	18m	1	nan	thymocyte	nan	DN to DP transition (most are Cd8+/ Cd4+, some undergoing VDJ recombination)	facs	18_45_M	554585.0	1116.0	male	Thymus Flowthrough	Thymus	nan	21	23
G14_B000477_B008543_S158			18	G14_B000477_B008543_S158	18_53_M	MAT	False	1	False	G14_B000477_B008543_S158.mm10-plus-6-0	exact_library_id_plus_documented_alignment_suffix	G14_B000477_B008543_S158.mm10-plus-6-0-1	one_assay_suffix	18m	1	nan	CD8-positive, alpha-beta T cell	nan	nan	facs	18_53_M	450512.0	1798.0	male	Fat	MAT	nan	4	9
G14_B000795_B008545_S158	44.0	3.0	18	G14_B000795_B008545_S158	18_47_F	MAT	True	3	True	G14_B000795_B008545_S158.mm10-plus-3-0	exact_library_id_plus_documented_alignment_suffix	G14_B000795_B008545_S158.mm10-plus-3-0-1	one_assay_suffix	18m	1	nan	CD8-positive, alpha-beta T cell	nan	nan	facs	18_47_F	536878.0	2906.0	female	Fat	MAT	nan	4	9
G14_B001369_B009009_S158			18	G14_B001369_B009009_S158	18_47_F	Thymus	False	1	False	G14_B001369_B009009_S158.mm10-plus-7-0	exact_library_id_plus_documented_alignment_suffix	G14_B001369_B009009_S158.mm10-plus-7-0-1	one_assay_suffix	18m	1	nan	DN4 thymocyte	nan	DN4 thymocyte	facs	18_47_F	1135438.0	3119.0	female	Thymus Flowthrough	Thymus	nan	6	5
G14_B002709_B009018_S158			18	G14_B002709_B009018_S158	18_53_M	Spleen	False	1	False	G14_B002709_B009018_S158.mm10-plus-7-0	exact_library_id_plus_documented_alignment_suffix	G14_B002709_B009018_S158.mm10-plus-7-0-1	one_assay_suffix	18m	1	nan	CD4-positive, alpha-beta T cell	nan	Cd3e T cell	facs	18_53_M	623142.0	1215.0	male	nan	Spleen	nan	4	21
G14_B003007_B009008_S158			18	G14_B003007_B009008_S158	18_46_F	Thymus	False	1	False	G14_B003007_B009008_S158.mm10-plus-7-0	exact_library_id_plus_documented_alignment_suffix	G14_B003007_B009008_S158.mm10-plus-7-0-1	one_assay_suffix	18m	1	nan	DN4 thymocyte	nan	DN4 thymocyte	facs	18_46_F	1279421.0	2428.0	female	Thymus Flowthrough	Thymus	nan	6	5
G14_B003017_B009010_S158			18	G14_B003017_B009010_S158	18_45_M	Thymus	False	1	False	G14_B003017_B009010_S158.mm10-plus-7-0	exact_library_id_plus_documented_alignment_suffix	G14_B003017_B009010_S158.mm10-plus-7-0-1	one_assay_suffix	18m	1	nan	thymocyte	nan	DN to DP transition (most are Cd8+/ Cd4+, some undergoing VDJ recombination)	facs	18_45_M	600023.0	1331.0	male	Thymus Flowthrough	Thymus	nan	21	23
G14_B003022_B008546_S158	56.0	4.0	18	G14_B003022_B008546_S158	18_45_M	MAT	True	3	True	G14_B003022_B008546_S158.mm10-plus-7-0	exact_library_id_plus_documented_alignment_suffix	G14_B003022_B008546_S158.mm10-plus-7-0-1	one_assay_suffix	18m	1	nan	CD8-positive, alpha-beta T cell	nan	nan	facs	18_45_M	677016.0	1414.0	male	Fat	MAT	nan	4	9
G15_B000169_B009950_S159	105.0	3.0	18	G15_B000169_B009950_S159	18_53_M	Heart	True	1	False	G15_B000169_B009950_S159.mm10-plus-8-0	exact_library_id_plus_documented_alignment_suffix	G15_B000169_B009950_S159.mm10-plus-8-0-1	one_assay_suffix	18m	1	nan	fibroblast of cardiac tissue	nan	fibroblast of cardiac tissue	facs	18_53_M	120597.0	3249.0	male	RV	Heart	nan	17	15
G15_B000236_B009007_S159			18	G15_B000236_B009007_S159	18_53_M	Thymus	False	1	False	G15_B000236_B009007_S159.mm10-plus-8-0	exact_library_id_plus_documented_alignment_suffix	G15_B000236_B009007_S159.mm10-plus-8-0-1	one_assay_suffix	18m	1	nan	thymocyte	nan	proliferating thymocyte; DN to DP transition, dividing (some are Cd8+/ Cd4+, some undergoing VDJ recombination)	facs	18_53_M	1426582.0	3074.0	male	Thymus Flowthrough	Thymus	nan	21	23
G15_B001369_B009009_S159			18	G15_B001369_B009009_S159	18_47_F	Thymus	False	1	False	G15_B001369_B009009_S159.mm10-plus-7-0	exact_library_id_plus_documented_alignment_suffix	G15_B001369_B009009_S159.mm10-plus-7-0-1	one_assay_suffix	18m	1	nan	DN4 thymocyte	nan	DN4 thymocyte	facs	18_47_F	488587.0	2159.0	female	Thymus Flowthrough	Thymus	nan	6	5
G15_B002828_B007462_S159	38.0	2.0	18	G15_B002828_B007462_S159	18_47_F	Marrow	True	2	True	G15_B002828_B007462_S159.mm10-plus-6-0	exact_library_id_plus_documented_alignment_suffix	G15_B002828_B007462_S159.mm10-plus-6-0-1	one_assay_suffix	18m	1	nan	mature alpha-beta T cell	nan	BM CD8 + CD4 T cell	facs	18_47_F	246052.0	3106.0	female	T cells	Marrow	nan	4	9
G15_B003007_B009008_S159			18	G15_B003007_B009008_S159	18_46_F	Thymus	False	1	False	G15_B003007_B009008_S159.mm10-plus-7-0	exact_library_id_plus_documented_alignment_suffix	G15_B003007_B009008_S159.mm10-plus-7-0-1	one_assay_suffix	18m	1	nan	DN4 thymocyte	nan	DN4 thymocyte	facs	18_46_F	1480371.0	2088.0	female	Thymus Flowthrough	Thymus	nan	6	5
G15_B003017_B009010_S159			18	G15_B003017_B009010_S159	18_45_M	Thymus	False	1	False	G15_B003017_B009010_S159.mm10-plus-7-0	exact_library_id_plus_documented_alignment_suffix	G15_B003017_B009010_S159.mm10-plus-7-0-1	one_assay_suffix	18m	1	nan	thymocyte	nan	DN to DP transition (most are Cd8+/ Cd4+, some undergoing VDJ recombination)	facs	18_45_M	1301530.0	1235.0	male	Thymus Flowthrough	Thymus	nan	21	23
G16_B000236_B009007_S160			18	G16_B000236_B009007_S160	18_53_M	Thymus	False	1	False	G16_B000236_B009007_S160.mm10-plus-8-0	exact_library_id_plus_documented_alignment_suffix	G16_B000236_B009007_S160.mm10-plus-8-0-1	one_assay_suffix	18m	1	nan	thymocyte	nan	DN to DP transition (most are Cd8+/ Cd4+, some undergoing VDJ recombination)	facs	18_53_M	531469.0	1482.0	male	Thymus Flowthrough	Thymus	nan	21	23
G16_B000505_B008435_S160			18	G16_B000505_B008435_S160	18_45_M	GAT	False	1	False	G16_B000505_B008435_S160.mm10-plus-8-0	exact_library_id_plus_documented_alignment_suffix	G16_B000505_B008435_S160.mm10-plus-8-0-1	one_assay_suffix	18m	1	nan	CD4-positive, alpha-beta T cell	nan	nan	facs	18_45_M	1208919.0	1392.0	male	Fat	GAT	nan	4	9
G16_B000795_B008545_S160			18	G16_B000795_B008545_S160	18_47_F	MAT	False	1	False	G16_B000795_B008545_S160.mm10-plus-3-0	exact_library_id_plus_documented_alignment_suffix	G16_B000795_B008545_S160.mm10-plus-3-0-1	one_assay_suffix	18m	1	nan	CD8-positive, alpha-beta T cell	nan	nan	facs	18_47_F	355919.0	2034.0	female	Fat	MAT	nan	4	9
G16_B001369_B009009_S160			18	G16_B001369_B009009_S160	18_47_F	Thymus	False	1	False	G16_B001369_B009009_S160.mm10-plus-7-0	exact_library_id_plus_documented_alignment_suffix	G16_B001369_B009009_S160.mm10-plus-7-0-1	one_assay_suffix	18m	1	nan	DN4 thymocyte	nan	DN4 thymocyte	facs	18_47_F	835818.0	2397.0	female	Thymus Flowthrough	Thymus	nan	6	5
G16_B002828_B007462_S160			18	G16_B002828_B007462_S160	18_47_F	Marrow	False	1	False	G16_B002828_B007462_S160.mm10-plus-6-0	exact_library_id_plus_documented_alignment_suffix	G16_B002828_B007462_S160.mm10-plus-6-0-1	one_assay_suffix	18m	1	nan	mature alpha-beta T cell	nan	BM CD8 + CD4 T cell	facs	18_47_F	884808.0	3876.0	female	T cells	Marrow	nan	4	21
G16_B003017_B009010_S160			18	G16_B003017_B009010_S160	18_45_M	Thymus	False	1	False	G16_B003017_B009010_S160.mm10-plus-7-0	exact_library_id_plus_documented_alignment_suffix	G16_B003017_B009010_S160.mm10-plus-7-0-1	one_assay_suffix	18m	1	nan	thymocyte	nan	proliferating thymocyte; DN to DP transition, dividing (some are Cd8+/ Cd4+, some undergoing VDJ recombination)	facs	18_45_M	1831534.0	2475.0	male	Thymus Flowthrough	Thymus	nan	21	23
G16_B003022_B008546_S160			18	G16_B003022_B008546_S160	18_45_M	MAT	False	1	False	G16_B003022_B008546_S160.mm10-plus-7-0	exact_library_id_plus_documented_alignment_suffix	G16_B003022_B008546_S160.mm10-plus-7-0-1	one_assay_suffix	18m	1	nan	T cell	nan	nan	facs	18_45_M	1229094.0	2422.0	male	Fat	MAT	nan	4	21
G16_D045342_B009019_S160			18	G16_D045342_B009019_S160	18_45_M	Spleen	False	1	False	G16_D045342_B009019_S160.mm10-plus-0-0	exact_library_id_plus_documented_alignment_suffix	G16_D045342_B009019_S160.mm10-plus-0-0-1	one_assay_suffix	18m	1	nan	CD4-positive, alpha-beta T cell	nan	Cd3e T cell	facs	18_45_M	850154.0	991.0	male	nan	Spleen	nan	6	5
G16_D045405_B009854_S160	43.0	2.0	18	G16_D045405_B009854_S160	18_45_M	Marrow	True	2	True	G16_D045405_B009854_S160.mm10-plus-6-0	exact_library_id_plus_documented_alignment_suffix	G16_D045405_B009854_S160.mm10-plus-6-0-1	one_assay_suffix	18m	1	nan	CD4-positive, alpha-beta T cell	nan	BM CD4 T cell	facs	18_45_M	363779.0	1319.0	male	T cells	Marrow	nan	4	21
G17_B000236_B009007_S161			18	G17_B000236_B009007_S161	18_53_M	Thymus	False	1	False	G17_B000236_B009007_S161.mm10-plus-8-0	exact_library_id_plus_documented_alignment_suffix	G17_B000236_B009007_S161.mm10-plus-8-0-1	one_assay_suffix	18m	1	nan	thymocyte	nan	DN to DP transition (most are Cd8+/ Cd4+, some undergoing VDJ recombination)	facs	18_53_M	441817.0	1581.0	male	Thymus Flowthrough	Thymus	nan	21	23
G17_B000524_B009242_S161	36.0	4.0	18	G17_B000524_B009242_S161	18_53_M	Trachea	True	4	True	G17_B000524_B009242_S161.mm10-plus-0-0	exact_library_id_plus_documented_alignment_suffix	G17_B000524_B009242_S161.mm10-plus-0-0-1	one_assay_suffix	18m	1	nan	basal epithelial cell of tracheobronchial tree	nan	nan	facs	18_53_M	2665471.0	6160.0	male	nan	Trachea	nan	18	19
G17_B001369_B009009_S161			18	G17_B001369_B009009_S161	18_47_F	Thymus	False	1	False	G17_B001369_B009009_S161.mm10-plus-7-0	exact_library_id_plus_documented_alignment_suffix	G17_B001369_B009009_S161.mm10-plus-7-0-1	one_assay_suffix	18m	1	nan	DN4 thymocyte	nan	DN4 thymocyte	facs	18_47_F	1327381.0	2473.0	female	Thymus Flowthrough	Thymus	nan	6	5
G17_B002831_B007445_S161			18	G17_B002831_B007445_S161	18_47_F	Pancreas	False	1	False	G17_B002831_B007445_S161.mm10-plus-0-0	exact_library_id_plus_documented_alignment_suffix	G17_B002831_B007445_S161.mm10-plus-0-0-1	one_assay_suffix	18m	1	nan	pancreatic A cell	nan	nan	facs	18_47_F	1554979.0	6848.0	female	Endocrine	Pancreas	nan	14	16
G17_B003017_B009010_S161			18	G17_B003017_B009010_S161	18_45_M	Thymus	False	1	False	G17_B003017_B009010_S161.mm10-plus-7-0	exact_library_id_plus_documented_alignment_suffix	G17_B003017_B009010_S161.mm10-plus-7-0-1	one_assay_suffix	18m	1	nan	thymocyte	nan	proliferating thymocyte; DN to DP transition, dividing (some are Cd8+/ Cd4+, some undergoing VDJ recombination)	facs	18_45_M	2235048.0	3015.0	male	Thymus Flowthrough	Thymus	nan	21	23
G18_B000236_B009007_S162			18	G18_B000236_B009007_S162	18_53_M	Thymus	False	1	False	G18_B000236_B009007_S162.mm10-plus-8-0	exact_library_id_plus_documented_alignment_suffix	G18_B000236_B009007_S162.mm10-plus-8-0-1	one_assay_suffix	18m	1	nan	thymocyte	nan	DN to DP transition (most are Cd8+/ Cd4+, some undergoing VDJ recombination)	facs	18_53_M	477938.0	1495.0	male	Thymus Flowthrough	Thymus	nan	21	23
G18_B000524_B009242_S162	36.0	4.0	18	G18_B000524_B009242_S162	18_53_M	Trachea	True	4	True	G18_B000524_B009242_S162.mm10-plus-0-0	exact_library_id_plus_documented_alignment_suffix	G18_B000524_B009242_S162.mm10-plus-0-0-1	one_assay_suffix	18m	1	nan	basal epithelial cell of tracheobronchial tree	nan	nan	facs	18_53_M	4377837.0	6742.0	male	nan	Trachea	nan	18	19
G18_B002452_B009020_S162	123.0	4.0	18	G18_B002452_B009020_S162	18_47_F	Spleen	True	1	False	G18_B002452_B009020_S162.mm10-plus-0-0	exact_library_id_plus_documented_alignment_suffix	G18_B002452_B009020_S162.mm10-plus-0-0-1	one_assay_suffix	18m	1	nan	CD8-positive, alpha-beta T cell	nan	nan	facs	18_47_F	461169.0	2322.0	female	nan	Spleen	nan	4	9
G18_B002843_B009897_S162			18	G18_B002843_B009897_S162	18_47_F	Lung	False	1	False	G18_B002843_B009897_S162.mm10-plus-6-0	exact_library_id_plus_documented_alignment_suffix	G18_B002843_B009897_S162.mm10-plus-6-0-1	one_assay_suffix	18m	1	nan	T cell	nan	Ly6g5b+ T	facs	18_47_F	876122.0	2599.0	female	EPCAM	Lung	nan	4	21
G19_B000171_B009952_S163	29.0	7.0	18	G19_B000171_B009952_S163	18_53_M	Heart	True	7	True	G19_B000171_B009952_S163.mm10-plus-8-0	exact_library_id_plus_documented_alignment_suffix	G19_B000171_B009952_S163.mm10-plus-8-0-1	one_assay_suffix	18m	1	nan	T cell	nan	T cell	facs	18_53_M	1754943.0	3032.0	male	RA	Heart	nan	4	9
G19_B000236_B009007_S163			18	G19_B000236_B009007_S163	18_53_M	Thymus	False	1	False	G19_B000236_B009007_S163.mm10-plus-8-0	exact_library_id_plus_documented_alignment_suffix	G19_B000236_B009007_S163.mm10-plus-8-0-1	one_assay_suffix	18m	1	nan	thymocyte	nan	DN to DP transition (most are Cd8+/ Cd4+, some undergoing VDJ recombination)	facs	18_53_M	694090.0	1393.0	male	Thymus Flowthrough	Thymus	nan	21	23
G19_B000524_B009242_S163	36.0	4.0	18	G19_B000524_B009242_S163	18_53_M	Trachea	True	4	True	G19_B000524_B009242_S163.mm10-plus-0-0	exact_library_id_plus_documented_alignment_suffix	G19_B000524_B009242_S163.mm10-plus-0-0-1	one_assay_suffix	18m	1	nan	basal epithelial cell of tracheobronchial tree	nan	nan	facs	18_53_M	4348209.0	6472.0	male	nan	Trachea	nan	18	19
G19_B000750_B007346_S163			18	G19_B000750_B007346_S163	18_45_M	Trachea	False	1	False	G19_B000750_B007346_S163.mm10-plus-8-0	exact_library_id_plus_documented_alignment_suffix	G19_B000750_B007346_S163.mm10-plus-8-0-1	one_assay_suffix	18m	1	nan	T cell	nan	nan	facs	18_45_M	460477.0	1786.0	male	nan	Trachea	nan	4	21
G19_B001369_B009009_S163			18	G19_B001369_B009009_S163	18_47_F	Thymus	False	1	False	G19_B001369_B009009_S163.mm10-plus-7-0	exact_library_id_plus_documented_alignment_suffix	G19_B001369_B009009_S163.mm10-plus-7-0-1	one_assay_suffix	18m	1	nan	DN4 thymocyte	nan	DN4 thymocyte	facs	18_47_F	686065.0	1852.0	female	Thymus Flowthrough	Thymus	nan	6	5
G19_B002417_B009885_S163	95.0	5.0	18	G19_B002417_B009885_S163	18_47_F	Marrow	True	2	True	G19_B002417_B009885_S163.mm10-plus-6-0	exact_library_id_plus_documented_alignment_suffix	G19_B002417_B009885_S163.mm10-plus-6-0-1	one_assay_suffix	18m	1	nan	hematopoietic stem cell	nan	MPP Fraction A + HSC	facs	18_47_F	1820760.0	7519.0	female	KLS	Marrow	nan	20	22
G19_B003007_B009008_S163			18	G19_B003007_B009008_S163	18_46_F	Thymus	False	1	False	G19_B003007_B009008_S163.mm10-plus-7-0	exact_library_id_plus_documented_alignment_suffix	G19_B003007_B009008_S163.mm10-plus-7-0-1	one_assay_suffix	18m	1	nan	DN4 thymocyte	nan	DN4 thymocyte	facs	18_46_F	1358408.0	1744.0	female	Thymus Flowthrough	Thymus	nan	6	5
G19_B003017_B009010_S163			18	G19_B003017_B009010_S163	18_45_M	Thymus	False	1	False	G19_B003017_B009010_S163.mm10-plus-7-0	exact_library_id_plus_documented_alignment_suffix	G19_B003017_B009010_S163.mm10-plus-7-0-1	one_assay_suffix	18m	1	nan	thymocyte	nan	DN to DP transition (most are Cd8+/ Cd4+, some undergoing VDJ recombination)	facs	18_45_M	1660454.0	1222.0	male	Thymus Flowthrough	Thymus	nan	21	23
G1_B001369_B009009_S145			18	G1_B001369_B009009_S145	18_47_F	Thymus	False	1	False	G1_B001369_B009009_S145.mm10-plus-7-0	exact_library_id_plus_documented_alignment_suffix	G1_B001369_B009009_S145.mm10-plus-7-0-1	one_assay_suffix	18m	1	nan	DN4 thymocyte	nan	DN4 thymocyte	facs	18_47_F	753860.0	2600.0	female	Thymus Flowthrough	Thymus	nan	6	5
G1_B002466_B009898_S145			18	G1_B002466_B009898_S145	18_45_M	Lung	False	1	False	G1_B002466_B009898_S145.mm10-plus-4-0	exact_library_id_plus_documented_alignment_suffix	G1_B002466_B009898_S145.mm10-plus-4-0-1	one_assay_suffix	18m	1	nan	CD4-positive, alpha-beta T cell	nan	CD4+ T	facs	18_45_M	527705.0	1392.0	male	EPCAM	Lung	nan	4	5
G1_B002828_B007462_S145			18	G1_B002828_B007462_S145	18_47_F	Marrow	False	1	False	G1_B002828_B007462_S145.mm10-plus-6-0	exact_library_id_plus_documented_alignment_suffix	G1_B002828_B007462_S145.mm10-plus-6-0-1	one_assay_suffix	18m	1	nan	CD4-positive, alpha-beta T cell	nan	BM CD4 T cell	facs	18_47_F	1101083.0	4079.0	female	T cells	Marrow	nan	4	21
G20_B003007_B009008_S164			18	G20_B003007_B009008_S164	18_46_F	Thymus	False	1	False	G20_B003007_B009008_S164.mm10-plus-7-0	exact_library_id_plus_documented_alignment_suffix	G20_B003007_B009008_S164.mm10-plus-7-0-1	one_assay_suffix	18m	1	nan	DN4 thymocyte	nan	DN4 thymocyte	facs	18_46_F	1514432.0	1736.0	female	Thymus Flowthrough	Thymus	nan	6	5
G20_B003017_B009010_S164			18	G20_B003017_B009010_S164	18_45_M	Thymus	False	1	False	G20_B003017_B009010_S164.mm10-plus-7-0	exact_library_id_plus_documented_alignment_suffix	G20_B003017_B009010_S164.mm10-plus-7-0-1	one_assay_suffix	18m	1	nan	thymocyte	nan	DN to DP transition (most are Cd8+/ Cd4+, some undergoing VDJ recombination)	facs	18_45_M	678698.0	901.0	male	Thymus Flowthrough	Thymus	nan	21	23
G21_B000236_B009007_S165			18	G21_B000236_B009007_S165	18_53_M	Thymus	False	1	False	G21_B000236_B009007_S165.mm10-plus-8-0	exact_library_id_plus_documented_alignment_suffix	G21_B000236_B009007_S165.mm10-plus-8-0-1	one_assay_suffix	18m	1	nan	thymocyte	nan	DN to DP transition (most are Cd8+/ Cd4+, some undergoing VDJ recombination)	facs	18_53_M	456609.0	1123.0	male	Thymus Flowthrough	Thymus	nan	21	23
G21_B001369_B009009_S165			18	G21_B001369_B009009_S165	18_47_F	Thymus	False	1	False	G21_B001369_B009009_S165.mm10-plus-7-0	exact_library_id_plus_documented_alignment_suffix	G21_B001369_B009009_S165.mm10-plus-7-0-1	one_assay_suffix	18m	1	nan	DN4 thymocyte	nan	DN4 thymocyte	facs	18_47_F	1493666.0	2746.0	female	Thymus Flowthrough	Thymus	nan	6	5
G21_B002459_B007461_S165			18	G21_B002459_B007461_S165	18_46_F	Marrow	False	1	False	G21_B002459_B007461_S165.mm10-plus-8-0	exact_library_id_plus_documented_alignment_suffix	G21_B002459_B007461_S165.mm10-plus-8-0-1	one_assay_suffix	18m	1	nan	NK cell	nan	Klrb1a/b/c(-) NK cell	facs	18_46_F	1251539.0	3876.0	female	T cells	Marrow	nan	11	7
G21_B002828_B007462_S165	101.0	6.0	18	G21_B002828_B007462_S165	18_47_F	Marrow	True	6	True	G21_B002828_B007462_S165.mm10-plus-6-0	exact_library_id_plus_documented_alignment_suffix	G21_B002828_B007462_S165.mm10-plus-6-0-1	one_assay_suffix	18m	1	nan	mature alpha-beta T cell	nan	BM CD8 + CD4 T cell	facs	18_47_F	1150727.0	3555.0	female	T cells	Marrow	nan	4	9
G21_B003007_B009008_S165			18	G21_B003007_B009008_S165	18_46_F	Thymus	False	1	False	G21_B003007_B009008_S165.mm10-plus-7-0	exact_library_id_plus_documented_alignment_suffix	G21_B003007_B009008_S165.mm10-plus-7-0-1	one_assay_suffix	18m	1	nan	DN4 thymocyte	nan	DN4 thymocyte	facs	18_46_F	2319308.0	3648.0	female	Thymus Flowthrough	Thymus	nan	4	21
G21_D045342_B009019_S165			18	G21_D045342_B009019_S165	18_45_M	Spleen	False	1	False	G21_D045342_B009019_S165.mm10-plus-0-0	exact_library_id_plus_documented_alignment_suffix	G21_D045342_B009019_S165.mm10-plus-0-0-1	one_assay_suffix	18m	1	nan	CD4-positive, alpha-beta T cell	nan	Cd3e T cell	facs	18_45_M	656074.0	1497.0	male	nan	Spleen	nan	4	21
G21_D045367_B009017_S165			18	G21_D045367_B009017_S165	18_45_M	Thymus	False	1	False	G21_D045367_B009017_S165.mm10-plus-8-0	exact_library_id_plus_documented_alignment_suffix		unmatched																
G22_B001363_B009260_S106	34.0	10.0	18	G22_B001363_B009260_S106	18_46_F	Brain_Non-Myeloid	True	10	True	G22_B001363_B009260_S106.mm10-plus-1-0	exact_library_id_plus_documented_alignment_suffix	G22_B001363_B009260_S106.mm10-plus-1-0-1	one_assay_suffix	18m	1	nan	CD8-positive, alpha-beta T cell	nan	nan	facs	18_46_F	2029541.0	1967.0	female	Cerebellum 	Brain_Non-Myeloid	nan	4	9
G22_B001369_B009009_S166			18	G22_B001369_B009009_S166	18_47_F	Thymus	False	1	False	G22_B001369_B009009_S166.mm10-plus-7-0	exact_library_id_plus_documented_alignment_suffix	G22_B001369_B009009_S166.mm10-plus-7-0-1	one_assay_suffix	18m	1	nan	DN4 thymocyte	nan	DN4 thymocyte	facs	18_47_F	1431793.0	2580.0	female	Thymus Flowthrough	Thymus	nan	6	5
G22_B003017_B009010_S166			18	G22_B003017_B009010_S166	18_45_M	Thymus	False	1	False	G22_B003017_B009010_S166.mm10-plus-7-0	exact_library_id_plus_documented_alignment_suffix	G22_B003017_B009010_S166.mm10-plus-7-0-1	one_assay_suffix	18m	1	nan	thymocyte	nan	DN to DP transition (most are Cd8+/ Cd4+, some undergoing VDJ recombination)	facs	18_45_M	913701.0	1364.0	male	Thymus Flowthrough	Thymus	nan	21	23
G2_B000236_B009007_S146			18	G2_B000236_B009007_S146	18_53_M	Thymus	False	1	False	G2_B000236_B009007_S146.mm10-plus-8-0	exact_library_id_plus_documented_alignment_suffix	G2_B000236_B009007_S146.mm10-plus-8-0-1	one_assay_suffix	18m	1	nan	DN4 thymocyte	nan	DN4 thymocyte	facs	18_53_M	238504.0	2079.0	male	Thymus Flowthrough	Thymus	nan	4	21
G2_B002459_B007461_S146	85.0	2.0	18	G2_B002459_B007461_S146	18_46_F	Marrow	True	1	False	G2_B002459_B007461_S146.mm10-plus-8-0	exact_library_id_plus_documented_alignment_suffix	G2_B002459_B007461_S146.mm10-plus-8-0-1	one_assay_suffix	18m	1	nan	mature alpha-beta T cell	nan	BM CD8 + CD4 T cell	facs	18_46_F	1468020.0	4961.0	female	T cells	Marrow	nan	37	41
G2_B002709_B009018_S146			18	G2_B002709_B009018_S146	18_53_M	Spleen	False	1	False	G2_B002709_B009018_S146.mm10-plus-7-0	exact_library_id_plus_documented_alignment_suffix	G2_B002709_B009018_S146.mm10-plus-7-0-1	one_assay_suffix	18m	1	nan	CD4-positive, alpha-beta T cell	nan	Cd3e T cell	facs	18_53_M	21664.0	1380.0	male	nan	Spleen	nan	4	5
G2_B002828_B007462_S146	42.0	7.0	18	G2_B002828_B007462_S146	18_47_F	Marrow	True	6	True	G2_B002828_B007462_S146.mm10-plus-6-0	exact_library_id_plus_documented_alignment_suffix	G2_B002828_B007462_S146.mm10-plus-6-0-1	one_assay_suffix	18m	1	nan	mature alpha-beta T cell	nan	BM CD8 + CD4 T cell	facs	18_47_F	600181.0	3243.0	female	T cells	Marrow	nan	4	9
G2_B003017_B009010_S146			18	G2_B003017_B009010_S146	18_45_M	Thymus	False	1	False	G2_B003017_B009010_S146.mm10-plus-7-0	exact_library_id_plus_documented_alignment_suffix	G2_B003017_B009010_S146.mm10-plus-7-0-1	one_assay_suffix	18m	1	nan	thymocyte	nan	DN to DP transition (most are Cd8+/ Cd4+, some undergoing VDJ recombination)	facs	18_45_M	901773.0	1173.0	male	Thymus Flowthrough	Thymus	nan	21	23
G2_D045405_B009854_S146	118.0	2.0	18	G2_D045405_B009854_S146	18_45_M	Marrow	True	2	True	G2_D045405_B009854_S146.mm10-plus-6-0	exact_library_id_plus_documented_alignment_suffix	G2_D045405_B009854_S146.mm10-plus-6-0-1	one_assay_suffix	18m	1	nan	NK cell	nan	NK cell	facs	18_45_M	765019.0	1954.0	male	T cells	Marrow	nan	4	9
G3_B001369_B009009_S147			18	G3_B001369_B009009_S147	18_47_F	Thymus	False	1	False	G3_B001369_B009009_S147.mm10-plus-7-0	exact_library_id_plus_documented_alignment_suffix	G3_B001369_B009009_S147.mm10-plus-7-0-1	one_assay_suffix	18m	1	nan	DN4 thymocyte	nan	DN4 thymocyte	facs	18_47_F	352188.0	1966.0	female	Thymus Flowthrough	Thymus	nan	6	5
G3_B003017_B009010_S147			18	G3_B003017_B009010_S147	18_45_M	Thymus	False	1	False	G3_B003017_B009010_S147.mm10-plus-7-0	exact_library_id_plus_documented_alignment_suffix	G3_B003017_B009010_S147.mm10-plus-7-0-1	one_assay_suffix	18m	1	nan	thymocyte	nan	DN to DP transition (most are Cd8+/ Cd4+, some undergoing VDJ recombination)	facs	18_45_M	1234570.0	1198.0	male	Thymus Flowthrough	Thymus	nan	21	23
G4_B001369_B009009_S148			18	G4_B001369_B009009_S148	18_47_F	Thymus	False	1	False	G4_B001369_B009009_S148.mm10-plus-7-0	exact_library_id_plus_documented_alignment_suffix	G4_B001369_B009009_S148.mm10-plus-7-0-1	one_assay_suffix	18m	1	nan	DN4 thymocyte	nan	DN4 thymocyte	facs	18_47_F	449729.0	1933.0	female	Thymus Flowthrough	Thymus	nan	6	5
G4_B002828_B007462_S148	2.0	11.0	18	G4_B002828_B007462_S148	18_47_F	Marrow	True	11	True	G4_B002828_B007462_S148.mm10-plus-6-0	exact_library_id_plus_documented_alignment_suffix	G4_B002828_B007462_S148.mm10-plus-6-0-1	one_assay_suffix	18m	1	nan	CD4-positive, alpha-beta T cell	nan	BM CD4 T cell	facs	18_47_F	771887.0	4823.0	female	T cells	Marrow	nan	4	21
G4_B003007_B009008_S148			18	G4_B003007_B009008_S148	18_46_F	Thymus	False	1	False	G4_B003007_B009008_S148.mm10-plus-7-0	exact_library_id_plus_documented_alignment_suffix	G4_B003007_B009008_S148.mm10-plus-7-0-1	one_assay_suffix	18m	1	nan	DN4 thymocyte	nan	DN4 thymocyte	facs	18_46_F	1082881.0	2346.0	female	Thymus Flowthrough	Thymus	nan	4	9
G4_B003017_B009010_S148			18	G4_B003017_B009010_S148	18_45_M	Thymus	False	1	False	G4_B003017_B009010_S148.mm10-plus-7-0	exact_library_id_plus_documented_alignment_suffix	G4_B003017_B009010_S148.mm10-plus-7-0-1	one_assay_suffix	18m	1	nan	thymocyte	nan	DN to DP transition (most are Cd8+/ Cd4+, some undergoing VDJ recombination)	facs	18_45_M	1170726.0	1306.0	male	Thymus Flowthrough	Thymus	nan	21	23
G4_D045342_B009019_S148	43.0	2.0	18	G4_D045342_B009019_S148	18_45_M	Spleen	True	2	True	G4_D045342_B009019_S148.mm10-plus-0-0	exact_library_id_plus_documented_alignment_suffix	G4_D045342_B009019_S148.mm10-plus-0-0-1	one_assay_suffix	18m	1	nan	CD4-positive, alpha-beta T cell	nan	Cd3e T cell	facs	18_45_M	1670817.0	2172.0	male	nan	Spleen	nan	4	21
G5_B000236_B009007_S149			18	G5_B000236_B009007_S149	18_53_M	Thymus	False	1	False	G5_B000236_B009007_S149.mm10-plus-8-0	exact_library_id_plus_documented_alignment_suffix	G5_B000236_B009007_S149.mm10-plus-8-0-1	one_assay_suffix	18m	1	nan	DN4 thymocyte	nan	DN4 thymocyte	facs	18_53_M	465204.0	2297.0	male	Thymus Flowthrough	Thymus	nan	6	5
G5_B001369_B009009_S149			18	G5_B001369_B009009_S149	18_47_F	Thymus	False	1	False	G5_B001369_B009009_S149.mm10-plus-7-0	exact_library_id_plus_documented_alignment_suffix	G5_B001369_B009009_S149.mm10-plus-7-0-1	one_assay_suffix	18m	1	nan	DN4 thymocyte	nan	DN4 thymocyte	facs	18_47_F	874516.0	2289.0	female	Thymus Flowthrough	Thymus	nan	6	5
G5_B002524_S149			18	G5_B002524_S149			False	1	False	__unmatched__G5_B002524_S149	unmatched_library		unmatched																
G5_B002843_B009897_S149	40.0	5.0	18	G5_B002843_B009897_S149	18_47_F	Lung	True	3	True	G5_B002843_B009897_S149.mm10-plus-6-0	exact_library_id_plus_documented_alignment_suffix	G5_B002843_B009897_S149.mm10-plus-6-0-1	one_assay_suffix	18m	1	nan	regulatory T cell	nan	Regulatory T	facs	18_47_F	1126129.0	1965.0	female	EPCAM	Lung	nan	4	21
G5_B003017_B009010_S149			18	G5_B003017_B009010_S149	18_45_M	Thymus	False	1	False	G5_B003017_B009010_S149.mm10-plus-7-0	exact_library_id_plus_documented_alignment_suffix	G5_B003017_B009010_S149.mm10-plus-7-0-1	one_assay_suffix	18m	1	nan	thymocyte	nan	DN to DP transition (most are Cd8+/ Cd4+, some undergoing VDJ recombination)	facs	18_45_M	477785.0	1124.0	male	Thymus Flowthrough	Thymus	nan	21	23
G6_B000236_B009007_S150			18	G6_B000236_B009007_S150	18_53_M	Thymus	False	1	False	G6_B000236_B009007_S150.mm10-plus-8-0	exact_library_id_plus_documented_alignment_suffix	G6_B000236_B009007_S150.mm10-plus-8-0-1	one_assay_suffix	18m	1	nan	DN4 thymocyte	nan	DN4 thymocyte	facs	18_53_M	429336.0	2287.0	male	Thymus Flowthrough	Thymus	nan	6	5
G6_B001369_B009009_S150			18	G6_B001369_B009009_S150	18_47_F	Thymus	False	1	False	G6_B001369_B009009_S150.mm10-plus-7-0	exact_library_id_plus_documented_alignment_suffix	G6_B001369_B009009_S150.mm10-plus-7-0-1	one_assay_suffix	18m	1	nan	DN4 thymocyte	nan	DN4 thymocyte	facs	18_47_F	984478.0	2126.0	female	Thymus Flowthrough	Thymus	nan	6	5
G6_B002341_B009297_S78	34.0	10.0	18	G6_B002341_B009297_S78	18_46_F	Brain_Non-Myeloid	True	10	True	G6_B002341_B009297_S78.mm10-plus-1-0	exact_library_id_plus_documented_alignment_suffix	G6_B002341_B009297_S78.mm10-plus-1-0-1	one_assay_suffix	18m	1	nan	T cell	nan	nan	facs	18_46_F	477172.0	932.0	female	Cortex 	Brain_Non-Myeloid	nan	4	9
G6_B002452_B009020_S150			18	G6_B002452_B009020_S150	18_47_F	Spleen	False	1	False	G6_B002452_B009020_S150.mm10-plus-0-0	exact_library_id_plus_documented_alignment_suffix	G6_B002452_B009020_S150.mm10-plus-0-0-1	one_assay_suffix	18m	1	nan	CD8-positive, alpha-beta T cell	nan	nan	facs	18_47_F	474653.0	3052.0	female	nan	Spleen	nan	4	9
G6_B003007_B009008_S150			18	G6_B003007_B009008_S150	18_46_F	Thymus	False	1	False	G6_B003007_B009008_S150.mm10-plus-7-0	exact_library_id_plus_documented_alignment_suffix	G6_B003007_B009008_S150.mm10-plus-7-0-1	one_assay_suffix	18m	1	nan	DN4 thymocyte	nan	DN4 thymocyte	facs	18_46_F	1531150.0	2701.0	female	Thymus Flowthrough	Thymus	nan	6	5
G7_B000169_B009950_S151			18	G7_B000169_B009950_S151	18_53_M	Heart	False	1	False	G7_B000169_B009950_S151.mm10-plus-8-0	exact_library_id_plus_documented_alignment_suffix	G7_B000169_B009950_S151.mm10-plus-8-0-1	one_assay_suffix	18m	1	nan	T cell	nan	T cell	facs	18_53_M	1372953.0	2229.0	male	RV	Heart	nan	4	21
G7_B000236_B009007_S151			18	G7_B000236_B009007_S151	18_53_M	Thymus	False	1	False	G7_B000236_B009007_S151.mm10-plus-8-0	exact_library_id_plus_documented_alignment_suffix	G7_B000236_B009007_S151.mm10-plus-8-0-1	one_assay_suffix	18m	1	nan	DN4 thymocyte	nan	DN4 thymocyte	facs	18_53_M	317215.0	1367.0	male	Thymus Flowthrough	Thymus	nan	6	5
G7_B001369_B009009_S151			18	G7_B001369_B009009_S151	18_47_F	Thymus	False	1	False	G7_B001369_B009009_S151.mm10-plus-7-0	exact_library_id_plus_documented_alignment_suffix	G7_B001369_B009009_S151.mm10-plus-7-0-1	one_assay_suffix	18m	1	nan	DN4 thymocyte	nan	DN4 thymocyte	facs	18_47_F	624541.0	2636.0	female	Thymus Flowthrough	Thymus	nan	6	5
G7_B002828_B007462_S151	2.0	11.0	18	G7_B002828_B007462_S151	18_47_F	Marrow	True	11	True	G7_B002828_B007462_S151.mm10-plus-6-0	exact_library_id_plus_documented_alignment_suffix	G7_B002828_B007462_S151.mm10-plus-6-0-1	one_assay_suffix	18m	1	nan	CD4-positive, alpha-beta T cell	nan	BM CD4 T cell	facs	18_47_F	748766.0	4077.0	female	T cells	Marrow	nan	4	21
G7_B003007_B009008_S151			18	G7_B003007_B009008_S151	18_46_F	Thymus	False	1	False	G7_B003007_B009008_S151.mm10-plus-7-0	exact_library_id_plus_documented_alignment_suffix	G7_B003007_B009008_S151.mm10-plus-7-0-1	one_assay_suffix	18m	1	nan	DN4 thymocyte	nan	DN4 thymocyte	facs	18_46_F	1094641.0	1805.0	female	Thymus Flowthrough	Thymus	nan	6	5
G7_B003017_B009010_S151			18	G7_B003017_B009010_S151	18_45_M	Thymus	False	1	False	G7_B003017_B009010_S151.mm10-plus-7-0	exact_library_id_plus_documented_alignment_suffix	G7_B003017_B009010_S151.mm10-plus-7-0-1	one_assay_suffix	18m	1	nan	thymocyte	nan	DN to DP transition (most are Cd8+/ Cd4+, some undergoing VDJ recombination)	facs	18_45_M	360515.0	1000.0	male	Thymus Flowthrough	Thymus	nan	21	23
G7_B003682_B009883_S151			18	G7_B003682_B009883_S151	18_53_M	Marrow	False	1	False	G7_B003682_B009883_S151.mm10-plus-6-0	exact_library_id_plus_documented_alignment_suffix	G7_B003682_B009883_S151.mm10-plus-6-0-1	one_assay_suffix	18m	1	nan	hematopoietic stem cell	nan	MPP Fraction B + C	facs	18_53_M	1528034.0	5439.0	male	KLS	Marrow	nan	4	35
G8_B001369_B009009_S152			18	G8_B001369_B009009_S152	18_47_F	Thymus	False	1	False	G8_B001369_B009009_S152.mm10-plus-7-0	exact_library_id_plus_documented_alignment_suffix	G8_B001369_B009009_S152.mm10-plus-7-0-1	one_assay_suffix	18m	1	nan	DN4 thymocyte	nan	DN4 thymocyte	facs	18_47_F	1017752.0	2509.0	female	Thymus Flowthrough	Thymus	nan	6	5
G8_B002459_B007461_S152	129.0	2.0	18	G8_B002459_B007461_S152	18_46_F	Marrow	True	2	True	G8_B002459_B007461_S152.mm10-plus-8-0	exact_library_id_plus_documented_alignment_suffix	G8_B002459_B007461_S152.mm10-plus-8-0-1	one_assay_suffix	18m	1	nan	mature alpha-beta T cell	nan	BM CD8 + CD4 T cell	facs	18_46_F	977130.0	2748.0	female	T cells	Marrow	nan	4	9
G8_B003007_B009008_S152	86.0	3.0	18	G8_B003007_B009008_S152	18_46_F	Thymus	True	3	True	G8_B003007_B009008_S152.mm10-plus-7-0	exact_library_id_plus_documented_alignment_suffix	G8_B003007_B009008_S152.mm10-plus-7-0-1	one_assay_suffix	18m	1	nan	DN4 thymocyte	nan	DN4 thymocyte	facs	18_46_F	1219851.0	2180.0	female	Thymus Flowthrough	Thymus	nan	4	21
G8_B003017_B009010_S152			18	G8_B003017_B009010_S152	18_45_M	Thymus	False	1	False	G8_B003017_B009010_S152.mm10-plus-7-0	exact_library_id_plus_documented_alignment_suffix	G8_B003017_B009010_S152.mm10-plus-7-0-1	one_assay_suffix	18m	1	nan	thymocyte	nan	DN to DP transition (most are Cd8+/ Cd4+, some undergoing VDJ recombination)	facs	18_45_M	678320.0	846.0	male	Thymus Flowthrough	Thymus	nan	21	23
G9_B000236_B009007_S153			18	G9_B000236_B009007_S153	18_53_M	Thymus	False	1	False	G9_B000236_B009007_S153.mm10-plus-8-0	exact_library_id_plus_documented_alignment_suffix	G9_B000236_B009007_S153.mm10-plus-8-0-1	one_assay_suffix	18m	1	nan	DN4 thymocyte	nan	DN4 thymocyte	facs	18_53_M	368028.0	1917.0	male	Thymus Flowthrough	Thymus	nan	6	5
G9_B000505_B008435_S153			18	G9_B000505_B008435_S153	18_45_M	GAT	False	1	False	G9_B000505_B008435_S153.mm10-plus-8-0	exact_library_id_plus_documented_alignment_suffix	G9_B000505_B008435_S153.mm10-plus-8-0-1	one_assay_suffix	18m	1	nan	CD8-positive, alpha-beta T cell	nan	nan	facs	18_45_M	691116.0	1481.0	male	Fat	GAT	nan	4	9
G9_B000808_B008541_S153			18	G9_B000808_B008541_S153	18_47_F	SCAT	False	1	False	G9_B000808_B008541_S153.mm10-plus-6-0	exact_library_id_plus_documented_alignment_suffix	G9_B000808_B008541_S153.mm10-plus-6-0-1	one_assay_suffix	18m	1	nan	CD8-positive, alpha-beta T cell	nan	nan	facs	18_47_F	816857.0	2015.0	female	Fat	SCAT	nan	4	9
G9_B000814_B008548_S153	47.0	9.0	18	G9_B000814_B008548_S153	18_46_F	GAT	True	8	True	G9_B000814_B008548_S153.mm10-plus-6-0	exact_library_id_plus_documented_alignment_suffix	G9_B000814_B008548_S153.mm10-plus-6-0-1	one_assay_suffix	18m	1	nan	CD8-positive, alpha-beta T cell	nan	nan	facs	18_46_F	388997.0	1952.0	female	Fat	GAT	nan	4	5
G9_B001369_B009009_S153			18	G9_B001369_B009009_S153	18_47_F	Thymus	False	1	False	G9_B001369_B009009_S153.mm10-plus-7-0	exact_library_id_plus_documented_alignment_suffix	G9_B001369_B009009_S153.mm10-plus-7-0-1	one_assay_suffix	18m	1	nan	DN4 thymocyte	nan	DN4 thymocyte	facs	18_47_F	958447.0	2079.0	female	Thymus Flowthrough	Thymus	nan	6	5
G9_B002709_B009018_S153			18	G9_B002709_B009018_S153	18_53_M	Spleen	False	1	False	G9_B002709_B009018_S153.mm10-plus-7-0	exact_library_id_plus_documented_alignment_suffix	G9_B002709_B009018_S153.mm10-plus-7-0-1	one_assay_suffix	18m	1	nan	CD4-positive, alpha-beta T cell	nan	Cd3e T cell	facs	18_53_M	1686646.0	3105.0	male	nan	Spleen	nan	4	21
G9_B002828_B007462_S153			18	G9_B002828_B007462_S153	18_47_F	Marrow	False	1	False	G9_B002828_B007462_S153.mm10-plus-6-0	exact_library_id_plus_documented_alignment_suffix	G9_B002828_B007462_S153.mm10-plus-6-0-1	one_assay_suffix	18m	1	nan	CD4-positive, alpha-beta T cell	nan	BM CD4 T cell	facs	18_47_F	560704.0	3028.0	female	T cells	Marrow	nan	4	21
G9_B003007_B009008_S153	61.0	3.0	18	G9_B003007_B009008_S153	18_46_F	Thymus	True	1	False	G9_B003007_B009008_S153.mm10-plus-7-0	exact_library_id_plus_documented_alignment_suffix	G9_B003007_B009008_S153.mm10-plus-7-0-1	one_assay_suffix	18m	1	nan	DN4 thymocyte	nan	DN4 thymocyte	facs	18_46_F	1194716.0	2027.0	female	Thymus Flowthrough	Thymus	nan	4	9
G9_B003017_B009010_S153			18	G9_B003017_B009010_S153	18_45_M	Thymus	False	1	False	G9_B003017_B009010_S153.mm10-plus-7-0	exact_library_id_plus_documented_alignment_suffix		unmatched																
H10_B000236_B009007_S178			18	H10_B000236_B009007_S178	18_53_M	Thymus	False	1	False	H10_B000236_B009007_S178.mm10-plus-8-0	exact_library_id_plus_documented_alignment_suffix	H10_B000236_B009007_S178.mm10-plus-8-0-1	one_assay_suffix	18m	1	nan	DN4 thymocyte	nan	DN4 thymocyte	facs	18_53_M	536029.0	2196.0	male	Thymus Flowthrough	Thymus	nan	6	5
H10_B000263_B007344_S178			18	H10_B000263_B007344_S178	18_46_F	Trachea	False	1	False	H10_B000263_B007344_S178.mm10-plus-7-0	exact_library_id_plus_documented_alignment_suffix	H10_B000263_B007344_S178.mm10-plus-7-0-1	one_assay_suffix	18m	1	nan	T cell	nan	nan	facs	18_46_F	3241841.0	2475.0	female	nan	Trachea	nan	4	21
H10_B000794_B008549_S178			18	H10_B000794_B008549_S178	18_47_F	GAT	False	1	False	H10_B000794_B008549_S178.mm10-plus-3-0	exact_library_id_plus_documented_alignment_suffix	H10_B000794_B008549_S178.mm10-plus-3-0-1	one_assay_suffix	18m	1	nan	CD8-positive, alpha-beta T cell	nan	nan	facs	18_47_F	563207.0	1606.0	female	Fat	GAT	nan	4	9
H10_B000800_B008432_S178			18	H10_B000800_B008432_S178	18_47_F	BAT	False	1	False	H10_B000800_B008432_S178.mm10-plus-3-0	exact_library_id_plus_documented_alignment_suffix	H10_B000800_B008432_S178.mm10-plus-3-0-1	one_assay_suffix	18m	1	nan	T cell	nan	nan	facs	18_47_F	1526307.0	1556.0	female	Fat	BAT	nan	4	9
H10_B000805_B008544_S178	10.0	18.0	18	H10_B000805_B008544_S178	18_46_F	SCAT	True	18	True	H10_B000805_B008544_S178.mm10-plus-3-0	exact_library_id_plus_documented_alignment_suffix	H10_B000805_B008544_S178.mm10-plus-3-0-1	one_assay_suffix	18m	1	nan	CD8-positive, alpha-beta T cell	nan	nan	facs	18_46_F	500249.0	1607.0	female	Fat	SCAT	nan	4	9
H10_B000806_B008540_S178			18	H10_B000806_B008540_S178	18_46_F	MAT	False	1	False	H10_B000806_B008540_S178.mm10-plus-6-0	exact_library_id_plus_documented_alignment_suffix	H10_B000806_B008540_S178.mm10-plus-6-0-1	one_assay_suffix	18m	1	nan	CD4-positive, alpha-beta T cell	nan	nan	facs	18_46_F	844330.0	1829.0	female	Fat	MAT	nan	6	5
H10_B001369_B009009_S178			18	H10_B001369_B009009_S178	18_47_F	Thymus	False	1	False	H10_B001369_B009009_S178.mm10-plus-7-0	exact_library_id_plus_documented_alignment_suffix	H10_B001369_B009009_S178.mm10-plus-7-0-1	one_assay_suffix	18m	1	nan	DN4 thymocyte	nan	DN4 thymocyte	facs	18_47_F	1321635.0	2236.0	female	Thymus Flowthrough	Thymus	nan	6	5
H10_B002459_B007461_S178	92.0	2.0	18	H10_B002459_B007461_S178	18_46_F	Marrow	True	2	True	H10_B002459_B007461_S178.mm10-plus-8-0	exact_library_id_plus_documented_alignment_suffix	H10_B002459_B007461_S178.mm10-plus-8-0-1	one_assay_suffix	18m	1	nan	mature alpha-beta T cell	nan	BM CD8 + CD4 T cell	facs	18_46_F	599261.0	2927.0	female	T cells	Marrow	nan	4	9
H10_B003017_B009010_S178			18	H10_B003017_B009010_S178	18_45_M	Thymus	False	1	False	H10_B003017_B009010_S178.mm10-plus-7-0	exact_library_id_plus_documented_alignment_suffix	H10_B003017_B009010_S178.mm10-plus-7-0-1	one_assay_suffix	18m	1	nan	thymocyte	nan	proliferating thymocyte; DN to DP transition, dividing (some are Cd8+/ Cd4+, some undergoing VDJ recombination)	facs	18_45_M	2554091.0	4389.0	male	Thymus Flowthrough	Thymus	nan	21	23
H11_B000236_B009007_S179	64.0	3.0	18	H11_B000236_B009007_S179	18_53_M	Thymus	True	3	True	H11_B000236_B009007_S179.mm10-plus-8-0	exact_library_id_plus_documented_alignment_suffix	H11_B000236_B009007_S179.mm10-plus-8-0-1	one_assay_suffix	18m	1	nan	DN4 thymocyte	nan	DN4 thymocyte	facs	18_53_M	678069.0	1843.0	male	Thymus Flowthrough	Thymus	nan	4	9
H11_B002673_B007460_S179			18	H11_B002673_B007460_S179	18_53_M	Marrow	False	1	False	H11_B002673_B007460_S179.mm10-plus-7-0	exact_library_id_plus_documented_alignment_suffix	H11_B002673_B007460_S179.mm10-plus-7-0-1	one_assay_suffix	18m	1	nan	CD4-positive, alpha-beta T cell	nan	BM CD4 T cell	facs	18_53_M	409739.0	1496.0	male	T cells	Marrow	nan	4	21
H11_B002828_B007462_S179			18	H11_B002828_B007462_S179	18_47_F	Marrow	False	1	False	H11_B002828_B007462_S179.mm10-plus-6-0	exact_library_id_plus_documented_alignment_suffix	H11_B002828_B007462_S179.mm10-plus-6-0-1	one_assay_suffix	18m	1	nan	CD4-positive, alpha-beta T cell	nan	BM CD4 T cell	facs	18_47_F	533868.0	1635.0	female	T cells	Marrow	nan	4	21
H12_B000236_B009007_S180			18	H12_B000236_B009007_S180	18_53_M	Thymus	False	1	False	H12_B000236_B009007_S180.mm10-plus-8-0	exact_library_id_plus_documented_alignment_suffix	H12_B000236_B009007_S180.mm10-plus-8-0-1	one_assay_suffix	18m	1	nan	DN4 thymocyte	nan	DN4 thymocyte	facs	18_53_M	81648.0	694.0	male	Thymus Flowthrough	Thymus	nan	6	23
H12_B000477_B008543_S180			18	H12_B000477_B008543_S180	18_53_M	MAT	False	1	False	H12_B000477_B008543_S180.mm10-plus-6-0	exact_library_id_plus_documented_alignment_suffix	H12_B000477_B008543_S180.mm10-plus-6-0-1	one_assay_suffix	18m	1	nan	CD4-positive, alpha-beta T cell	nan	nan	facs	18_53_M	178121.0	1041.0	male	Fat	MAT	nan	4	21
H12_B000505_B008435_S180	83.0	2.0	18	H12_B000505_B008435_S180	18_45_M	GAT	True	2	True	H12_B000505_B008435_S180.mm10-plus-8-0	exact_library_id_plus_documented_alignment_suffix	H12_B000505_B008435_S180.mm10-plus-8-0-1	one_assay_suffix	18m	1	nan	CD4-positive, alpha-beta T cell	nan	nan	facs	18_45_M	1710300.0	2272.0	male	Fat	GAT	nan	4	21
H12_B000795_B008545_S180			18	H12_B000795_B008545_S180	18_47_F	MAT	False	1	False	H12_B000795_B008545_S180.mm10-plus-3-0	exact_library_id_plus_documented_alignment_suffix	H12_B000795_B008545_S180.mm10-plus-3-0-1	one_assay_suffix	18m	1	nan	CD8-positive, alpha-beta T cell	nan	nan	facs	18_47_F	282933.0	1961.0	female	Fat	MAT	nan	6	5
H12_B000805_B008544_S180			18	H12_B000805_B008544_S180	18_46_F	SCAT	False	1	False	H12_B000805_B008544_S180.mm10-plus-3-0	exact_library_id_plus_documented_alignment_suffix	H12_B000805_B008544_S180.mm10-plus-3-0-1	one_assay_suffix	18m	1	nan	NK cell	nan	nan	facs	18_46_F	349458.0	1664.0	female	Fat	SCAT	nan	4	9
H12_B003017_B009010_S180			18	H12_B003017_B009010_S180	18_45_M	Thymus	False	1	False	H12_B003017_B009010_S180.mm10-plus-7-0	exact_library_id_plus_documented_alignment_suffix	H12_B003017_B009010_S180.mm10-plus-7-0-1	one_assay_suffix	18m	1	nan	thymocyte	nan	proliferating thymocyte; DN to DP transition, dividing (some are Cd8+/ Cd4+, some undergoing VDJ recombination)	facs	18_45_M	2152714.0	2700.0	male	Thymus Flowthrough	Thymus	nan	21	23
H13_B000236_B009007_S181			18	H13_B000236_B009007_S181	18_53_M	Thymus	False	1	False	H13_B000236_B009007_S181.mm10-plus-8-0	exact_library_id_plus_documented_alignment_suffix	H13_B000236_B009007_S181.mm10-plus-8-0-1	one_assay_suffix	18m	1	nan	thymocyte	nan	proliferating thymocyte; DN to DP transition, dividing (some are Cd8+/ Cd4+, some undergoing VDJ recombination)	facs	18_53_M	1170925.0	3279.0	male	Thymus Flowthrough	Thymus	nan	21	23
H13_B000477_B008543_S181			18	H13_B000477_B008543_S181	18_53_M	MAT	False	1	False	H13_B000477_B008543_S181.mm10-plus-6-0	exact_library_id_plus_documented_alignment_suffix	H13_B000477_B008543_S181.mm10-plus-6-0-1	one_assay_suffix	18m	1	nan	CD8-positive, alpha-beta T cell	nan	nan	facs	18_53_M	176955.0	1433.0	male	Fat	MAT	nan	4	9
H13_B000505_B008435_S181	65.0	7.0	18	H13_B000505_B008435_S181	18_45_M	GAT	True	7	True	H13_B000505_B008435_S181.mm10-plus-8-0	exact_library_id_plus_documented_alignment_suffix	H13_B000505_B008435_S181.mm10-plus-8-0-1	one_assay_suffix	18m	1	nan	CD4-positive, alpha-beta T cell	nan	nan	facs	18_45_M	1223482.0	1598.0	male	Fat	GAT	nan	4	21
H13_B000795_B008545_S181	38.0	2.0	18	H13_B000795_B008545_S181	18_47_F	MAT	True	2	True	H13_B000795_B008545_S181.mm10-plus-3-0	exact_library_id_plus_documented_alignment_suffix	H13_B000795_B008545_S181.mm10-plus-3-0-1	one_assay_suffix	18m	1	nan	CD8-positive, alpha-beta T cell	nan	nan	facs	18_47_F	335648.0	3235.0	female	Fat	MAT	nan	4	9
H13_B002459_B007461_S181			18	H13_B002459_B007461_S181	18_46_F	Marrow	False	1	False	H13_B002459_B007461_S181.mm10-plus-8-0	exact_library_id_plus_documented_alignment_suffix	H13_B002459_B007461_S181.mm10-plus-8-0-1	one_assay_suffix	18m	1	nan	mature alpha-beta T cell	nan	BM CD8 + CD4 T cell	facs	18_46_F	1367346.0	4116.0	female	T cells	Marrow	nan	4	48
H13_B002828_B007462_S181			18	H13_B002828_B007462_S181	18_47_F	Marrow	False	1	False	H13_B002828_B007462_S181.mm10-plus-6-0	exact_library_id_plus_documented_alignment_suffix	H13_B002828_B007462_S181.mm10-plus-6-0-1	one_assay_suffix	18m	1	nan	CD4-positive, alpha-beta T cell	nan	BM CD4 T cell	facs	18_47_F	1083491.0	2733.0	female	T cells	Marrow	nan	4	21
H13_B003007_B009008_S181			18	H13_B003007_B009008_S181	18_46_F	Thymus	False	1	False	H13_B003007_B009008_S181.mm10-plus-7-0	exact_library_id_plus_documented_alignment_suffix	H13_B003007_B009008_S181.mm10-plus-7-0-1	one_assay_suffix	18m	1	nan	DN4 thymocyte	nan	DN4 thymocyte	facs	18_46_F	1321342.0	2547.0	female	Thymus Flowthrough	Thymus	nan	4	9
H13_B003017_B009010_S181			18	H13_B003017_B009010_S181	18_45_M	Thymus	False	1	False	H13_B003017_B009010_S181.mm10-plus-7-0	exact_library_id_plus_documented_alignment_suffix	H13_B003017_B009010_S181.mm10-plus-7-0-1	one_assay_suffix	18m	1	nan	thymocyte	nan	DN to DP transition (most are Cd8+/ Cd4+, some undergoing VDJ recombination)	facs	18_45_M	1141063.0	1504.0	male	Thymus Flowthrough	Thymus	nan	21	23
H13_D045342_B009019_S181			18	H13_D045342_B009019_S181	18_45_M	Spleen	False	1	False	H13_D045342_B009019_S181.mm10-plus-0-0	exact_library_id_plus_documented_alignment_suffix	H13_D045342_B009019_S181.mm10-plus-0-0-1	one_assay_suffix	18m	1	nan	CD4-positive, alpha-beta T cell	nan	Cd3e T cell	facs	18_45_M	1783601.0	1781.0	male	nan	Spleen	nan	4	21
H14_B000236_B009007_S182			18	H14_B000236_B009007_S182	18_53_M	Thymus	False	1	False	H14_B000236_B009007_S182.mm10-plus-8-0	exact_library_id_plus_documented_alignment_suffix	H14_B000236_B009007_S182.mm10-plus-8-0-1	one_assay_suffix	18m	1	nan	thymocyte	nan	DN to DP transition (most are Cd8+/ Cd4+, some undergoing VDJ recombination)	facs	18_53_M	353327.0	1574.0	male	Thymus Flowthrough	Thymus	nan	21	23
H14_B000477_B008543_S182			18	H14_B000477_B008543_S182	18_53_M	MAT	False	1	False	H14_B000477_B008543_S182.mm10-plus-6-0	exact_library_id_plus_documented_alignment_suffix	H14_B000477_B008543_S182.mm10-plus-6-0-1	one_assay_suffix	18m	1	nan	CD8-positive, alpha-beta T cell	nan	nan	facs	18_53_M	200075.0	1186.0	male	Fat	MAT	nan	6	5
H14_B000788_B008433_S182	10.0	18.0	18	H14_B000788_B008433_S182	18_46_F	BAT	True	18	True	H14_B000788_B008433_S182.mm10-plus-6-0	exact_library_id_plus_documented_alignment_suffix	H14_B000788_B008433_S182.mm10-plus-6-0-1	one_assay_suffix	18m	1	nan	NK cell	nan	nan	facs	18_46_F	1451463.0	1261.0	female	Fat	BAT	nan	4	9
H14_B000805_B008544_S182	47.0	9.0	18	H14_B000805_B008544_S182	18_46_F	SCAT	True	8	True	H14_B000805_B008544_S182.mm10-plus-3-0	exact_library_id_plus_documented_alignment_suffix	H14_B000805_B008544_S182.mm10-plus-3-0-1	one_assay_suffix	18m	1	nan	CD8-positive, alpha-beta T cell	nan	nan	facs	18_46_F	824638.0	1927.0	female	Fat	SCAT	nan	4	9
H14_B001369_B009009_S182			18	H14_B001369_B009009_S182	18_47_F	Thymus	False	1	False	H14_B001369_B009009_S182.mm10-plus-7-0	exact_library_id_plus_documented_alignment_suffix	H14_B001369_B009009_S182.mm10-plus-7-0-1	one_assay_suffix	18m	1	nan	DN4 thymocyte	nan	DN4 thymocyte	facs	18_47_F	1114202.0	1780.0	female	Thymus Flowthrough	Thymus	nan	6	5
H14_B002459_B007461_S182	92.0	2.0	18	H14_B002459_B007461_S182	18_46_F	Marrow	True	2	True	H14_B002459_B007461_S182.mm10-plus-8-0	exact_library_id_plus_documented_alignment_suffix	H14_B002459_B007461_S182.mm10-plus-8-0-1	one_assay_suffix	18m	1	nan	mature alpha-beta T cell	nan	BM CD8 + CD4 T cell	facs	18_46_F	677538.0	2660.0	female	T cells	Marrow	nan	4	9
H14_B002709_B009018_S182	72.0	7.0	18	H14_B002709_B009018_S182	18_53_M	Spleen	True	6	True	H14_B002709_B009018_S182.mm10-plus-7-0	exact_library_id_plus_documented_alignment_suffix	H14_B002709_B009018_S182.mm10-plus-7-0-1	one_assay_suffix	18m	1	nan	CD8-positive, alpha-beta T cell	nan	nan	facs	18_53_M	909603.0	1475.0	male	nan	Spleen	nan	4	9
H14_B003007_B009008_S182			18	H14_B003007_B009008_S182	18_46_F	Thymus	False	1	False	H14_B003007_B009008_S182.mm10-plus-7-0	exact_library_id_plus_documented_alignment_suffix	H14_B003007_B009008_S182.mm10-plus-7-0-1	one_assay_suffix	18m	1	nan	DN4 thymocyte	nan	DN4 thymocyte	facs	18_46_F	1034293.0	2327.0	female	Thymus Flowthrough	Thymus	nan	4	9
H14_B003017_B009010_S182			18	H14_B003017_B009010_S182	18_45_M	Thymus	False	1	False	H14_B003017_B009010_S182.mm10-plus-7-0	exact_library_id_plus_documented_alignment_suffix	H14_B003017_B009010_S182.mm10-plus-7-0-1	one_assay_suffix	18m	1	nan	thymocyte	nan	DN to DP transition (most are Cd8+/ Cd4+, some undergoing VDJ recombination)	facs	18_45_M	771891.0	1212.0	male	Thymus Flowthrough	Thymus	nan	21	23
H14_B003022_B008546_S182			18	H14_B003022_B008546_S182	18_45_M	MAT	False	1	False	H14_B003022_B008546_S182.mm10-plus-7-0	exact_library_id_plus_documented_alignment_suffix	H14_B003022_B008546_S182.mm10-plus-7-0-1	one_assay_suffix	18m	1	nan	CD4-positive, alpha-beta T cell	nan	nan	facs	18_45_M	977865.0	1888.0	male	Fat	MAT	nan	6	5
H15_B000236_B009007_S183			18	H15_B000236_B009007_S183	18_53_M	Thymus	False	1	False	H15_B000236_B009007_S183.mm10-plus-8-0	exact_library_id_plus_documented_alignment_suffix	H15_B000236_B009007_S183.mm10-plus-8-0-1	one_assay_suffix	18m	1	nan	thymocyte	nan	DN to DP transition (most are Cd8+/ Cd4+, some undergoing VDJ recombination)	facs	18_53_M	400236.0	1669.0	male	Thymus Flowthrough	Thymus	nan	21	23
H15_B000505_B008435_S183	65.0	7.0	18	H15_B000505_B008435_S183	18_45_M	GAT	True	7	True	H15_B000505_B008435_S183.mm10-plus-8-0	exact_library_id_plus_documented_alignment_suffix	H15_B000505_B008435_S183.mm10-plus-8-0-1	one_assay_suffix	18m	1	nan	CD4-positive, alpha-beta T cell	nan	nan	facs	18_45_M	1172274.0	1311.0	male	Fat	GAT	nan	4	21
H15_B000800_B008432_S183			18	H15_B000800_B008432_S183	18_47_F	BAT	False	1	False	H15_B000800_B008432_S183.mm10-plus-3-0	exact_library_id_plus_documented_alignment_suffix	H15_B000800_B008432_S183.mm10-plus-3-0-1	one_assay_suffix	18m	1	nan	T cell	nan	nan	facs	18_47_F	2959649.0	1653.0	female	Fat	BAT	nan	6	5
H15_B000806_B008540_S183			18	H15_B000806_B008540_S183	18_46_F	MAT	False	1	False	H15_B000806_B008540_S183.mm10-plus-6-0	exact_library_id_plus_documented_alignment_suffix	H15_B000806_B008540_S183.mm10-plus-6-0-1	one_assay_suffix	18m	1	nan	CD4-positive, alpha-beta T cell	nan	nan	facs	18_46_F	538769.0	1762.0	female	Fat	MAT	nan	4	21
H15_B001369_B009009_S183			18	H15_B001369_B009009_S183	18_47_F	Thymus	False	1	False	H15_B001369_B009009_S183.mm10-plus-7-0	exact_library_id_plus_documented_alignment_suffix	H15_B001369_B009009_S183.mm10-plus-7-0-1	one_assay_suffix	18m	1	nan	DN4 thymocyte	nan	DN4 thymocyte	facs	18_47_F	572889.0	1997.0	female	Thymus Flowthrough	Thymus	nan	6	5
H15_B002710_B009962_S183			18	H15_B002710_B009962_S183	18_53_M	Aorta	False	1	False	H15_B002710_B009962_S183.mm10-plus-5-0	exact_library_id_plus_documented_alignment_suffix	H15_B002710_B009962_S183.mm10-plus-5-0-1	one_assay_suffix	18m	1	nan	professional antigen presenting cell	nan	nan	facs	18_53_M	38285.0	937.0	male	Heart	Aorta	nan	4	9
H15_B003017_B009010_S183			18	H15_B003017_B009010_S183	18_45_M	Thymus	False	1	False	H15_B003017_B009010_S183.mm10-plus-7-0	exact_library_id_plus_documented_alignment_suffix	H15_B003017_B009010_S183.mm10-plus-7-0-1	one_assay_suffix	18m	1	nan	thymocyte	nan	DN to DP transition (most are Cd8+/ Cd4+, some undergoing VDJ recombination)	facs	18_45_M	931179.0	1072.0	male	Thymus Flowthrough	Thymus	nan	21	23
H16_B000236_B009007_S184			18	H16_B000236_B009007_S184	18_53_M	Thymus	False	1	False	H16_B000236_B009007_S184.mm10-plus-8-0	exact_library_id_plus_documented_alignment_suffix	H16_B000236_B009007_S184.mm10-plus-8-0-1	one_assay_suffix	18m	1	nan	thymocyte	nan	DN to DP transition (most are Cd8+/ Cd4+, some undergoing VDJ recombination)	facs	18_53_M	341854.0	1627.0	male	Thymus Flowthrough	Thymus	nan	21	23
H16_B000477_B008543_S184			18	H16_B000477_B008543_S184	18_53_M	MAT	False	1	False	H16_B000477_B008543_S184.mm10-plus-6-0	exact_library_id_plus_documented_alignment_suffix	H16_B000477_B008543_S184.mm10-plus-6-0-1	one_assay_suffix	18m	1	nan	CD8-positive, alpha-beta T cell	nan	nan	facs	18_53_M	605532.0	1843.0	male	Fat	MAT	nan	4	9
H16_B000806_B008540_S184			18	H16_B000806_B008540_S184	18_46_F	MAT	False	1	False	H16_B000806_B008540_S184.mm10-plus-6-0	exact_library_id_plus_documented_alignment_suffix	H16_B000806_B008540_S184.mm10-plus-6-0-1	one_assay_suffix	18m	1	nan	CD4-positive, alpha-beta T cell	nan	nan	facs	18_46_F	372982.0	1204.0	female	Fat	MAT	nan	6	5
H16_B001360_B009953_S184	51.0	8.0	18	H16_B001360_B009953_S184	18_46_F	Heart	True	8	True	H16_B001360_B009953_S184.mm10-plus-6-0	exact_library_id_plus_documented_alignment_suffix	H16_B001360_B009953_S184.mm10-plus-6-0-1	one_assay_suffix	18m	1	nan	monocyte	nan	monocyte	facs	18_46_F	235504.0	6636.0	female	RA	Heart	nan	17	15
H16_B001363_B009260_S124			18	H16_B001363_B009260_S124	18_46_F	Brain_Non-Myeloid	False	1	False	H16_B001363_B009260_S124.mm10-plus-1-0	exact_library_id_plus_documented_alignment_suffix	H16_B001363_B009260_S124.mm10-plus-1-0-1	one_assay_suffix	18m	1	nan	CD8-positive, alpha-beta T cell	nan	nan	facs	18_46_F	847062.0	1462.0	female	Cerebellum 	Brain_Non-Myeloid	nan	6	5
H16_B001369_B009009_S184			18	H16_B001369_B009009_S184	18_47_F	Thymus	False	1	False	H16_B001369_B009009_S184.mm10-plus-7-0	exact_library_id_plus_documented_alignment_suffix	H16_B001369_B009009_S184.mm10-plus-7-0-1	one_assay_suffix	18m	1	nan	DN4 thymocyte	nan	DN4 thymocyte	facs	18_47_F	834509.0	2072.0	female	Thymus Flowthrough	Thymus	nan	6	5
H16_B002417_B009885_S184			18	H16_B002417_B009885_S184	18_47_F	Marrow	False	1	False	H16_B002417_B009885_S184.mm10-plus-6-0	exact_library_id_plus_documented_alignment_suffix	H16_B002417_B009885_S184.mm10-plus-6-0-1	one_assay_suffix	18m	1	nan	CD4-positive, alpha-beta T cell	nan	BM CD4 T cell	facs	18_47_F	237177.0	2978.0	female	KLS	Marrow	nan	4	48
H16_B002709_B009018_S184			18	H16_B002709_B009018_S184	18_53_M	Spleen	False	1	False	H16_B002709_B009018_S184.mm10-plus-7-0	exact_library_id_plus_documented_alignment_suffix	H16_B002709_B009018_S184.mm10-plus-7-0-1	one_assay_suffix	18m	1	nan	CD4-positive, alpha-beta T cell	nan	Cd3e T cell	facs	18_53_M	1013050.0	1343.0	male	nan	Spleen	nan	4	21
H16_B002828_B007462_S184			18	H16_B002828_B007462_S184	18_47_F	Marrow	False	1	False	H16_B002828_B007462_S184.mm10-plus-6-0	exact_library_id_plus_documented_alignment_suffix	H16_B002828_B007462_S184.mm10-plus-6-0-1	one_assay_suffix	18m	1	nan	CD4-positive, alpha-beta T cell	nan	BM CD4 T cell	facs	18_47_F	265633.0	1402.0	female	T cells	Marrow	nan	4	21
H16_B003007_B009008_S184			18	H16_B003007_B009008_S184	18_46_F	Thymus	False	1	False	H16_B003007_B009008_S184.mm10-plus-7-0	exact_library_id_plus_documented_alignment_suffix	H16_B003007_B009008_S184.mm10-plus-7-0-1	one_assay_suffix	18m	1	nan	DN4 thymocyte	nan	DN4 thymocyte	facs	18_46_F	1631740.0	2147.0	female	Thymus Flowthrough	Thymus	nan	6	5
H16_B003017_B009010_S184			18	H16_B003017_B009010_S184	18_45_M	Thymus	False	1	False	H16_B003017_B009010_S184.mm10-plus-7-0	exact_library_id_plus_documented_alignment_suffix	H16_B003017_B009010_S184.mm10-plus-7-0-1	one_assay_suffix	18m	1	nan	thymocyte	nan	DN to DP transition (most are Cd8+/ Cd4+, some undergoing VDJ recombination)	facs	18_45_M	1148198.0	1244.0	male	Thymus Flowthrough	Thymus	nan	21	23
H17_B001360_B009953_S185	51.0	8.0	18	H17_B001360_B009953_S185	18_46_F	Heart	True	8	True	H17_B001360_B009953_S185.mm10-plus-6-0	exact_library_id_plus_documented_alignment_suffix	H17_B001360_B009953_S185.mm10-plus-6-0-1	one_assay_suffix	18m	1	nan	monocyte	nan	monocyte	facs	18_46_F	323829.0	7117.0	female	RA	Heart	nan	17	15
H17_B002452_B009020_S185	3.0	2.0	18	H17_B002452_B009020_S185	18_47_F	Spleen	True	2	True	H17_B002452_B009020_S185.mm10-plus-0-0	exact_library_id_plus_documented_alignment_suffix	H17_B002452_B009020_S185.mm10-plus-0-0-1	one_assay_suffix	18m	1	nan	CD4-positive, alpha-beta T cell	nan	Cd3e T cell	facs	18_47_F	871614.0	2475.0	female	nan	Spleen	nan	4	21
H17_B002459_B007461_S185			18	H17_B002459_B007461_S185	18_46_F	Marrow	False	1	False	H17_B002459_B007461_S185.mm10-plus-8-0	exact_library_id_plus_documented_alignment_suffix	H17_B002459_B007461_S185.mm10-plus-8-0-1	one_assay_suffix	18m	1	nan	CD4-positive, alpha-beta T cell	nan	BM CD4 T cell	facs	18_46_F	576963.0	4599.0	female	T cells	Marrow	nan	0	48
H17_B002709_B009018_S185			18	H17_B002709_B009018_S185	18_53_M	Spleen	False	1	False	H17_B002709_B009018_S185.mm10-plus-7-0	exact_library_id_plus_documented_alignment_suffix	H17_B002709_B009018_S185.mm10-plus-7-0-1	one_assay_suffix	18m	1	nan	CD4-positive, alpha-beta T cell	nan	Cd3e T cell	facs	18_53_M	1076913.0	1899.0	male	nan	Spleen	nan	6	5
H17_B003007_B009008_S185	35.0	2.0	18	H17_B003007_B009008_S185	18_46_F	Thymus	True	1	False	H17_B003007_B009008_S185.mm10-plus-7-0	exact_library_id_plus_documented_alignment_suffix	H17_B003007_B009008_S185.mm10-plus-7-0-1	one_assay_suffix	18m	1	nan	DN4 thymocyte	nan	DN4 thymocyte	facs	18_46_F	1490247.0	2637.0	female	Thymus Flowthrough	Thymus	nan	4	9
H17_B003017_B009010_S185			18	H17_B003017_B009010_S185	18_45_M	Thymus	False	1	False	H17_B003017_B009010_S185.mm10-plus-7-0	exact_library_id_plus_documented_alignment_suffix	H17_B003017_B009010_S185.mm10-plus-7-0-1	one_assay_suffix	18m	1	nan	thymocyte	nan	DN to DP transition (most are Cd8+/ Cd4+, some undergoing VDJ recombination)	facs	18_45_M	589516.0	1005.0	male	Thymus Flowthrough	Thymus	nan	21	23
H18_B000236_B009007_S186			18	H18_B000236_B009007_S186	18_53_M	Thymus	False	1	False	H18_B000236_B009007_S186.mm10-plus-8-0	exact_library_id_plus_documented_alignment_suffix	H18_B000236_B009007_S186.mm10-plus-8-0-1	one_assay_suffix	18m	1	nan	thymocyte	nan	DN to DP transition (most are Cd8+/ Cd4+, some undergoing VDJ recombination)	facs	18_53_M	404895.0	1356.0	male	Thymus Flowthrough	Thymus	nan	21	23
H18_B001369_B009009_S186			18	H18_B001369_B009009_S186	18_47_F	Thymus	False	1	False	H18_B001369_B009009_S186.mm10-plus-7-0	exact_library_id_plus_documented_alignment_suffix	H18_B001369_B009009_S186.mm10-plus-7-0-1	one_assay_suffix	18m	1	nan	DN4 thymocyte	nan	DN4 thymocyte	facs	18_47_F	1017703.0	2199.0	female	Thymus Flowthrough	Thymus	nan	6	5
H18_B002452_B009020_S186	21.0	10.0	18	H18_B002452_B009020_S186	18_47_F	Spleen	True	3	True	H18_B002452_B009020_S186.mm10-plus-0-0	exact_library_id_plus_documented_alignment_suffix	H18_B002452_B009020_S186.mm10-plus-0-0-1	one_assay_suffix	18m	1	nan	CD8-positive, alpha-beta T cell	nan	nan	facs	18_47_F	1319912.0	2605.0	female	nan	Spleen	nan	4	9
H18_B002459_B007461_S186			18	H18_B002459_B007461_S186	18_46_F	Marrow	False	1	False	H18_B002459_B007461_S186.mm10-plus-8-0	exact_library_id_plus_documented_alignment_suffix	H18_B002459_B007461_S186.mm10-plus-8-0-1	one_assay_suffix	18m	1	nan	CD4-positive, alpha-beta T cell	nan	BM CD4 T cell	facs	18_46_F	518873.0	2532.0	female	T cells	Marrow	nan	4	21
H18_B002828_B007462_S186			18	H18_B002828_B007462_S186	18_47_F	Marrow	False	1	False	H18_B002828_B007462_S186.mm10-plus-6-0	exact_library_id_plus_documented_alignment_suffix	H18_B002828_B007462_S186.mm10-plus-6-0-1	one_assay_suffix	18m	1	nan	CD4-positive, alpha-beta T cell	nan	BM CD4 T cell	facs	18_47_F	889200.0	2132.0	female	T cells	Marrow	nan	4	21
H18_B003017_B009010_S186			18	H18_B003017_B009010_S186	18_45_M	Thymus	False	1	False	H18_B003017_B009010_S186.mm10-plus-7-0	exact_library_id_plus_documented_alignment_suffix	H18_B003017_B009010_S186.mm10-plus-7-0-1	one_assay_suffix	18m	1	nan	thymocyte	nan	DN to DP transition (most are Cd8+/ Cd4+, some undergoing VDJ recombination)	facs	18_45_M	790352.0	1077.0	male	Thymus Flowthrough	Thymus	nan	21	23
H19_B000236_B009007_S187			18	H19_B000236_B009007_S187	18_53_M	Thymus	False	1	False	H19_B000236_B009007_S187.mm10-plus-8-0	exact_library_id_plus_documented_alignment_suffix	H19_B000236_B009007_S187.mm10-plus-8-0-1	one_assay_suffix	18m	1	nan	thymocyte	nan	DN to DP transition (most are Cd8+/ Cd4+, some undergoing VDJ recombination)	facs	18_53_M	524774.0	1332.0	male	Thymus Flowthrough	Thymus	nan	21	23
H19_B001247_B009941_S187	47.0	9.0	18	H19_B001247_B009941_S187	18_46_F	Liver	True	8	True	H19_B001247_B009941_S187.mm10-plus-4-0	exact_library_id_plus_documented_alignment_suffix	H19_B001247_B009941_S187.mm10-plus-4-0-1	one_assay_suffix	18m	1	nan	endothelial cell of hepatic sinusoid	nan	endothelial cell of hepatic sinusoid	facs	18_46_F	1358970.0	5839.0	female	Liver non-hepato/SCs_st	Liver	nan	53	57
H19_B001360_B009953_S187	51.0	8.0	18	H19_B001360_B009953_S187	18_46_F	Heart	True	8	True	H19_B001360_B009953_S187.mm10-plus-6-0	exact_library_id_plus_documented_alignment_suffix	H19_B001360_B009953_S187.mm10-plus-6-0-1	one_assay_suffix	18m	1	nan	B cell	nan	B cell	facs	18_46_F	650595.0	5039.0	female	RA	Heart	nan	52	56
H19_B002709_B009018_S187			18	H19_B002709_B009018_S187	18_53_M	Spleen	False	1	False	H19_B002709_B009018_S187.mm10-plus-7-0	exact_library_id_plus_documented_alignment_suffix	H19_B002709_B009018_S187.mm10-plus-7-0-1	one_assay_suffix	18m	1	nan	CD8-positive, alpha-beta T cell	nan	nan	facs	18_53_M	697801.0	1293.0	male	nan	Spleen	nan	4	9
H1_B000236_B009007_S169			18	H1_B000236_B009007_S169	18_53_M	Thymus	False	1	False	H1_B000236_B009007_S169.mm10-plus-8-0	exact_library_id_plus_documented_alignment_suffix	H1_B000236_B009007_S169.mm10-plus-8-0-1	one_assay_suffix	18m	1	nan	DN4 thymocyte	nan	DN4 thymocyte	facs	18_53_M	357280.0	2041.0	male	Thymus Flowthrough	Thymus	nan	4	9
H1_B001362_B009954_S169			18	H1_B001362_B009954_S169	18_47_F	Heart	False	1	False	H1_B001362_B009954_S169.mm10-plus-6-0	exact_library_id_plus_documented_alignment_suffix	H1_B001362_B009954_S169.mm10-plus-6-0-1	one_assay_suffix	18m	1	nan	macrophage	nan	macrophage	facs	18_47_F	13224.0	1632.0	female	RA	Heart	nan	4	21
H1_B002452_B009020_S169			18	H1_B002452_B009020_S169	18_47_F	Spleen	False	1	False	H1_B002452_B009020_S169.mm10-plus-0-0	exact_library_id_plus_documented_alignment_suffix	H1_B002452_B009020_S169.mm10-plus-0-0-1	one_assay_suffix	18m	1	nan	CD8-positive, alpha-beta T cell	nan	Cd3e T cell	facs	18_47_F	836010.0	2626.0	female	nan	Spleen	nan	6	5
H1_B002459_B007461_S169			18	H1_B002459_B007461_S169	18_46_F	Marrow	False	1	False	H1_B002459_B007461_S169.mm10-plus-8-0	exact_library_id_plus_documented_alignment_suffix	H1_B002459_B007461_S169.mm10-plus-8-0-1	one_assay_suffix	18m	1	nan	promonocyte	nan	monocyte + promonocyte	facs	18_46_F	1668210.0	4393.0	female	T cells	Marrow	nan	2	4
H1_B003017_B009010_S169			18	H1_B003017_B009010_S169	18_45_M	Thymus	False	1	False	H1_B003017_B009010_S169.mm10-plus-7-0	exact_library_id_plus_documented_alignment_suffix	H1_B003017_B009010_S169.mm10-plus-7-0-1	one_assay_suffix	18m	1	nan	thymocyte	nan	DN to DP transition (most are Cd8+/ Cd4+, some undergoing VDJ recombination)	facs	18_45_M	826813.0	1156.0	male	Thymus Flowthrough	Thymus	nan	21	23
H20_B000236_B009007_S188			18	H20_B000236_B009007_S188	18_53_M	Thymus	False	1	False	H20_B000236_B009007_S188.mm10-plus-8-0	exact_library_id_plus_documented_alignment_suffix	H20_B000236_B009007_S188.mm10-plus-8-0-1	one_assay_suffix	18m	1	nan	thymocyte	nan	DN to DP transition (most are Cd8+/ Cd4+, some undergoing VDJ recombination)	facs	18_53_M	1002952.0	1995.0	male	Thymus Flowthrough	Thymus	nan	21	23
H20_B001360_B009953_S188	51.0	8.0	18	H20_B001360_B009953_S188	18_46_F	Heart	True	8	True	H20_B001360_B009953_S188.mm10-plus-6-0	exact_library_id_plus_documented_alignment_suffix	H20_B001360_B009953_S188.mm10-plus-6-0-1	one_assay_suffix	18m	1	nan	T cell	nan	T cell	facs	18_46_F	1305218.0	4581.0	female	RA	Heart	nan	4	9
H20_B001369_B009009_S188			18	H20_B001369_B009009_S188	18_47_F	Thymus	False	1	False	H20_B001369_B009009_S188.mm10-plus-7-0	exact_library_id_plus_documented_alignment_suffix	H20_B001369_B009009_S188.mm10-plus-7-0-1	one_assay_suffix	18m	1	nan	DN4 thymocyte	nan	DN4 thymocyte	facs	18_47_F	978933.0	1974.0	female	Thymus Flowthrough	Thymus	nan	6	5
H20_B002417_B009885_S188	133.0	2.0	18	H20_B002417_B009885_S188	18_47_F	Marrow	True	2	True	H20_B002417_B009885_S188.mm10-plus-6-0	exact_library_id_plus_documented_alignment_suffix	H20_B002417_B009885_S188.mm10-plus-6-0-1	one_assay_suffix	18m	1	nan	hematopoietic stem cell	nan	MPP Fraction B + C	facs	18_47_F	1273766.0	5800.0	female	KLS	Marrow	nan	16	35
H20_B002459_B007461_S188	140.0	2.0	18	H20_B002459_B007461_S188	18_46_F	Marrow	True	1	False	H20_B002459_B007461_S188.mm10-plus-8-0	exact_library_id_plus_documented_alignment_suffix	H20_B002459_B007461_S188.mm10-plus-8-0-1	one_assay_suffix	18m	1	nan	CD4-positive, alpha-beta T cell	nan	BM CD4 T cell	facs	18_46_F	295399.0	2675.0	female	T cells	Marrow	nan	0	48
H20_B002466_B009898_S188			18	H20_B002466_B009898_S188	18_45_M	Lung	False	1	False	H20_B002466_B009898_S188.mm10-plus-4-0	exact_library_id_plus_documented_alignment_suffix	H20_B002466_B009898_S188.mm10-plus-4-0-1	one_assay_suffix	18m	1	nan	CD8-positive, alpha-beta T cell	nan	CD8+ T	facs	18_45_M	3599057.0	2053.0	male	EPCAM	Lung	nan	4	9
H20_B002828_B007462_S188	115.0	2.0	18	H20_B002828_B007462_S188	18_47_F	Marrow	True	2	True	H20_B002828_B007462_S188.mm10-plus-6-0	exact_library_id_plus_documented_alignment_suffix	H20_B002828_B007462_S188.mm10-plus-6-0-1	one_assay_suffix	18m	1	nan	mature alpha-beta T cell	nan	BM CD8 + CD4 T cell	facs	18_47_F	1410388.0	3453.0	female	T cells	Marrow	nan	4	9
H20_B003007_B009008_S188			18	H20_B003007_B009008_S188	18_46_F	Thymus	False	1	False	H20_B003007_B009008_S188.mm10-plus-7-0	exact_library_id_plus_documented_alignment_suffix	H20_B003007_B009008_S188.mm10-plus-7-0-1	one_assay_suffix	18m	1	nan	DN4 thymocyte	nan	DN4 thymocyte	facs	18_46_F	1475324.0	2084.0	female	Thymus Flowthrough	Thymus	nan	4	9
H20_D045405_B009854_S188			18	H20_D045405_B009854_S188	18_45_M	Marrow	False	1	False	H20_D045405_B009854_S188.mm10-plus-6-0	exact_library_id_plus_documented_alignment_suffix	H20_D045405_B009854_S188.mm10-plus-6-0-1	one_assay_suffix	18m	1	nan	NK cell	nan	NK cell	facs	18_45_M	807828.0	1757.0	male	T cells	Marrow	nan	4	9
H21_B000236_B009007_S189			18	H21_B000236_B009007_S189	18_53_M	Thymus	False	1	False	H21_B000236_B009007_S189.mm10-plus-8-0	exact_library_id_plus_documented_alignment_suffix	H21_B000236_B009007_S189.mm10-plus-8-0-1	one_assay_suffix	18m	1	nan	thymocyte	nan	DN to DP transition (most are Cd8+/ Cd4+, some undergoing VDJ recombination)	facs	18_53_M	496552.0	1496.0	male	Thymus Flowthrough	Thymus	nan	21	23
H21_B000263_B007344_S189	28.0	5.0	18	H21_B000263_B007344_S189	18_46_F	Trachea	True	5	True	H21_B000263_B007344_S189.mm10-plus-7-0	exact_library_id_plus_documented_alignment_suffix		unmatched																
H21_B001360_B009953_S189	51.0	8.0	18	H21_B001360_B009953_S189	18_46_F	Heart	True	8	True	H21_B001360_B009953_S189.mm10-plus-6-0	exact_library_id_plus_documented_alignment_suffix	H21_B001360_B009953_S189.mm10-plus-6-0-1	one_assay_suffix	18m	1	nan	atrial myocyte	nan	atrial cardiomyocyte	facs	18_46_F	346352.0	4653.0	female	RA	Heart	nan	50	55
H21_B001369_B009009_S189			18	H21_B001369_B009009_S189	18_47_F	Thymus	False	1	False	H21_B001369_B009009_S189.mm10-plus-7-0	exact_library_id_plus_documented_alignment_suffix	H21_B001369_B009009_S189.mm10-plus-7-0-1	one_assay_suffix	18m	1	nan	DN4 thymocyte	nan	DN4 thymocyte	facs	18_47_F	2318315.0	2332.0	female	Thymus Flowthrough	Thymus	nan	4	5
H21_B001372_B006663_S189			18	H21_B001372_B006663_S189	18_46_F	Brain_Non-Myeloid	False	1	False	H21_B001372_B006663_S189.mm10-plus-5-0	exact_library_id_plus_documented_alignment_suffix	H21_B001372_B006663_S189.mm10-plus-5-0-1	one_assay_suffix	18m	1	nan	CD8-positive, alpha-beta T cell	nan	nan	facs	18_46_F	2797398.0	1714.0	female	Hippocampus 	Brain_Non-Myeloid	nan	4	9
H21_B002459_B007461_S189			18	H21_B002459_B007461_S189	18_46_F	Marrow	False	1	False	H21_B002459_B007461_S189.mm10-plus-8-0	exact_library_id_plus_documented_alignment_suffix	H21_B002459_B007461_S189.mm10-plus-8-0-1	one_assay_suffix	18m	1	nan	mature alpha-beta T cell	nan	BM CD8 + CD4 T cell	facs	18_46_F	577303.0	2692.0	female	T cells	Marrow	nan	4	21
H21_B002828_B007462_S189			18	H21_B002828_B007462_S189	18_47_F	Marrow	False	1	False	H21_B002828_B007462_S189.mm10-plus-6-0	exact_library_id_plus_documented_alignment_suffix	H21_B002828_B007462_S189.mm10-plus-6-0-1	one_assay_suffix	18m	1	nan	mature alpha-beta T cell	nan	BM CD8 + CD4 T cell	facs	18_47_F	1112247.0	2439.0	female	T cells	Marrow	nan	4	48
H21_B003017_B009010_S189			18	H21_B003017_B009010_S189	18_45_M	Thymus	False	1	False	H21_B003017_B009010_S189.mm10-plus-7-0	exact_library_id_plus_documented_alignment_suffix	H21_B003017_B009010_S189.mm10-plus-7-0-1	one_assay_suffix	18m	1	nan	thymocyte	nan	DN to DP transition (most are Cd8+/ Cd4+, some undergoing VDJ recombination)	facs	18_45_M	767081.0	1185.0	male	Thymus Flowthrough	Thymus	nan	21	23
H22_B000236_B009007_S190			18	H22_B000236_B009007_S190	18_53_M	Thymus	False	1	False	H22_B000236_B009007_S190.mm10-plus-8-0	exact_library_id_plus_documented_alignment_suffix	H22_B000236_B009007_S190.mm10-plus-8-0-1	one_assay_suffix	18m	1	nan	thymocyte	nan	DN to DP transition (most are Cd8+/ Cd4+, some undergoing VDJ recombination)	facs	18_53_M	1102179.0	2050.0	male	Thymus Flowthrough	Thymus	nan	21	23
H22_B002459_B007461_S190			18	H22_B002459_B007461_S190	18_46_F	Marrow	False	1	False	H22_B002459_B007461_S190.mm10-plus-8-0	exact_library_id_plus_documented_alignment_suffix	H22_B002459_B007461_S190.mm10-plus-8-0-1	one_assay_suffix	18m	1	nan	NK cell	nan	Klrb1a/b/c(-) NK cell	facs	18_46_F	590960.0	3098.0	female	T cells	Marrow	nan	4	21
H22_B002673_B007460_S190			18	H22_B002673_B007460_S190	18_53_M	Marrow	False	1	False	H22_B002673_B007460_S190.mm10-plus-7-0	exact_library_id_plus_documented_alignment_suffix	H22_B002673_B007460_S190.mm10-plus-7-0-1	one_assay_suffix	18m	1	nan	NK cell	nan	Klrb1a/b/c(-) NK cell	facs	18_53_M	1095309.0	2855.0	male	T cells	Marrow	nan	11	7
H22_B003007_B009008_S190			18	H22_B003007_B009008_S190	18_46_F	Thymus	False	1	False	H22_B003007_B009008_S190.mm10-plus-7-0	exact_library_id_plus_documented_alignment_suffix	H22_B003007_B009008_S190.mm10-plus-7-0-1	one_assay_suffix	18m	1	nan	macrophage	nan	macrophage	facs	18_46_F	1764191.0	2677.0	female	Thymus Flowthrough	Thymus	nan	4	12
H2_B002709_B009018_S170			18	H2_B002709_B009018_S170	18_53_M	Spleen	False	1	False	H2_B002709_B009018_S170.mm10-plus-7-0	exact_library_id_plus_documented_alignment_suffix	H2_B002709_B009018_S170.mm10-plus-7-0-1	one_assay_suffix	18m	1	nan	CD8-positive, alpha-beta T cell	nan	nan	facs	18_53_M	1131427.0	1657.0	male	nan	Spleen	nan	4	9
H2_B003017_B009010_S170			18	H2_B003017_B009010_S170	18_45_M	Thymus	False	1	False	H2_B003017_B009010_S170.mm10-plus-7-0	exact_library_id_plus_documented_alignment_suffix	H2_B003017_B009010_S170.mm10-plus-7-0-1	one_assay_suffix	18m	1	nan	thymocyte	nan	DN to DP transition (most are Cd8+/ Cd4+, some undergoing VDJ recombination)	facs	18_45_M	557163.0	1136.0	male	Thymus Flowthrough	Thymus	nan	21	23
H2_D045342_B009019_S170			18	H2_D045342_B009019_S170	18_45_M	Spleen	False	1	False	H2_D045342_B009019_S170.mm10-plus-0-0	exact_library_id_plus_documented_alignment_suffix	H2_D045342_B009019_S170.mm10-plus-0-0-1	one_assay_suffix	18m	1	nan	CD4-positive, alpha-beta T cell	nan	Cd3e T cell	facs	18_45_M	780838.0	2068.0	male	nan	Spleen	nan	4	21
H2_D045405_B009854_S170	113.0	4.0	18	H2_D045405_B009854_S170	18_45_M	Marrow	True	4	True	H2_D045405_B009854_S170.mm10-plus-6-0	exact_library_id_plus_documented_alignment_suffix	H2_D045405_B009854_S170.mm10-plus-6-0-1	one_assay_suffix	18m	1	nan	mature alpha-beta T cell	nan	BM CD8 + CD4 T cell	facs	18_45_M	787369.0	1761.0	male	T cells	Marrow	nan	4	9
H3_B000236_B009007_S171			18	H3_B000236_B009007_S171	18_53_M	Thymus	False	1	False	H3_B000236_B009007_S171.mm10-plus-8-0	exact_library_id_plus_documented_alignment_suffix	H3_B000236_B009007_S171.mm10-plus-8-0-1	one_assay_suffix	18m	1	nan	DN4 thymocyte	nan	DN4 thymocyte	facs	18_53_M	362163.0	1718.0	male	Thymus Flowthrough	Thymus	nan	6	5
H3_B000794_B008549_S171			18	H3_B000794_B008549_S171	18_47_F	GAT	False	1	False	H3_B000794_B008549_S171.mm10-plus-3-0	exact_library_id_plus_documented_alignment_suffix	H3_B000794_B008549_S171.mm10-plus-3-0-1	one_assay_suffix	18m	1	nan	CD4-positive, alpha-beta T cell	nan	nan	facs	18_47_F	748401.0	1576.0	female	Fat	GAT	nan	4	21
H3_B002452_B009020_S171	56.0	4.0	18	H3_B002452_B009020_S171	18_47_F	Spleen	True	1	False	H3_B002452_B009020_S171.mm10-plus-0-0	exact_library_id_plus_documented_alignment_suffix	H3_B002452_B009020_S171.mm10-plus-0-0-1	one_assay_suffix	18m	1	nan	CD8-positive, alpha-beta T cell	nan	nan	facs	18_47_F	687688.0	3082.0	female	nan	Spleen	nan	4	9
H3_B002459_B007461_S171			18	H3_B002459_B007461_S171	18_46_F	Marrow	False	1	False	H3_B002459_B007461_S171.mm10-plus-8-0	exact_library_id_plus_documented_alignment_suffix	H3_B002459_B007461_S171.mm10-plus-8-0-1	one_assay_suffix	18m	1	nan	promonocyte	nan	monocyte + promonocyte	facs	18_46_F	1464275.0	6909.0	female	T cells	Marrow	nan	37	56
H3_B003007_B009008_S171			18	H3_B003007_B009008_S171	18_46_F	Thymus	False	1	False	H3_B003007_B009008_S171.mm10-plus-7-0	exact_library_id_plus_documented_alignment_suffix	H3_B003007_B009008_S171.mm10-plus-7-0-1	one_assay_suffix	18m	1	nan	DN4 thymocyte	nan	DN4 thymocyte	facs	18_46_F	1249297.0	2161.0	female	Thymus Flowthrough	Thymus	nan	6	5
H3_B003017_B009010_S171			18	H3_B003017_B009010_S171	18_45_M	Thymus	False	1	False	H3_B003017_B009010_S171.mm10-plus-7-0	exact_library_id_plus_documented_alignment_suffix	H3_B003017_B009010_S171.mm10-plus-7-0-1	one_assay_suffix	18m	1	nan	thymocyte	nan	DN to DP transition (most are Cd8+/ Cd4+, some undergoing VDJ recombination)	facs	18_45_M	990886.0	1159.0	male	Thymus Flowthrough	Thymus	nan	21	23
H4_B000236_B009007_S172	64.0	3.0	18	H4_B000236_B009007_S172	18_53_M	Thymus	True	3	True	H4_B000236_B009007_S172.mm10-plus-8-0	exact_library_id_plus_documented_alignment_suffix	H4_B000236_B009007_S172.mm10-plus-8-0-1	one_assay_suffix	18m	1	nan	DN4 thymocyte	nan	DN4 thymocyte	facs	18_53_M	331957.0	1816.0	male	Thymus Flowthrough	Thymus	nan	4	9
H4_B001369_B009009_S172			18	H4_B001369_B009009_S172	18_47_F	Thymus	False	1	False	H4_B001369_B009009_S172.mm10-plus-7-0	exact_library_id_plus_documented_alignment_suffix	H4_B001369_B009009_S172.mm10-plus-7-0-1	one_assay_suffix	18m	1	nan	DN4 thymocyte	nan	DN4 thymocyte	facs	18_47_F	594563.0	2193.0	female	Thymus Flowthrough	Thymus	nan	6	5
H4_B002828_B007462_S172			18	H4_B002828_B007462_S172	18_47_F	Marrow	False	1	False	H4_B002828_B007462_S172.mm10-plus-6-0	exact_library_id_plus_documented_alignment_suffix	H4_B002828_B007462_S172.mm10-plus-6-0-1	one_assay_suffix	18m	1	nan	NK cell	nan	NK cell	facs	18_47_F	549782.0	2673.0	female	T cells	Marrow	nan	4	9
H4_B003007_B009008_S172			18	H4_B003007_B009008_S172	18_46_F	Thymus	False	1	False	H4_B003007_B009008_S172.mm10-plus-7-0	exact_library_id_plus_documented_alignment_suffix	H4_B003007_B009008_S172.mm10-plus-7-0-1	one_assay_suffix	18m	1	nan	DN4 thymocyte	nan	DN4 thymocyte	facs	18_46_F	915692.0	1665.0	female	Thymus Flowthrough	Thymus	nan	6	5
H5_B000236_B009007_S173			18	H5_B000236_B009007_S173	18_53_M	Thymus	False	1	False	H5_B000236_B009007_S173.mm10-plus-8-0	exact_library_id_plus_documented_alignment_suffix	H5_B000236_B009007_S173.mm10-plus-8-0-1	one_assay_suffix	18m	1	nan	thymocyte	nan	proliferating thymocyte; DN to DP transition, dividing (some are Cd8+/ Cd4+, some undergoing VDJ recombination)	facs	18_53_M	933386.0	4385.0	male	Thymus Flowthrough	Thymus	nan	6	5
H5_B000263_B007344_S173	91.0	2.0	18	H5_B000263_B007344_S173	18_46_F	Trachea	True	2	True	H5_B000263_B007344_S173.mm10-plus-7-0	exact_library_id_plus_documented_alignment_suffix	H5_B000263_B007344_S173.mm10-plus-7-0-1	one_assay_suffix	18m	1	nan	T cell	nan	nan	facs	18_46_F	3151246.0	2469.0	female	nan	Trachea	nan	4	21
H5_D045405_B009854_S173			18	H5_D045405_B009854_S173	18_45_M	Marrow	False	1	False	H5_D045405_B009854_S173.mm10-plus-6-0	exact_library_id_plus_documented_alignment_suffix	H5_D045405_B009854_S173.mm10-plus-6-0-1	one_assay_suffix	18m	1	nan	mature alpha-beta T cell	nan	BM CD8 + CD4 T cell	facs	18_45_M	971058.0	1660.0	male	T cells	Marrow	nan	4	21
H6_B000236_B009007_S174			18	H6_B000236_B009007_S174	18_53_M	Thymus	False	1	False	H6_B000236_B009007_S174.mm10-plus-8-0	exact_library_id_plus_documented_alignment_suffix	H6_B000236_B009007_S174.mm10-plus-8-0-1	one_assay_suffix	18m	1	nan	DN4 thymocyte	nan	DN4 thymocyte	facs	18_53_M	449792.0	2443.0	male	Thymus Flowthrough	Thymus	nan	6	5
H6_B002452_B009020_S174			18	H6_B002452_B009020_S174	18_47_F	Spleen	False	1	False	H6_B002452_B009020_S174.mm10-plus-0-0	exact_library_id_plus_documented_alignment_suffix	H6_B002452_B009020_S174.mm10-plus-0-0-1	one_assay_suffix	18m	1	nan	CD4-positive, alpha-beta T cell	nan	Cd3e T cell	facs	18_47_F	577266.0	2933.0	female	nan	Spleen	nan	4	21
H6_B003007_B009008_S174			18	H6_B003007_B009008_S174	18_46_F	Thymus	False	1	False	H6_B003007_B009008_S174.mm10-plus-7-0	exact_library_id_plus_documented_alignment_suffix	H6_B003007_B009008_S174.mm10-plus-7-0-1	one_assay_suffix	18m	1	nan	DN4 thymocyte	nan	DN4 thymocyte	facs	18_46_F	976687.0	1816.0	female	Thymus Flowthrough	Thymus	nan	4	21
H6_B003017_B009010_S174			18	H6_B003017_B009010_S174	18_45_M	Thymus	False	1	False	H6_B003017_B009010_S174.mm10-plus-7-0	exact_library_id_plus_documented_alignment_suffix	H6_B003017_B009010_S174.mm10-plus-7-0-1	one_assay_suffix	18m	1	nan	thymocyte	nan	DN to DP transition (most are Cd8+/ Cd4+, some undergoing VDJ recombination)	facs	18_45_M	493455.0	1105.0	male	Thymus Flowthrough	Thymus	nan	21	23
H7_B000171_B009952_S175			18	H7_B000171_B009952_S175	18_53_M	Heart	False	1	False	H7_B000171_B009952_S175.mm10-plus-8-0	exact_library_id_plus_documented_alignment_suffix	H7_B000171_B009952_S175.mm10-plus-8-0-1	one_assay_suffix	18m	1	nan	T cell	nan	T cell	facs	18_53_M	723120.0	2078.0	male	RA	Heart	nan	4	9
H7_B000236_B009007_S175			18	H7_B000236_B009007_S175	18_53_M	Thymus	False	1	False	H7_B000236_B009007_S175.mm10-plus-8-0	exact_library_id_plus_documented_alignment_suffix	H7_B000236_B009007_S175.mm10-plus-8-0-1	one_assay_suffix	18m	1	nan	DN4 thymocyte	nan	DN4 thymocyte	facs	18_53_M	516657.0	1586.0	male	Thymus Flowthrough	Thymus	nan	4	9
H7_B001369_B009009_S175			18	H7_B001369_B009009_S175	18_47_F	Thymus	False	1	False	H7_B001369_B009009_S175.mm10-plus-7-0	exact_library_id_plus_documented_alignment_suffix	H7_B001369_B009009_S175.mm10-plus-7-0-1	one_assay_suffix	18m	1	nan	DN4 thymocyte	nan	DN4 thymocyte	facs	18_47_F	825046.0	2384.0	female	Thymus Flowthrough	Thymus	nan	6	5
H7_B003007_B009008_S175			18	H7_B003007_B009008_S175	18_46_F	Thymus	False	1	False	H7_B003007_B009008_S175.mm10-plus-7-0	exact_library_id_plus_documented_alignment_suffix	H7_B003007_B009008_S175.mm10-plus-7-0-1	one_assay_suffix	18m	1	nan	DN4 thymocyte	nan	DN4 thymocyte	facs	18_46_F	1249854.0	1924.0	female	Thymus Flowthrough	Thymus	nan	4	9
H7_B003017_B009010_S175			18	H7_B003017_B009010_S175	18_45_M	Thymus	False	1	False	H7_B003017_B009010_S175.mm10-plus-7-0	exact_library_id_plus_documented_alignment_suffix	H7_B003017_B009010_S175.mm10-plus-7-0-1	one_assay_suffix	18m	1	nan	thymocyte	nan	DN to DP transition (most are Cd8+/ Cd4+, some undergoing VDJ recombination)	facs	18_45_M	910323.0	1034.0	male	Thymus Flowthrough	Thymus	nan	21	23
H8_B000236_B009007_S176			18	H8_B000236_B009007_S176	18_53_M	Thymus	False	1	False	H8_B000236_B009007_S176.mm10-plus-8-0	exact_library_id_plus_documented_alignment_suffix	H8_B000236_B009007_S176.mm10-plus-8-0-1	one_assay_suffix	18m	1	nan	DN4 thymocyte	nan	DN4 thymocyte	facs	18_53_M	592499.0	1808.0	male	Thymus Flowthrough	Thymus	nan	4	5
H8_B002459_B007461_S176	71.0	2.0	18	H8_B002459_B007461_S176	18_46_F	Marrow	True	2	True	H8_B002459_B007461_S176.mm10-plus-8-0	exact_library_id_plus_documented_alignment_suffix	H8_B002459_B007461_S176.mm10-plus-8-0-1	one_assay_suffix	18m	1	nan	mature alpha-beta T cell	nan	BM CD8 + CD4 T cell	facs	18_46_F	613189.0	4059.0	female	T cells	Marrow	nan	4	9
H8_B003007_B009008_S176			18	H8_B003007_B009008_S176	18_46_F	Thymus	False	1	False	H8_B003007_B009008_S176.mm10-plus-7-0	exact_library_id_plus_documented_alignment_suffix	H8_B003007_B009008_S176.mm10-plus-7-0-1	one_assay_suffix	18m	1	nan	DN4 thymocyte	nan	DN4 thymocyte	facs	18_46_F	734990.0	1619.0	female	Thymus Flowthrough	Thymus	nan	6	5
H8_B00480_B0008539_S176	72.0	7.0	18	H8_B00480_B0008539_S176			True	1	False	__unmatched__H8_B00480_B0008539_S176	unmatched_library		unmatched																
H9_B000236_B009007_S177			18	H9_B000236_B009007_S177	18_53_M	Thymus	False	1	False	H9_B000236_B009007_S177.mm10-plus-8-0	exact_library_id_plus_documented_alignment_suffix	H9_B000236_B009007_S177.mm10-plus-8-0-1	one_assay_suffix	18m	1	nan	DN4 thymocyte	nan	DN4 thymocyte	facs	18_53_M	841086.0	2280.0	male	Thymus Flowthrough	Thymus	nan	6	5
H9_B001369_B009009_S177			18	H9_B001369_B009009_S177	18_47_F	Thymus	False	1	False	H9_B001369_B009009_S177.mm10-plus-7-0	exact_library_id_plus_documented_alignment_suffix	H9_B001369_B009009_S177.mm10-plus-7-0-1	one_assay_suffix	18m	1	nan	DN4 thymocyte	nan	DN4 thymocyte	facs	18_47_F	1728781.0	3220.0	female	Thymus Flowthrough	Thymus	nan	6	5
H9_B003007_B009008_S177			18	H9_B003007_B009008_S177	18_46_F	Thymus	False	1	False	H9_B003007_B009008_S177.mm10-plus-7-0	exact_library_id_plus_documented_alignment_suffix	H9_B003007_B009008_S177.mm10-plus-7-0-1	one_assay_suffix	18m	1	nan	DN4 thymocyte	nan	DN4 thymocyte	facs	18_46_F	1337590.0	3215.0	female	Thymus Flowthrough	Thymus	nan	6	5
H9_B003017_B009010_S177			18	H9_B003017_B009010_S177	18_45_M	Thymus	False	1	False	H9_B003017_B009010_S177.mm10-plus-7-0	exact_library_id_plus_documented_alignment_suffix	H9_B003017_B009010_S177.mm10-plus-7-0-1	one_assay_suffix	18m	1	nan	thymocyte	nan	DN to DP transition (most are Cd8+/ Cd4+, some undergoing VDJ recombination)	facs	18_45_M	437231.0	1209.0	male	Thymus Flowthrough	Thymus	nan	6	5
I10_B000236_B009007_S202			18	I10_B000236_B009007_S202	18_53_M	Thymus	False	1	False	I10_B000236_B009007_S202.mm10-plus-8-0	exact_library_id_plus_documented_alignment_suffix	I10_B000236_B009007_S202.mm10-plus-8-0-1	one_assay_suffix	18m	1	nan	DN4 thymocyte	nan	DN4 thymocyte	facs	18_53_M	1306343.0	2684.0	male	Thymus Flowthrough	Thymus	nan	4	21
I10_B001369_B009009_S202			18	I10_B001369_B009009_S202	18_47_F	Thymus	False	1	False	I10_B001369_B009009_S202.mm10-plus-7-0	exact_library_id_plus_documented_alignment_suffix	I10_B001369_B009009_S202.mm10-plus-7-0-1	one_assay_suffix	18m	1	nan	DN4 thymocyte	nan	DN4 thymocyte	facs	18_47_F	1010203.0	2002.0	female	Thymus Flowthrough	Thymus	nan	6	23
I10_B002459_B007461_S202			18	I10_B002459_B007461_S202	18_46_F	Marrow	False	1	False	I10_B002459_B007461_S202.mm10-plus-8-0	exact_library_id_plus_documented_alignment_suffix	I10_B002459_B007461_S202.mm10-plus-8-0-1	one_assay_suffix	18m	1	nan	mature alpha-beta T cell	nan	BM CD8 + CD4 T cell	facs	18_46_F	572735.0	2353.0	female	T cells	Marrow	nan	4	9
I10_B002828_B007462_S202			18	I10_B002828_B007462_S202	18_47_F	Marrow	False	1	False	I10_B002828_B007462_S202.mm10-plus-6-0	exact_library_id_plus_documented_alignment_suffix	I10_B002828_B007462_S202.mm10-plus-6-0-1	one_assay_suffix	18m	1	nan	naive B cell	nan	naïve B cell	facs	18_47_F	902098.0	2103.0	female	T cells	Marrow	nan	4	9
I10_B003017_B009010_S202			18	I10_B003017_B009010_S202	18_45_M	Thymus	False	1	False	I10_B003017_B009010_S202.mm10-plus-7-0	exact_library_id_plus_documented_alignment_suffix	I10_B003017_B009010_S202.mm10-plus-7-0-1	one_assay_suffix	18m	1	nan	DN4 thymocyte	nan	DN4 thymocyte	facs	18_45_M	570443.0	1152.0	male	Thymus Flowthrough	Thymus	nan	6	5
I11_B000236_B009007_S203			18	I11_B000236_B009007_S203	18_53_M	Thymus	False	1	False	I11_B000236_B009007_S203.mm10-plus-8-0	exact_library_id_plus_documented_alignment_suffix	I11_B000236_B009007_S203.mm10-plus-8-0-1	one_assay_suffix	18m	1	nan	DN4 thymocyte	nan	DN4 thymocyte	facs	18_53_M	415039.0	1340.0	male	Thymus Flowthrough	Thymus	nan	6	5
I11_B000750_B007346_S203			18	I11_B000750_B007346_S203	18_45_M	Trachea	False	1	False	I11_B000750_B007346_S203.mm10-plus-8-0	exact_library_id_plus_documented_alignment_suffix	I11_B000750_B007346_S203.mm10-plus-8-0-1	one_assay_suffix	18m	1	nan	T cell	nan	nan	facs	18_45_M	539538.0	1506.0	male	nan	Trachea	nan	4	21
I11_B000795_B008545_S203	98.0	5.0	18	I11_B000795_B008545_S203	18_47_F	MAT	True	2	True	I11_B000795_B008545_S203.mm10-plus-3-0	exact_library_id_plus_documented_alignment_suffix	I11_B000795_B008545_S203.mm10-plus-3-0-1	one_assay_suffix	18m	1	nan	CD4-positive, alpha-beta T cell	nan	nan	facs	18_47_F	536637.0	2245.0	female	Fat	MAT	nan	4	21
I11_B000805_B008544_S203	88.0	2.0	18	I11_B000805_B008544_S203	18_46_F	SCAT	True	2	True	I11_B000805_B008544_S203.mm10-plus-3-0	exact_library_id_plus_documented_alignment_suffix	I11_B000805_B008544_S203.mm10-plus-3-0-1	one_assay_suffix	18m	1	nan	CD8-positive, alpha-beta T cell	nan	nan	facs	18_46_F	686063.0	2384.0	female	Fat	SCAT	nan	4	21
I11_B000806_B008540_S203			18	I11_B000806_B008540_S203	18_46_F	MAT	False	1	False	I11_B000806_B008540_S203.mm10-plus-6-0	exact_library_id_plus_documented_alignment_suffix	I11_B000806_B008540_S203.mm10-plus-6-0-1	one_assay_suffix	18m	1	nan	CD4-positive, alpha-beta T cell	nan	nan	facs	18_46_F	388822.0	1337.0	female	Fat	MAT	nan	4	21
I11_B002452_B009020_S203	66.0	3.0	18	I11_B002452_B009020_S203	18_47_F	Spleen	True	2	True	I11_B002452_B009020_S203.mm10-plus-0-0	exact_library_id_plus_documented_alignment_suffix	I11_B002452_B009020_S203.mm10-plus-0-0-1	one_assay_suffix	18m	1	nan	CD8-positive, alpha-beta T cell	nan	nan	facs	18_47_F	447599.0	2468.0	female	nan	Spleen	nan	4	9
I11_B003007_B009008_S203			18	I11_B003007_B009008_S203	18_46_F	Thymus	False	1	False	I11_B003007_B009008_S203.mm10-plus-7-0	exact_library_id_plus_documented_alignment_suffix	I11_B003007_B009008_S203.mm10-plus-7-0-1	one_assay_suffix	18m	1	nan	DN4 thymocyte	nan	DN4 thymocyte	facs	18_46_F	1099373.0	2204.0	female	Thymus Flowthrough	Thymus	nan	6	5
I11_B003017_B009010_S203			18	I11_B003017_B009010_S203	18_45_M	Thymus	False	1	False	I11_B003017_B009010_S203.mm10-plus-7-0	exact_library_id_plus_documented_alignment_suffix	I11_B003017_B009010_S203.mm10-plus-7-0-1	one_assay_suffix	18m	1	nan	thymocyte	nan	DN to DP transition (most are Cd8+/ Cd4+, some undergoing VDJ recombination)	facs	18_45_M	947096.0	1158.0	male	Thymus Flowthrough	Thymus	nan	21	23
I12_B000236_B009007_S204			18	I12_B000236_B009007_S204	18_53_M	Thymus	False	1	False	I12_B000236_B009007_S204.mm10-plus-8-0	exact_library_id_plus_documented_alignment_suffix	I12_B000236_B009007_S204.mm10-plus-8-0-1	one_assay_suffix	18m	1	nan	thymocyte	nan	DN to DP transition (most are Cd8+/ Cd4+, some undergoing VDJ recombination)	facs	18_53_M	474228.0	1239.0	male	Thymus Flowthrough	Thymus	nan	21	23
I12_B000805_B008544_S204			18	I12_B000805_B008544_S204	18_46_F	SCAT	False	1	False	I12_B000805_B008544_S204.mm10-plus-3-0	exact_library_id_plus_documented_alignment_suffix	I12_B000805_B008544_S204.mm10-plus-3-0-1	one_assay_suffix	18m	1	nan	CD8-positive, alpha-beta T cell	nan	nan	facs	18_46_F	546676.0	2098.0	female	Fat	SCAT	nan	4	9
I12_B000806_B008540_S204			18	I12_B000806_B008540_S204	18_46_F	MAT	False	1	False	I12_B000806_B008540_S204.mm10-plus-6-0	exact_library_id_plus_documented_alignment_suffix	I12_B000806_B008540_S204.mm10-plus-6-0-1	one_assay_suffix	18m	1	nan	CD4-positive, alpha-beta T cell	nan	nan	facs	18_46_F	794907.0	1794.0	female	Fat	MAT	nan	6	5
I12_B001359_B009951_S204			18	I12_B001359_B009951_S204	18_47_F	Heart	False	1	False	I12_B001359_B009951_S204.mm10-plus-7-0	exact_library_id_plus_documented_alignment_suffix	I12_B001359_B009951_S204.mm10-plus-7-0-1	one_assay_suffix	18m	1	nan	T cell	nan	T cell	facs	18_47_F	746216.0	3083.0	female	RV	Heart	nan	4	21
I12_B003007_B009008_S204			18	I12_B003007_B009008_S204	18_46_F	Thymus	False	1	False	I12_B003007_B009008_S204.mm10-plus-7-0	exact_library_id_plus_documented_alignment_suffix	I12_B003007_B009008_S204.mm10-plus-7-0-1	one_assay_suffix	18m	1	nan	DN4 thymocyte	nan	DN4 thymocyte	facs	18_46_F	2237002.0	4480.0	female	Thymus Flowthrough	Thymus	nan	4	9
I12_B003017_B009010_S204			18	I12_B003017_B009010_S204	18_45_M	Thymus	False	1	False	I12_B003017_B009010_S204.mm10-plus-7-0	exact_library_id_plus_documented_alignment_suffix	I12_B003017_B009010_S204.mm10-plus-7-0-1	one_assay_suffix	18m	1	nan	thymocyte	nan	DN to DP transition (most are Cd8+/ Cd4+, some undergoing VDJ recombination)	facs	18_45_M	1170401.0	1492.0	male	Thymus Flowthrough	Thymus	nan	21	23
I13_B000236_B009007_S205			18	I13_B000236_B009007_S205	18_53_M	Thymus	False	1	False	I13_B000236_B009007_S205.mm10-plus-8-0	exact_library_id_plus_documented_alignment_suffix	I13_B000236_B009007_S205.mm10-plus-8-0-1	one_assay_suffix	18m	1	nan	thymocyte	nan	DN to DP transition (most are Cd8+/ Cd4+, some undergoing VDJ recombination)	facs	18_53_M	690080.0	1639.0	male	Thymus Flowthrough	Thymus	nan	21	23
I13_B000788_B008433_S205	57.0	4.0	18	I13_B000788_B008433_S205	18_46_F	BAT	True	2	True	I13_B000788_B008433_S205.mm10-plus-6-0	exact_library_id_plus_documented_alignment_suffix	I13_B000788_B008433_S205.mm10-plus-6-0-1	one_assay_suffix	18m	1	nan	NK cell	nan	nan	facs	18_46_F	1801611.0	1502.0	female	Fat	BAT	nan	4	9
I13_B000806_B008540_S205			18	I13_B000806_B008540_S205	18_46_F	MAT	False	1	False	I13_B000806_B008540_S205.mm10-plus-6-0	exact_library_id_plus_documented_alignment_suffix	I13_B000806_B008540_S205.mm10-plus-6-0-1	one_assay_suffix	18m	1	nan	CD4-positive, alpha-beta T cell	nan	nan	facs	18_46_F	479776.0	1671.0	female	Fat	MAT	nan	4	21
I13_B002828_B007462_S205	49.0	4.0	18	I13_B002828_B007462_S205	18_47_F	Marrow	True	3	True	I13_B002828_B007462_S205.mm10-plus-6-0	exact_library_id_plus_documented_alignment_suffix	I13_B002828_B007462_S205.mm10-plus-6-0-1	one_assay_suffix	18m	1	nan	mature alpha-beta T cell	nan	BM CD8 + CD4 T cell	facs	18_47_F	1506477.0	3470.0	female	T cells	Marrow	nan	4	48
I13_B003007_B009008_S205			18	I13_B003007_B009008_S205	18_46_F	Thymus	False	1	False	I13_B003007_B009008_S205.mm10-plus-7-0	exact_library_id_plus_documented_alignment_suffix	I13_B003007_B009008_S205.mm10-plus-7-0-1	one_assay_suffix	18m	1	nan	DN4 thymocyte	nan	DN4 thymocyte	facs	18_46_F	1801557.0	1858.0	female	Thymus Flowthrough	Thymus	nan	6	5
I13_B003022_B008546_S205			18	I13_B003022_B008546_S205	18_45_M	MAT	False	1	False	I13_B003022_B008546_S205.mm10-plus-7-0	exact_library_id_plus_documented_alignment_suffix	I13_B003022_B008546_S205.mm10-plus-7-0-1	one_assay_suffix	18m	1	nan	CD8-positive, alpha-beta T cell	nan	nan	facs	18_45_M	645975.0	1338.0	male	Fat	MAT	nan	6	5
I14_B000236_B009007_S206			18	I14_B000236_B009007_S206	18_53_M	Thymus	False	1	False	I14_B000236_B009007_S206.mm10-plus-8-0	exact_library_id_plus_documented_alignment_suffix	I14_B000236_B009007_S206.mm10-plus-8-0-1	one_assay_suffix	18m	1	nan	thymocyte	nan	DN to DP transition (most are Cd8+/ Cd4+, some undergoing VDJ recombination)	facs	18_53_M	297966.0	1075.0	male	Thymus Flowthrough	Thymus	nan	21	23
I14_B000477_B008543_S206			18	I14_B000477_B008543_S206	18_53_M	MAT	False	1	False	I14_B000477_B008543_S206.mm10-plus-6-0	exact_library_id_plus_documented_alignment_suffix	I14_B000477_B008543_S206.mm10-plus-6-0-1	one_assay_suffix	18m	1	nan	CD8-positive, alpha-beta T cell	nan	nan	facs	18_53_M	324013.0	1370.0	male	Fat	MAT	nan	6	5
I14_B000808_B008541_S206			18	I14_B000808_B008541_S206	18_47_F	SCAT	False	1	False	I14_B000808_B008541_S206.mm10-plus-6-0	exact_library_id_plus_documented_alignment_suffix	I14_B000808_B008541_S206.mm10-plus-6-0-1	one_assay_suffix	18m	1	nan	CD8-positive, alpha-beta T cell	nan	nan	facs	18_47_F	315259.0	1640.0	female	Fat	SCAT	nan	4	21
I14_B001369_B009009_S206			18	I14_B001369_B009009_S206	18_47_F	Thymus	False	1	False	I14_B001369_B009009_S206.mm10-plus-7-0	exact_library_id_plus_documented_alignment_suffix	I14_B001369_B009009_S206.mm10-plus-7-0-1	one_assay_suffix	18m	1	nan	DN4 thymocyte	nan	DN4 thymocyte	facs	18_47_F	1451384.0	2630.0	female	Thymus Flowthrough	Thymus	nan	6	5
I14_B002459_B007461_S206			18	I14_B002459_B007461_S206	18_46_F	Marrow	False	1	False	I14_B002459_B007461_S206.mm10-plus-8-0	exact_library_id_plus_documented_alignment_suffix	I14_B002459_B007461_S206.mm10-plus-8-0-1	one_assay_suffix	18m	1	nan	basophil	nan	basophil	facs	18_46_F	936310.0	4169.0	female	T cells	Marrow	nan	4	9
I14_B003017_B009010_S206			18	I14_B003017_B009010_S206	18_45_M	Thymus	False	1	False	I14_B003017_B009010_S206.mm10-plus-7-0	exact_library_id_plus_documented_alignment_suffix	I14_B003017_B009010_S206.mm10-plus-7-0-1	one_assay_suffix	18m	1	nan	thymocyte	nan	DN to DP transition (most are Cd8+/ Cd4+, some undergoing VDJ recombination)	facs	18_45_M	699925.0	1056.0	male	Thymus Flowthrough	Thymus	nan	21	23
I15_B000236_B009007_S207			18	I15_B000236_B009007_S207	18_53_M	Thymus	False	1	False	I15_B000236_B009007_S207.mm10-plus-8-0	exact_library_id_plus_documented_alignment_suffix	I15_B000236_B009007_S207.mm10-plus-8-0-1	one_assay_suffix	18m	1	nan	thymocyte	nan	DN to DP transition (most are Cd8+/ Cd4+, some undergoing VDJ recombination)	facs	18_53_M	245587.0	1265.0	male	Thymus Flowthrough	Thymus	nan	21	23
I15_B000263_B007344_S207	88.0	2.0	18	I15_B000263_B007344_S207	18_46_F	Trachea	True	2	True	I15_B000263_B007344_S207.mm10-plus-7-0	exact_library_id_plus_documented_alignment_suffix	I15_B000263_B007344_S207.mm10-plus-7-0-1	one_assay_suffix	18m	1	nan	T cell	nan	nan	facs	18_46_F	3369971.0	1817.0	female	nan	Trachea	nan	4	9
I15_B000477_B008543_S207			18	I15_B000477_B008543_S207	18_53_M	MAT	False	1	False	I15_B000477_B008543_S207.mm10-plus-6-0	exact_library_id_plus_documented_alignment_suffix	I15_B000477_B008543_S207.mm10-plus-6-0-1	one_assay_suffix	18m	1	nan	CD8-positive, alpha-beta T cell	nan	nan	facs	18_53_M	342704.0	1433.0	male	Fat	MAT	nan	4	9
I15_B000794_B008549_S207			18	I15_B000794_B008549_S207	18_47_F	GAT	False	1	False	I15_B000794_B008549_S207.mm10-plus-3-0	exact_library_id_plus_documented_alignment_suffix	I15_B000794_B008549_S207.mm10-plus-3-0-1	one_assay_suffix	18m	1	nan	CD4-positive, alpha-beta T cell	nan	nan	facs	18_47_F	1479653.0	2257.0	female	Fat	GAT	nan	4	21
I15_B000808_B008541_S207	97.0	6.0	18	I15_B000808_B008541_S207	18_47_F	SCAT	True	6	True	I15_B000808_B008541_S207.mm10-plus-6-0	exact_library_id_plus_documented_alignment_suffix	I15_B000808_B008541_S207.mm10-plus-6-0-1	one_assay_suffix	18m	1	nan	CD8-positive, alpha-beta T cell	nan	nan	facs	18_47_F	361305.0	1308.0	female	Fat	SCAT	nan	4	9
I15_B001369_B009009_S207			18	I15_B001369_B009009_S207	18_47_F	Thymus	False	1	False	I15_B001369_B009009_S207.mm10-plus-7-0	exact_library_id_plus_documented_alignment_suffix	I15_B001369_B009009_S207.mm10-plus-7-0-1	one_assay_suffix	18m	1	nan	DN4 thymocyte	nan	DN4 thymocyte	facs	18_47_F	330550.0	2533.0	female	Thymus Flowthrough	Thymus	nan	6	5
I15_B002459_B007461_S207			18	I15_B002459_B007461_S207	18_46_F	Marrow	False	1	False	I15_B002459_B007461_S207.mm10-plus-8-0	exact_library_id_plus_documented_alignment_suffix	I15_B002459_B007461_S207.mm10-plus-8-0-1	one_assay_suffix	18m	1	nan	mature alpha-beta T cell	nan	BM CD8 + CD4 T cell	facs	18_46_F	1093735.0	2869.0	female	T cells	Marrow	nan	4	9
I15_B003007_B009008_S207			18	I15_B003007_B009008_S207	18_46_F	Thymus	False	1	False	I15_B003007_B009008_S207.mm10-plus-7-0	exact_library_id_plus_documented_alignment_suffix	I15_B003007_B009008_S207.mm10-plus-7-0-1	one_assay_suffix	18m	1	nan	DN4 thymocyte	nan	DN4 thymocyte	facs	18_46_F	1447183.0	2735.0	female	Thymus Flowthrough	Thymus	nan	4	21
I15_B003017_B009010_S207			18	I15_B003017_B009010_S207	18_45_M	Thymus	False	1	False	I15_B003017_B009010_S207.mm10-plus-7-0	exact_library_id_plus_documented_alignment_suffix	I15_B003017_B009010_S207.mm10-plus-7-0-1	one_assay_suffix	18m	1	nan	thymocyte	nan	DN to DP transition (most are Cd8+/ Cd4+, some undergoing VDJ recombination)	facs	18_45_M	1066583.0	893.0	male	Thymus Flowthrough	Thymus	nan	21	23
I15_D045405_B009854_S207			18	I15_D045405_B009854_S207	18_45_M	Marrow	False	1	False	I15_D045405_B009854_S207.mm10-plus-6-0	exact_library_id_plus_documented_alignment_suffix	I15_D045405_B009854_S207.mm10-plus-6-0-1	one_assay_suffix	18m	1	nan	CD4-positive, alpha-beta T cell	nan	BM CD4 T cell	facs	18_45_M	269229.0	1138.0	male	T cells	Marrow	nan	4	21
I16_B000236_B009007_S208			18	I16_B000236_B009007_S208	18_53_M	Thymus	False	1	False	I16_B000236_B009007_S208.mm10-plus-8-0	exact_library_id_plus_documented_alignment_suffix	I16_B000236_B009007_S208.mm10-plus-8-0-1	one_assay_suffix	18m	1	nan	thymocyte	nan	DN to DP transition (most are Cd8+/ Cd4+, some undergoing VDJ recombination)	facs	18_53_M	405147.0	1127.0	male	Thymus Flowthrough	Thymus	nan	21	23
I16_B000806_B008540_S208	28.0	5.0	18	I16_B000806_B008540_S208	18_46_F	MAT	True	5	True	I16_B000806_B008540_S208.mm10-plus-6-0	exact_library_id_plus_documented_alignment_suffix	I16_B000806_B008540_S208.mm10-plus-6-0-1	one_assay_suffix	18m	1	nan	CD8-positive, alpha-beta T cell	nan	nan	facs	18_46_F	637882.0	1807.0	female	Fat	MAT	nan	4	9
I16_B000814_B008548_S208			18	I16_B000814_B008548_S208	18_46_F	GAT	False	1	False	I16_B000814_B008548_S208.mm10-plus-6-0	exact_library_id_plus_documented_alignment_suffix	I16_B000814_B008548_S208.mm10-plus-6-0-1	one_assay_suffix	18m	1	nan	CD8-positive, alpha-beta T cell	nan	nan	facs	18_46_F	672241.0	1895.0	female	Fat	GAT	nan	6	5
I16_B001372_B006663_S208			18	I16_B001372_B006663_S208	18_46_F	Brain_Non-Myeloid	False	1	False	I16_B001372_B006663_S208.mm10-plus-5-0	exact_library_id_plus_documented_alignment_suffix	I16_B001372_B006663_S208.mm10-plus-5-0-1	one_assay_suffix	18m	1	nan	CD8-positive, alpha-beta T cell	nan	nan	facs	18_46_F	3287819.0	2107.0	female	Hippocampus 	Brain_Non-Myeloid	nan	4	9
I16_B002452_B009020_S208			18	I16_B002452_B009020_S208	18_47_F	Spleen	False	1	False	I16_B002452_B009020_S208.mm10-plus-0-0	exact_library_id_plus_documented_alignment_suffix	I16_B002452_B009020_S208.mm10-plus-0-0-1	one_assay_suffix	18m	1	nan	CD8-positive, alpha-beta T cell	nan	nan	facs	18_47_F	855483.0	2957.0	female	nan	Spleen	nan	4	9
I16_B002828_B007462_S208			18	I16_B002828_B007462_S208	18_47_F	Marrow	False	1	False	I16_B002828_B007462_S208.mm10-plus-6-0	exact_library_id_plus_documented_alignment_suffix	I16_B002828_B007462_S208.mm10-plus-6-0-1	one_assay_suffix	18m	1	nan	naive B cell	nan	naïve B cell	facs	18_47_F	866336.0	2976.0	female	T cells	Marrow	nan	4	9
I16_B003007_B009008_S208			18	I16_B003007_B009008_S208	18_46_F	Thymus	False	1	False	I16_B003007_B009008_S208.mm10-plus-7-0	exact_library_id_plus_documented_alignment_suffix	I16_B003007_B009008_S208.mm10-plus-7-0-1	one_assay_suffix	18m	1	nan	DN4 thymocyte	nan	DN4 thymocyte	facs	18_46_F	1382322.0	2004.0	female	Thymus Flowthrough	Thymus	nan	6	5
I16_B003017_B009010_S208			18	I16_B003017_B009010_S208	18_45_M	Thymus	False	1	False	I16_B003017_B009010_S208.mm10-plus-7-0	exact_library_id_plus_documented_alignment_suffix	I16_B003017_B009010_S208.mm10-plus-7-0-1	one_assay_suffix	18m	1	nan	thymocyte	nan	DN to DP transition (most are Cd8+/ Cd4+, some undergoing VDJ recombination)	facs	18_45_M	1147437.0	979.0	male	Thymus Flowthrough	Thymus	nan	21	23
I17_B000236_B009007_S209			18	I17_B000236_B009007_S209	18_53_M	Thymus	False	1	False	I17_B000236_B009007_S209.mm10-plus-8-0	exact_library_id_plus_documented_alignment_suffix	I17_B000236_B009007_S209.mm10-plus-8-0-1	one_assay_suffix	18m	1	nan	thymocyte	nan	DN to DP transition (most are Cd8+/ Cd4+, some undergoing VDJ recombination)	facs	18_53_M	518125.0	1468.0	male	Thymus Flowthrough	Thymus	nan	21	23
I17_B001360_B009953_S209	51.0	8.0	18	I17_B001360_B009953_S209	18_46_F	Heart	True	8	True	I17_B001360_B009953_S209.mm10-plus-6-0	exact_library_id_plus_documented_alignment_suffix	I17_B001360_B009953_S209.mm10-plus-6-0-1	one_assay_suffix	18m	1	nan	monocyte	nan	monocyte	facs	18_46_F	415910.0	7593.0	female	RA	Heart	nan	17	15
I17_B001369_B009009_S209			18	I17_B001369_B009009_S209	18_47_F	Thymus	False	1	False	I17_B001369_B009009_S209.mm10-plus-7-0	exact_library_id_plus_documented_alignment_suffix	I17_B001369_B009009_S209.mm10-plus-7-0-1	one_assay_suffix	18m	1	nan	DN4 thymocyte	nan	DN4 thymocyte	facs	18_47_F	535957.0	2211.0	female	Thymus Flowthrough	Thymus	nan	6	5
I17_B003007_B009008_S209	122.0	5.0	18	I17_B003007_B009008_S209	18_46_F	Thymus	True	1	False	I17_B003007_B009008_S209.mm10-plus-7-0	exact_library_id_plus_documented_alignment_suffix	I17_B003007_B009008_S209.mm10-plus-7-0-1	one_assay_suffix	18m	1	nan	DN4 thymocyte	nan	DN4 thymocyte	facs	18_46_F	379169.0	2223.0	female	Thymus Flowthrough	Thymus	nan	4	21
I17_B003017_B009010_S209			18	I17_B003017_B009010_S209	18_45_M	Thymus	False	1	False	I17_B003017_B009010_S209.mm10-plus-7-0	exact_library_id_plus_documented_alignment_suffix	I17_B003017_B009010_S209.mm10-plus-7-0-1	one_assay_suffix	18m	1	nan	thymocyte	nan	DN to DP transition (most are Cd8+/ Cd4+, some undergoing VDJ recombination)	facs	18_45_M	1015472.0	1080.0	male	Thymus Flowthrough	Thymus	nan	21	23
I18_B000120_B007345_S210	124.0	2.0	18	I18_B000120_B007345_S210	18_47_F	Trachea	True	2	True	I18_B000120_B007345_S210.mm10-plus-7-0	exact_library_id_plus_documented_alignment_suffix	I18_B000120_B007345_S210.mm10-plus-7-0-1	one_assay_suffix	18m	1	nan	T cell	nan	nan	facs	18_47_F	805403.0	1757.0	female	nan	Trachea	nan	4	21
I18_B000236_B009007_S210			18	I18_B000236_B009007_S210	18_53_M	Thymus	False	1	False	I18_B000236_B009007_S210.mm10-plus-8-0	exact_library_id_plus_documented_alignment_suffix	I18_B000236_B009007_S210.mm10-plus-8-0-1	one_assay_suffix	18m	1	nan	thymocyte	nan	DN to DP transition (most are Cd8+/ Cd4+, some undergoing VDJ recombination)	facs	18_53_M	467742.0	1232.0	male	Thymus Flowthrough	Thymus	nan	21	23
I18_B001360_B009953_S210	51.0	8.0	18	I18_B001360_B009953_S210	18_46_F	Heart	True	8	True	I18_B001360_B009953_S210.mm10-plus-6-0	exact_library_id_plus_documented_alignment_suffix	I18_B001360_B009953_S210.mm10-plus-6-0-1	one_assay_suffix	18m	1	nan	monocyte	nan	monocyte	facs	18_46_F	1836052.0	6686.0	female	RA	Heart	nan	3	12
I18_B001369_B009009_S210			18	I18_B001369_B009009_S210	18_47_F	Thymus	False	1	False	I18_B001369_B009009_S210.mm10-plus-7-0	exact_library_id_plus_documented_alignment_suffix	I18_B001369_B009009_S210.mm10-plus-7-0-1	one_assay_suffix	18m	1	nan	DN4 thymocyte	nan	DN4 thymocyte	facs	18_47_F	1363506.0	2546.0	female	Thymus Flowthrough	Thymus	nan	6	5
I18_B002452_B009020_S210			18	I18_B002452_B009020_S210	18_47_F	Spleen	False	1	False	I18_B002452_B009020_S210.mm10-plus-0-0	exact_library_id_plus_documented_alignment_suffix	I18_B002452_B009020_S210.mm10-plus-0-0-1	one_assay_suffix	18m	1	nan	CD4-positive, alpha-beta T cell	nan	Cd3e T cell	facs	18_47_F	217242.0	2587.0	female	nan	Spleen	nan	4	21
I18_B002459_B007461_S210	103.0	3.0	18	I18_B002459_B007461_S210	18_46_F	Marrow	True	3	True	I18_B002459_B007461_S210.mm10-plus-8-0	exact_library_id_plus_documented_alignment_suffix	I18_B002459_B007461_S210.mm10-plus-8-0-1	one_assay_suffix	18m	1	nan	mature alpha-beta T cell	nan	BM CD8 + CD4 T cell	facs	18_46_F	632965.0	2614.0	female	T cells	Marrow	nan	4	9
I18_B002673_B007460_S210			18	I18_B002673_B007460_S210	18_53_M	Marrow	False	1	False	I18_B002673_B007460_S210.mm10-plus-7-0	exact_library_id_plus_documented_alignment_suffix	I18_B002673_B007460_S210.mm10-plus-7-0-1	one_assay_suffix	18m	1	nan	NK cell	nan	Klrb1a/b/c(-) NK cell	facs	18_53_M	851448.0	2180.0	male	T cells	Marrow	nan	43	8
I18_B003017_B009010_S210			18	I18_B003017_B009010_S210	18_45_M	Thymus	False	1	False	I18_B003017_B009010_S210.mm10-plus-7-0	exact_library_id_plus_documented_alignment_suffix	I18_B003017_B009010_S210.mm10-plus-7-0-1	one_assay_suffix	18m	1	nan	thymocyte	nan	DN to DP transition (most are Cd8+/ Cd4+, some undergoing VDJ recombination)	facs	18_45_M	845075.0	1097.0	male	Thymus Flowthrough	Thymus	nan	21	23
I19_B000236_B009007_S211			18	I19_B000236_B009007_S211	18_53_M	Thymus	False	1	False	I19_B000236_B009007_S211.mm10-plus-8-0	exact_library_id_plus_documented_alignment_suffix	I19_B000236_B009007_S211.mm10-plus-8-0-1	one_assay_suffix	18m	1	nan	DN4 thymocyte	nan	DN4 thymocyte	facs	18_53_M	964885.0	1473.0	male	Thymus Flowthrough	Thymus	nan	6	23
I19_B001360_B009953_S211	51.0	8.0	18	I19_B001360_B009953_S211	18_46_F	Heart	True	8	True	I19_B001360_B009953_S211.mm10-plus-6-0	exact_library_id_plus_documented_alignment_suffix	I19_B001360_B009953_S211.mm10-plus-6-0-1	one_assay_suffix	18m	1	nan	atrial myocyte	nan	atrial cardiomyocyte	facs	18_46_F	164202.0	4382.0	female	RA	Heart	nan	50	55
I19_B002459_B007461_S211			18	I19_B002459_B007461_S211	18_46_F	Marrow	False	1	False	I19_B002459_B007461_S211.mm10-plus-8-0	exact_library_id_plus_documented_alignment_suffix	I19_B002459_B007461_S211.mm10-plus-8-0-1	one_assay_suffix	18m	1	nan	mature alpha-beta T cell	nan	BM CD8 + CD4 T cell	facs	18_46_F	1230600.0	3626.0	female	T cells	Marrow	nan	4	48
I19_B003007_B009008_S211			18	I19_B003007_B009008_S211	18_46_F	Thymus	False	1	False	I19_B003007_B009008_S211.mm10-plus-7-0	exact_library_id_plus_documented_alignment_suffix	I19_B003007_B009008_S211.mm10-plus-7-0-1	one_assay_suffix	18m	1	nan	DN4 thymocyte	nan	DN4 thymocyte	facs	18_46_F	1384934.0	1734.0	female	Thymus Flowthrough	Thymus	nan	6	5
I19_B003017_B009010_S211			18	I19_B003017_B009010_S211	18_45_M	Thymus	False	1	False	I19_B003017_B009010_S211.mm10-plus-7-0	exact_library_id_plus_documented_alignment_suffix	I19_B003017_B009010_S211.mm10-plus-7-0-1	one_assay_suffix	18m	1	nan	thymocyte	nan	DN to DP transition (most are Cd8+/ Cd4+, some undergoing VDJ recombination)	facs	18_45_M	1173942.0	957.0	male	Thymus Flowthrough	Thymus	nan	21	23
I19_D045367_B009017_S211	54.0	2.0	18	I19_D045367_B009017_S211	18_45_M	Thymus	True	1	False	I19_D045367_B009017_S211.mm10-plus-8-0	exact_library_id_plus_documented_alignment_suffix	I19_D045367_B009017_S211.mm10-plus-8-0-1	one_assay_suffix	18m	1	nan	thymocyte	nan	proliferating thymocyte; DN to DP transition, dividing (some are Cd8+/ Cd4+, some undergoing VDJ recombination)	facs	18_45_M	6768285.0	3509.0	male	Thymus Epithelium	Thymus	nan	21	23
I1_B000120_B007345_S193			18	I1_B000120_B007345_S193	18_47_F	Trachea	False	1	False	I1_B000120_B007345_S193.mm10-plus-7-0	exact_library_id_plus_documented_alignment_suffix	I1_B000120_B007345_S193.mm10-plus-7-0-1	one_assay_suffix	18m	1	nan	T cell	nan	nan	facs	18_47_F	1147715.0	1748.0	female	nan	Trachea	nan	4	21
I1_B000236_B009007_S193			18	I1_B000236_B009007_S193	18_53_M	Thymus	False	1	False	I1_B000236_B009007_S193.mm10-plus-8-0	exact_library_id_plus_documented_alignment_suffix	I1_B000236_B009007_S193.mm10-plus-8-0-1	one_assay_suffix	18m	1	nan	DN4 thymocyte	nan	DN4 thymocyte	facs	18_53_M	245837.0	1435.0	male	Thymus Flowthrough	Thymus	nan	6	5
I1_B001369_B009009_S193			18	I1_B001369_B009009_S193	18_47_F	Thymus	False	1	False	I1_B001369_B009009_S193.mm10-plus-7-0	exact_library_id_plus_documented_alignment_suffix	I1_B001369_B009009_S193.mm10-plus-7-0-1	one_assay_suffix	18m	1	nan	DN4 thymocyte	nan	DN4 thymocyte	facs	18_47_F	1391732.0	3384.0	female	Thymus Flowthrough	Thymus	nan	6	5
I1_B002709_B009018_S193			18	I1_B002709_B009018_S193	18_53_M	Spleen	False	1	False	I1_B002709_B009018_S193.mm10-plus-7-0	exact_library_id_plus_documented_alignment_suffix	I1_B002709_B009018_S193.mm10-plus-7-0-1	one_assay_suffix	18m	1	nan	CD8-positive, alpha-beta T cell	nan	Cd3e T cell	facs	18_53_M	697173.0	1499.0	male	nan	Spleen	nan	6	5
I1_B002828_B007462_S193	20.0	3.0	18	I1_B002828_B007462_S193	18_47_F	Marrow	True	3	True	I1_B002828_B007462_S193.mm10-plus-6-0	exact_library_id_plus_documented_alignment_suffix	I1_B002828_B007462_S193.mm10-plus-6-0-1	one_assay_suffix	18m	1	nan	naive B cell	nan	naïve B cell	facs	18_47_F	784563.0	2457.0	female	T cells	Marrow	nan	4	9
I1_B003007_B009008_S193			18	I1_B003007_B009008_S193	18_46_F	Thymus	False	1	False	I1_B003007_B009008_S193.mm10-plus-7-0	exact_library_id_plus_documented_alignment_suffix	I1_B003007_B009008_S193.mm10-plus-7-0-1	one_assay_suffix	18m	1	nan	DN4 thymocyte	nan	DN4 thymocyte	facs	18_46_F	1031541.0	1458.0	female	Thymus Flowthrough	Thymus	nan	6	5
I1_B003017_B009010_S193			18	I1_B003017_B009010_S193	18_45_M	Thymus	False	1	False	I1_B003017_B009010_S193.mm10-plus-7-0	exact_library_id_plus_documented_alignment_suffix	I1_B003017_B009010_S193.mm10-plus-7-0-1	one_assay_suffix	18m	1	nan	thymocyte	nan	DN to DP transition (most are Cd8+/ Cd4+, some undergoing VDJ recombination)	facs	18_45_M	1282331.0	1279.0	male	Thymus Flowthrough	Thymus	nan	21	23
I20_B000171_B009952_S212			18	I20_B000171_B009952_S212	18_53_M	Heart	False	1	False	I20_B000171_B009952_S212.mm10-plus-8-0	exact_library_id_plus_documented_alignment_suffix	I20_B000171_B009952_S212.mm10-plus-8-0-1	one_assay_suffix	18m	1	nan	T cell	nan	T cell	facs	18_53_M	4275194.0	3053.0	male	RA	Heart	nan	4	9
I20_B000236_B009007_S212			18	I20_B000236_B009007_S212	18_53_M	Thymus	False	1	False	I20_B000236_B009007_S212.mm10-plus-8-0	exact_library_id_plus_documented_alignment_suffix	I20_B000236_B009007_S212.mm10-plus-8-0-1	one_assay_suffix	18m	1	nan	thymocyte	nan	DN to DP transition (most are Cd8+/ Cd4+, some undergoing VDJ recombination)	facs	18_53_M	1055318.0	1616.0	male	Thymus Flowthrough	Thymus	nan	21	23
I20_B001369_B009009_S212			18	I20_B001369_B009009_S212	18_47_F	Thymus	False	1	False	I20_B001369_B009009_S212.mm10-plus-7-0	exact_library_id_plus_documented_alignment_suffix	I20_B001369_B009009_S212.mm10-plus-7-0-1	one_assay_suffix	18m	1	nan	DN4 thymocyte	nan	DN4 thymocyte	facs	18_47_F	846263.0	2132.0	female	Thymus Flowthrough	Thymus	nan	6	5
I20_B002466_B009898_S212			18	I20_B002466_B009898_S212	18_45_M	Lung	False	1	False	I20_B002466_B009898_S212.mm10-plus-4-0	exact_library_id_plus_documented_alignment_suffix	I20_B002466_B009898_S212.mm10-plus-4-0-1	one_assay_suffix	18m	1	nan	regulatory T cell	nan	Regulatory T	facs	18_45_M	484949.0	1139.0	male	EPCAM	Lung	nan	4	21
I20_B003017_B009010_S212			18	I20_B003017_B009010_S212	18_45_M	Thymus	False	1	False	I20_B003017_B009010_S212.mm10-plus-7-0	exact_library_id_plus_documented_alignment_suffix	I20_B003017_B009010_S212.mm10-plus-7-0-1	one_assay_suffix	18m	1	nan	thymocyte	nan	DN to DP transition (most are Cd8+/ Cd4+, some undergoing VDJ recombination)	facs	18_45_M	1424537.0	1126.0	male	Thymus Flowthrough	Thymus	nan	21	23
I21_B000236_B009007_S213			18	I21_B000236_B009007_S213	18_53_M	Thymus	False	1	False	I21_B000236_B009007_S213.mm10-plus-8-0	exact_library_id_plus_documented_alignment_suffix	I21_B000236_B009007_S213.mm10-plus-8-0-1	one_assay_suffix	18m	1	nan	thymocyte	nan	DN to DP transition (most are Cd8+/ Cd4+, some undergoing VDJ recombination)	facs	18_53_M	680068.0	1269.0	male	Thymus Flowthrough	Thymus	nan	21	23
I21_B001247_B009941_S213	47.0	9.0	18	I21_B001247_B009941_S213	18_46_F	Liver	True	8	True	I21_B001247_B009941_S213.mm10-plus-4-0	exact_library_id_plus_documented_alignment_suffix	I21_B001247_B009941_S213.mm10-plus-4-0-1	one_assay_suffix	18m	1	nan	B cell	nan	B cell	facs	18_46_F	1256055.0	3864.0	female	Liver non-hepato/SCs_st	Liver	nan	0	0
I21_B001369_B009009_S213			18	I21_B001369_B009009_S213	18_47_F	Thymus	False	1	False	I21_B001369_B009009_S213.mm10-plus-7-0	exact_library_id_plus_documented_alignment_suffix	I21_B001369_B009009_S213.mm10-plus-7-0-1	one_assay_suffix	18m	1	nan	DN4 thymocyte	nan	DN4 thymocyte	facs	18_47_F	1422559.0	2411.0	female	Thymus Flowthrough	Thymus	nan	6	5
I21_B002709_B009018_S213			18	I21_B002709_B009018_S213	18_53_M	Spleen	False	1	False	I21_B002709_B009018_S213.mm10-plus-7-0	exact_library_id_plus_documented_alignment_suffix	I21_B002709_B009018_S213.mm10-plus-7-0-1	one_assay_suffix	18m	1	nan	CD4-positive, alpha-beta T cell	nan	Cd3e T cell	facs	18_53_M	915648.0	1288.0	male	nan	Spleen	nan	4	21
I21_B002828_B007462_S213	63.0	3.0	18	I21_B002828_B007462_S213	18_47_F	Marrow	True	2	True	I21_B002828_B007462_S213.mm10-plus-6-0	exact_library_id_plus_documented_alignment_suffix	I21_B002828_B007462_S213.mm10-plus-6-0-1	one_assay_suffix	18m	1	nan	naive B cell	nan	naïve B cell	facs	18_47_F	1463150.0	2420.0	female	T cells	Marrow	nan	4	9
I21_B003017_B009010_S213			18	I21_B003017_B009010_S213	18_45_M	Thymus	False	1	False	I21_B003017_B009010_S213.mm10-plus-7-0	exact_library_id_plus_documented_alignment_suffix	I21_B003017_B009010_S213.mm10-plus-7-0-1	one_assay_suffix	18m	1	nan	thymocyte	nan	DN to DP transition (most are Cd8+/ Cd4+, some undergoing VDJ recombination)	facs	18_45_M	1147226.0	1018.0	male	Thymus Flowthrough	Thymus	nan	21	23
I22_B000236_B009007_S214			18	I22_B000236_B009007_S214	18_53_M	Thymus	False	1	False	I22_B000236_B009007_S214.mm10-plus-8-0	exact_library_id_plus_documented_alignment_suffix	I22_B000236_B009007_S214.mm10-plus-8-0-1	one_assay_suffix	18m	1	nan	thymocyte	nan	DN to DP transition (most are Cd8+/ Cd4+, some undergoing VDJ recombination)	facs	18_53_M	410274.0	974.0	male	Thymus Flowthrough	Thymus	nan	21	23
I22_B001247_B009941_S214	47.0	9.0	18	I22_B001247_B009941_S214	18_46_F	Liver	True	8	True	I22_B001247_B009941_S214.mm10-plus-4-0	exact_library_id_plus_documented_alignment_suffix	I22_B001247_B009941_S214.mm10-plus-4-0-1	one_assay_suffix	18m	1	nan	CD8-positive, alpha-beta T cell	nan	nan	facs	18_46_F	1949151.0	2843.0	female	Liver non-hepato/SCs_st	Liver	nan	4	9
I22_B001369_B009009_S214			18	I22_B001369_B009009_S214	18_47_F	Thymus	False	1	False	I22_B001369_B009009_S214.mm10-plus-7-0	exact_library_id_plus_documented_alignment_suffix	I22_B001369_B009009_S214.mm10-plus-7-0-1	one_assay_suffix	18m	1	nan	DN4 thymocyte	nan	DN4 thymocyte	facs	18_47_F	1323109.0	2391.0	female	Thymus Flowthrough	Thymus	nan	6	5
I22_B002709_B009018_S214			18	I22_B002709_B009018_S214	18_53_M	Spleen	False	1	False	I22_B002709_B009018_S214.mm10-plus-7-0	exact_library_id_plus_documented_alignment_suffix	I22_B002709_B009018_S214.mm10-plus-7-0-1	one_assay_suffix	18m	1	nan	CD4-positive, alpha-beta T cell	nan	Cd3e T cell	facs	18_53_M	1543495.0	1994.0	male	nan	Spleen	nan	4	21
I22_B003017_B009010_S214			18	I22_B003017_B009010_S214	18_45_M	Thymus	False	1	False	I22_B003017_B009010_S214.mm10-plus-7-0	exact_library_id_plus_documented_alignment_suffix	I22_B003017_B009010_S214.mm10-plus-7-0-1	one_assay_suffix	18m	1	nan	thymocyte	nan	DN to DP transition (most are Cd8+/ Cd4+, some undergoing VDJ recombination)	facs	18_45_M	1093690.0	1132.0	male	Thymus Flowthrough	Thymus	nan	6	23
I22_D045405_B009854_S214			18	I22_D045405_B009854_S214	18_45_M	Marrow	False	1	False	I22_D045405_B009854_S214.mm10-plus-6-0	exact_library_id_plus_documented_alignment_suffix	I22_D045405_B009854_S214.mm10-plus-6-0-1	one_assay_suffix	18m	1	nan	mature alpha-beta T cell	nan	BM CD8 + CD4 T cell	facs	18_45_M	977655.0	1360.0	male	T cells	Marrow	nan	4	9
I2_B000236_B009007_S194			18	I2_B000236_B009007_S194	18_53_M	Thymus	False	1	False	I2_B000236_B009007_S194.mm10-plus-8-0	exact_library_id_plus_documented_alignment_suffix	I2_B000236_B009007_S194.mm10-plus-8-0-1	one_assay_suffix	18m	1	nan	DN4 thymocyte	nan	DN4 thymocyte	facs	18_53_M	229359.0	1472.0	male	Thymus Flowthrough	Thymus	nan	6	5
I2_B001369_B009009_S194			18	I2_B001369_B009009_S194	18_47_F	Thymus	False	1	False	I2_B001369_B009009_S194.mm10-plus-7-0	exact_library_id_plus_documented_alignment_suffix	I2_B001369_B009009_S194.mm10-plus-7-0-1	one_assay_suffix	18m	1	nan	DN4 thymocyte	nan	DN4 thymocyte	facs	18_47_F	797711.0	2100.0	female	Thymus Flowthrough	Thymus	nan	6	5
I2_B002459_B007461_S194			18	I2_B002459_B007461_S194	18_46_F	Marrow	False	1	False	I2_B002459_B007461_S194.mm10-plus-8-0	exact_library_id_plus_documented_alignment_suffix	I2_B002459_B007461_S194.mm10-plus-8-0-1	one_assay_suffix	18m	1	nan	NK cell	nan	NK cell	facs	18_46_F	1103904.0	3433.0	female	T cells	Marrow	nan	40	9
I2_B002466_B009898_S194			18	I2_B002466_B009898_S194	18_45_M	Lung	False	1	False	I2_B002466_B009898_S194.mm10-plus-4-0	exact_library_id_plus_documented_alignment_suffix	I2_B002466_B009898_S194.mm10-plus-4-0-1	one_assay_suffix	18m	1	nan	CD4-positive, alpha-beta T cell	nan	CD4+ T	facs	18_45_M	410661.0	1777.0	male	EPCAM	Lung	nan	4	5
I2_B002828_B007462_S194			18	I2_B002828_B007462_S194	18_47_F	Marrow	False	1	False	I2_B002828_B007462_S194.mm10-plus-6-0	exact_library_id_plus_documented_alignment_suffix	I2_B002828_B007462_S194.mm10-plus-6-0-1	one_assay_suffix	18m	1	nan	CD4-positive, alpha-beta T cell	nan	BM CD4 T cell	facs	18_47_F	564907.0	2209.0	female	T cells	Marrow	nan	4	21
I2_B003007_B009008_S194			18	I2_B003007_B009008_S194	18_46_F	Thymus	False	1	False	I2_B003007_B009008_S194.mm10-plus-7-0	exact_library_id_plus_documented_alignment_suffix	I2_B003007_B009008_S194.mm10-plus-7-0-1	one_assay_suffix	18m	1	nan	DN4 thymocyte	nan	DN4 thymocyte	facs	18_46_F	712151.0	1440.0	female	Thymus Flowthrough	Thymus	nan	4	21
I2_B003017_B009010_S194			18	I2_B003017_B009010_S194	18_45_M	Thymus	False	1	False	I2_B003017_B009010_S194.mm10-plus-7-0	exact_library_id_plus_documented_alignment_suffix	I2_B003017_B009010_S194.mm10-plus-7-0-1	one_assay_suffix	18m	1	nan	thymocyte	nan	DN to DP transition (most are Cd8+/ Cd4+, some undergoing VDJ recombination)	facs	18_45_M	477319.0	880.0	male	Thymus Flowthrough	Thymus	nan	21	23
I3_B000172_B009958_S195	29.0	7.0	18	I3_B000172_B009958_S195	18_53_M	Heart	True	7	True	I3_B000172_B009958_S195.mm10-plus-6-0	exact_library_id_plus_documented_alignment_suffix	I3_B000172_B009958_S195.mm10-plus-6-0-1	one_assay_suffix	18m	1	nan	T cell	nan	T cell	facs	18_53_M	73473.0	1659.0	male	LA	Heart	nan	4	21
I3_B000236_B009007_S195			18	I3_B000236_B009007_S195	18_53_M	Thymus	False	1	False	I3_B000236_B009007_S195.mm10-plus-8-0	exact_library_id_plus_documented_alignment_suffix	I3_B000236_B009007_S195.mm10-plus-8-0-1	one_assay_suffix	18m	1	nan	DN4 thymocyte	nan	DN4 thymocyte	facs	18_53_M	178246.0	1425.0	male	Thymus Flowthrough	Thymus	nan	6	5
I3_B001247_B009941_S195	79.0	2.0	18	I3_B001247_B009941_S195	18_46_F	Liver	True	1	False	I3_B001247_B009941_S195.mm10-plus-4-0	exact_library_id_plus_documented_alignment_suffix	I3_B001247_B009941_S195.mm10-plus-4-0-1	one_assay_suffix	18m	1	nan	T cell	nan	nan	facs	18_46_F	1238457.0	1646.0	female	Liver non-hepato/SCs_st	Liver	nan	4	9
I3_B001369_B009009_S195			18	I3_B001369_B009009_S195	18_47_F	Thymus	False	1	False	I3_B001369_B009009_S195.mm10-plus-7-0	exact_library_id_plus_documented_alignment_suffix	I3_B001369_B009009_S195.mm10-plus-7-0-1	one_assay_suffix	18m	1	nan	DN4 thymocyte	nan	DN4 thymocyte	facs	18_47_F	467970.0	2246.0	female	Thymus Flowthrough	Thymus	nan	6	5
I3_B003007_B009008_S195			18	I3_B003007_B009008_S195	18_46_F	Thymus	False	1	False	I3_B003007_B009008_S195.mm10-plus-7-0	exact_library_id_plus_documented_alignment_suffix	I3_B003007_B009008_S195.mm10-plus-7-0-1	one_assay_suffix	18m	1	nan	DN4 thymocyte	nan	DN4 thymocyte	facs	18_46_F	701190.0	1508.0	female	Thymus Flowthrough	Thymus	nan	6	5
I3_D045342_B009019_S195			18	I3_D045342_B009019_S195	18_45_M	Spleen	False	1	False	I3_D045342_B009019_S195.mm10-plus-0-0	exact_library_id_plus_documented_alignment_suffix	I3_D045342_B009019_S195.mm10-plus-0-0-1	one_assay_suffix	18m	1	nan	CD8-positive, alpha-beta T cell	nan	Cd3e T cell	facs	18_45_M	1364798.0	1609.0	male	nan	Spleen	nan	6	5
I4_B000172_B009958_S196	29.0	7.0	18	I4_B000172_B009958_S196	18_53_M	Heart	True	7	True	I4_B000172_B009958_S196.mm10-plus-6-0	exact_library_id_plus_documented_alignment_suffix	I4_B000172_B009958_S196.mm10-plus-6-0-1	one_assay_suffix	18m	1	nan	T cell	nan	T cell	facs	18_53_M	736709.0	2028.0	male	LA	Heart	nan	4	21
I4_B000236_B009007_S196			18	I4_B000236_B009007_S196	18_53_M	Thymus	False	1	False	I4_B000236_B009007_S196.mm10-plus-8-0	exact_library_id_plus_documented_alignment_suffix	I4_B000236_B009007_S196.mm10-plus-8-0-1	one_assay_suffix	18m	1	nan	DN4 thymocyte	nan	DN4 thymocyte	facs	18_53_M	654618.0	2364.0	male	Thymus Flowthrough	Thymus	nan	6	5
I4_B001369_B009009_S196			18	I4_B001369_B009009_S196	18_47_F	Thymus	False	1	False	I4_B001369_B009009_S196.mm10-plus-7-0	exact_library_id_plus_documented_alignment_suffix	I4_B001369_B009009_S196.mm10-plus-7-0-1	one_assay_suffix	18m	1	nan	DN4 thymocyte	nan	DN4 thymocyte	facs	18_47_F	677192.0	2440.0	female	Thymus Flowthrough	Thymus	nan	6	5
I4_B002452_B009020_S196	25.0	4.0	18	I4_B002452_B009020_S196	18_47_F	Spleen	True	2	True	I4_B002452_B009020_S196.mm10-plus-0-0	exact_library_id_plus_documented_alignment_suffix	I4_B002452_B009020_S196.mm10-plus-0-0-1	one_assay_suffix	18m	1	nan	CD4-positive, alpha-beta T cell	nan	Cd3e T cell	facs	18_47_F	684550.0	2705.0	female	nan	Spleen	nan	4	21
I4_B002828_B007462_S196	112.0	2.0	18	I4_B002828_B007462_S196	18_47_F	Marrow	True	2	True	I4_B002828_B007462_S196.mm10-plus-6-0	exact_library_id_plus_documented_alignment_suffix	I4_B002828_B007462_S196.mm10-plus-6-0-1	one_assay_suffix	18m	1	nan	NK cell	nan	Klrb1a/b/c(-) NK cell	facs	18_47_F	713257.0	3692.0	female	T cells	Marrow	nan	9	7
I4_B003007_B009008_S196			18	I4_B003007_B009008_S196	18_46_F	Thymus	False	1	False	I4_B003007_B009008_S196.mm10-plus-7-0	exact_library_id_plus_documented_alignment_suffix	I4_B003007_B009008_S196.mm10-plus-7-0-1	one_assay_suffix	18m	1	nan	DN4 thymocyte	nan	DN4 thymocyte	facs	18_46_F	1629389.0	3148.0	female	Thymus Flowthrough	Thymus	nan	4	21
I4_D045405_B009854_S196	31.0	2.0	18	I4_D045405_B009854_S196	18_45_M	Marrow	True	1	False	I4_D045405_B009854_S196.mm10-plus-6-0	exact_library_id_plus_documented_alignment_suffix	I4_D045405_B009854_S196.mm10-plus-6-0-1	one_assay_suffix	18m	1	nan	mature alpha-beta T cell	nan	BM CD8 + CD4 T cell	facs	18_45_M	1617506.0	1247.0	male	T cells	Marrow	nan	4	9
I5_B000236_B009007_S197			18	I5_B000236_B009007_S197	18_53_M	Thymus	False	1	False	I5_B000236_B009007_S197.mm10-plus-8-0	exact_library_id_plus_documented_alignment_suffix	I5_B000236_B009007_S197.mm10-plus-8-0-1	one_assay_suffix	18m	1	nan	DN4 thymocyte	nan	DN4 thymocyte	facs	18_53_M	94860.0	1709.0	male	Thymus Flowthrough	Thymus	nan	6	5
I5_B000767_B009945_S197			18	I5_B000767_B009945_S197	18_46_F	Liver	False	1	False	I5_B000767_B009945_S197.mm10-plus-4-0	exact_library_id_plus_documented_alignment_suffix	I5_B000767_B009945_S197.mm10-plus-4-0-1	one_assay_suffix	18m	1	nan	CD4-positive, alpha-beta T cell	nan	nan	facs	18_46_F	931540.0	1486.0	female	Liver non-hepato/SCs	Liver	nan	4	21
I5_B001369_B009009_S197			18	I5_B001369_B009009_S197	18_47_F	Thymus	False	1	False	I5_B001369_B009009_S197.mm10-plus-7-0	exact_library_id_plus_documented_alignment_suffix	I5_B001369_B009009_S197.mm10-plus-7-0-1	one_assay_suffix	18m	1	nan	DN4 thymocyte	nan	DN4 thymocyte	facs	18_47_F	1251678.0	2684.0	female	Thymus Flowthrough	Thymus	nan	4	21
I5_B002459_B007461_S197			18	I5_B002459_B007461_S197	18_46_F	Marrow	False	1	False	I5_B002459_B007461_S197.mm10-plus-8-0	exact_library_id_plus_documented_alignment_suffix	I5_B002459_B007461_S197.mm10-plus-8-0-1	one_assay_suffix	18m	1	nan	CD4-positive, alpha-beta T cell	nan	BM CD4 T cell	facs	18_46_F	870889.0	2338.0	female	T cells	Marrow	nan	4	21
I6_B000236_B009007_S198			18	I6_B000236_B009007_S198	18_53_M	Thymus	False	1	False	I6_B000236_B009007_S198.mm10-plus-8-0	exact_library_id_plus_documented_alignment_suffix	I6_B000236_B009007_S198.mm10-plus-8-0-1	one_assay_suffix	18m	1	nan	DN4 thymocyte	nan	DN4 thymocyte	facs	18_53_M	355128.0	1512.0	male	Thymus Flowthrough	Thymus	nan	6	5
I6_B001369_B009009_S198			18	I6_B001369_B009009_S198	18_47_F	Thymus	False	1	False	I6_B001369_B009009_S198.mm10-plus-7-0	exact_library_id_plus_documented_alignment_suffix	I6_B001369_B009009_S198.mm10-plus-7-0-1	one_assay_suffix	18m	1	nan	DN4 thymocyte	nan	DN4 thymocyte	facs	18_47_F	864222.0	1715.0	female	Thymus Flowthrough	Thymus	nan	6	5
I6_B002828_B007462_S198	9.0	9.0	18	I6_B002828_B007462_S198	18_47_F	Marrow	True	8	True	I6_B002828_B007462_S198.mm10-plus-6-0	exact_library_id_plus_documented_alignment_suffix	I6_B002828_B007462_S198.mm10-plus-6-0-1	one_assay_suffix	18m	1	nan	naive B cell	nan	naïve B cell	facs	18_47_F	527623.0	2358.0	female	T cells	Marrow	nan	4	9
I6_B003007_B009008_S198			18	I6_B003007_B009008_S198	18_46_F	Thymus	False	1	False	I6_B003007_B009008_S198.mm10-plus-7-0	exact_library_id_plus_documented_alignment_suffix	I6_B003007_B009008_S198.mm10-plus-7-0-1	one_assay_suffix	18m	1	nan	DN4 thymocyte	nan	DN4 thymocyte	facs	18_46_F	131924.0	1532.0	female	Thymus Flowthrough	Thymus	nan	6	5
I6_B003017_B009010_S198			18	I6_B003017_B009010_S198	18_45_M	Thymus	False	1	False	I6_B003017_B009010_S198.mm10-plus-7-0	exact_library_id_plus_documented_alignment_suffix	I6_B003017_B009010_S198.mm10-plus-7-0-1	one_assay_suffix	18m	1	nan	thymocyte	nan	DN to DP transition (most are Cd8+/ Cd4+, some undergoing VDJ recombination)	facs	18_45_M	912377.0	1051.0	male	Thymus Flowthrough	Thymus	nan	21	23
I6_D045342_B009019_S198			18	I6_D045342_B009019_S198	18_45_M	Spleen	False	1	False	I6_D045342_B009019_S198.mm10-plus-0-0	exact_library_id_plus_documented_alignment_suffix	I6_D045342_B009019_S198.mm10-plus-0-0-1	one_assay_suffix	18m	1	nan	CD4-positive, alpha-beta T cell	nan	Cd3e T cell	facs	18_45_M	1489392.0	1216.0	male	nan	Spleen	nan	6	5
I7_B000236_B009007_S199			18	I7_B000236_B009007_S199	18_53_M	Thymus	False	1	False	I7_B000236_B009007_S199.mm10-plus-8-0	exact_library_id_plus_documented_alignment_suffix	I7_B000236_B009007_S199.mm10-plus-8-0-1	one_assay_suffix	18m	1	nan	DN4 thymocyte	nan	DN4 thymocyte	facs	18_53_M	414543.0	1486.0	male	Thymus Flowthrough	Thymus	nan	4	9
I7_B001369_B009009_S199			18	I7_B001369_B009009_S199	18_47_F	Thymus	False	1	False	I7_B001369_B009009_S199.mm10-plus-7-0	exact_library_id_plus_documented_alignment_suffix	I7_B001369_B009009_S199.mm10-plus-7-0-1	one_assay_suffix	18m	1	nan	thymocyte	nan	DN to DP transition (most are Cd8+/ Cd4+, some undergoing VDJ recombination)	facs	18_47_F	577698.0	2203.0	female	Thymus Flowthrough	Thymus	nan	21	23
I7_B003007_B009008_S199	30.0	2.0	18	I7_B003007_B009008_S199	18_46_F	Thymus	True	1	False	I7_B003007_B009008_S199.mm10-plus-7-0	exact_library_id_plus_documented_alignment_suffix	I7_B003007_B009008_S199.mm10-plus-7-0-1	one_assay_suffix	18m	1	nan	DN4 thymocyte	nan	DN4 thymocyte	facs	18_46_F	976859.0	1787.0	female	Thymus Flowthrough	Thymus	nan	4	9
I8_B000236_B009007_S200			18	I8_B000236_B009007_S200	18_53_M	Thymus	False	1	False	I8_B000236_B009007_S200.mm10-plus-8-0	exact_library_id_plus_documented_alignment_suffix	I8_B000236_B009007_S200.mm10-plus-8-0-1	one_assay_suffix	18m	1	nan	DN4 thymocyte	nan	DN4 thymocyte	facs	18_53_M	695888.0	1966.0	male	Thymus Flowthrough	Thymus	nan	6	5
I8_B001369_B009009_S200			18	I8_B001369_B009009_S200	18_47_F	Thymus	False	1	False	I8_B001369_B009009_S200.mm10-plus-7-0	exact_library_id_plus_documented_alignment_suffix	I8_B001369_B009009_S200.mm10-plus-7-0-1	one_assay_suffix	18m	1	nan	DN4 thymocyte	nan	DN4 thymocyte	facs	18_47_F	616775.0	2161.0	female	Thymus Flowthrough	Thymus	nan	4	5
I8_B002673_B007460_S200			18	I8_B002673_B007460_S200	18_53_M	Marrow	False	1	False	I8_B002673_B007460_S200.mm10-plus-7-0	exact_library_id_plus_documented_alignment_suffix	I8_B002673_B007460_S200.mm10-plus-7-0-1	one_assay_suffix	18m	1	nan	CD4-positive, alpha-beta T cell	nan	BM CD4 T cell	facs	18_53_M	752706.0	1399.0	male	T cells	Marrow	nan	4	21
I8_B003017_B009010_S200			18	I8_B003017_B009010_S200	18_45_M	Thymus	False	1	False	I8_B003017_B009010_S200.mm10-plus-7-0	exact_library_id_plus_documented_alignment_suffix	I8_B003017_B009010_S200.mm10-plus-7-0-1	one_assay_suffix	18m	1	nan	thymocyte	nan	DN to DP transition (most are Cd8+/ Cd4+, some undergoing VDJ recombination)	facs	18_45_M	1407756.0	1306.0	male	Thymus Flowthrough	Thymus	nan	21	23
I9_B000236_B009007_S201			18	I9_B000236_B009007_S201	18_53_M	Thymus	False	1	False	I9_B000236_B009007_S201.mm10-plus-8-0	exact_library_id_plus_documented_alignment_suffix	I9_B000236_B009007_S201.mm10-plus-8-0-1	one_assay_suffix	18m	1	nan	DN4 thymocyte	nan	DN4 thymocyte	facs	18_53_M	331389.0	1352.0	male	Thymus Flowthrough	Thymus	nan	6	5
I9_B000477_B008543_S201			18	I9_B000477_B008543_S201	18_53_M	MAT	False	1	False	I9_B000477_B008543_S201.mm10-plus-6-0	exact_library_id_plus_documented_alignment_suffix	I9_B000477_B008543_S201.mm10-plus-6-0-1	one_assay_suffix	18m	1	nan	CD4-positive, alpha-beta T cell	nan	nan	facs	18_53_M	145845.0	1620.0	male	Fat	MAT	nan	4	21
I9_B001369_B009009_S201			18	I9_B001369_B009009_S201	18_47_F	Thymus	False	1	False	I9_B001369_B009009_S201.mm10-plus-7-0	exact_library_id_plus_documented_alignment_suffix	I9_B001369_B009009_S201.mm10-plus-7-0-1	one_assay_suffix	18m	1	nan	DN4 thymocyte	nan	DN4 thymocyte	facs	18_47_F	1115694.0	2089.0	female	Thymus Flowthrough	Thymus	nan	4	5
I9_B002459_B007461_S201			18	I9_B002459_B007461_S201	18_46_F	Marrow	False	1	False	I9_B002459_B007461_S201.mm10-plus-8-0	exact_library_id_plus_documented_alignment_suffix	I9_B002459_B007461_S201.mm10-plus-8-0-1	one_assay_suffix	18m	1	nan	mature alpha-beta T cell	nan	BM CD8 + CD4 T cell	facs	18_46_F	669307.0	3895.0	female	T cells	Marrow	nan	4	48
I9_B002828_B007462_S201			18	I9_B002828_B007462_S201	18_47_F	Marrow	False	1	False	I9_B002828_B007462_S201.mm10-plus-6-0	exact_library_id_plus_documented_alignment_suffix	I9_B002828_B007462_S201.mm10-plus-6-0-1	one_assay_suffix	18m	1	nan	naive B cell	nan	naïve B cell	facs	18_47_F	157574.0	1910.0	female	T cells	Marrow	nan	4	9
I9_B003007_B009008_S201	63.0	3.0	18	I9_B003007_B009008_S201	18_46_F	Thymus	True	1	False	I9_B003007_B009008_S201.mm10-plus-7-0	exact_library_id_plus_documented_alignment_suffix	I9_B003007_B009008_S201.mm10-plus-7-0-1	one_assay_suffix	18m	1	nan	DN4 thymocyte	nan	DN4 thymocyte	facs	18_46_F	1602817.0	3098.0	female	Thymus Flowthrough	Thymus	nan	4	9
J10_B000236_B009007_S226			18	J10_B000236_B009007_S226	18_53_M	Thymus	False	1	False	J10_B000236_B009007_S226.mm10-plus-8-0	exact_library_id_plus_documented_alignment_suffix	J10_B000236_B009007_S226.mm10-plus-8-0-1	one_assay_suffix	18m	1	nan	DN4 thymocyte	nan	DN4 thymocyte	facs	18_53_M	488467.0	1360.0	male	Thymus Flowthrough	Thymus	nan	4	21
J10_B001369_B009009_S226			18	J10_B001369_B009009_S226	18_47_F	Thymus	False	1	False	J10_B001369_B009009_S226.mm10-plus-7-0	exact_library_id_plus_documented_alignment_suffix	J10_B001369_B009009_S226.mm10-plus-7-0-1	one_assay_suffix	18m	1	nan	DN4 thymocyte	nan	DN4 thymocyte	facs	18_47_F	1115986.0	2291.0	female	Thymus Flowthrough	Thymus	nan	6	5
J10_B003007_B009008_S226	42.0	7.0	18	J10_B003007_B009008_S226	18_46_F	Thymus	True	1	False	J10_B003007_B009008_S226.mm10-plus-7-0	exact_library_id_plus_documented_alignment_suffix	J10_B003007_B009008_S226.mm10-plus-7-0-1	one_assay_suffix	18m	1	nan	DN4 thymocyte	nan	DN4 thymocyte	facs	18_46_F	1742390.0	2029.0	female	Thymus Flowthrough	Thymus	nan	4	9
J10_B003017_B009010_S226			18	J10_B003017_B009010_S226	18_45_M	Thymus	False	1	False	J10_B003017_B009010_S226.mm10-plus-7-0	exact_library_id_plus_documented_alignment_suffix	J10_B003017_B009010_S226.mm10-plus-7-0-1	one_assay_suffix	18m	1	nan	thymocyte	nan	DN to DP transition (most are Cd8+/ Cd4+, some undergoing VDJ recombination)	facs	18_45_M	551198.0	933.0	male	Thymus Flowthrough	Thymus	nan	21	23
J11_B000236_B009007_S227			18	J11_B000236_B009007_S227	18_53_M	Thymus	False	1	False	J11_B000236_B009007_S227.mm10-plus-8-0	exact_library_id_plus_documented_alignment_suffix	J11_B000236_B009007_S227.mm10-plus-8-0-1	one_assay_suffix	18m	1	nan	DN4 thymocyte	nan	DN4 thymocyte	facs	18_53_M	619233.0	1794.0	male	Thymus Flowthrough	Thymus	nan	4	5
J11_B000263_B007344_S227	91.0	2.0	18	J11_B000263_B007344_S227	18_46_F	Trachea	True	2	True	J11_B000263_B007344_S227.mm10-plus-7-0	exact_library_id_plus_documented_alignment_suffix	J11_B000263_B007344_S227.mm10-plus-7-0-1	one_assay_suffix	18m	1	nan	T cell	nan	nan	facs	18_46_F	3125862.0	1915.0	female	nan	Trachea	nan	4	21
J11_B000788_B008433_S227			18	J11_B000788_B008433_S227	18_46_F	BAT	False	1	False	J11_B000788_B008433_S227.mm10-plus-6-0	exact_library_id_plus_documented_alignment_suffix	J11_B000788_B008433_S227.mm10-plus-6-0-1	one_assay_suffix	18m	1	nan	T cell	nan	nan	facs	18_46_F	1655738.0	1384.0	female	Fat	BAT	nan	4	5
J11_B002709_B009018_S227			18	J11_B002709_B009018_S227	18_53_M	Spleen	False	1	False	J11_B002709_B009018_S227.mm10-plus-7-0	exact_library_id_plus_documented_alignment_suffix	J11_B002709_B009018_S227.mm10-plus-7-0-1	one_assay_suffix	18m	1	nan	CD8-positive, alpha-beta T cell	nan	nan	facs	18_53_M	1630088.0	2236.0	male	nan	Spleen	nan	4	9
J11_B003007_B009008_S227			18	J11_B003007_B009008_S227	18_46_F	Thymus	False	1	False	J11_B003007_B009008_S227.mm10-plus-7-0	exact_library_id_plus_documented_alignment_suffix	J11_B003007_B009008_S227.mm10-plus-7-0-1	one_assay_suffix	18m	1	nan	DN4 thymocyte	nan	DN4 thymocyte	facs	18_46_F	1434366.0	2250.0	female	Thymus Flowthrough	Thymus	nan	4	21
J11_B003017_B009010_S227			18	J11_B003017_B009010_S227	18_45_M	Thymus	False	1	False	J11_B003017_B009010_S227.mm10-plus-7-0	exact_library_id_plus_documented_alignment_suffix	J11_B003017_B009010_S227.mm10-plus-7-0-1	one_assay_suffix	18m	1	nan	thymocyte	nan	DN to DP transition (most are Cd8+/ Cd4+, some undergoing VDJ recombination)	facs	18_45_M	509867.0	919.0	male	Thymus Flowthrough	Thymus	nan	21	23
J12_B000120_B007345_S228			18	J12_B000120_B007345_S228	18_47_F	Trachea	False	1	False	J12_B000120_B007345_S228.mm10-plus-7-0	exact_library_id_plus_documented_alignment_suffix	J12_B000120_B007345_S228.mm10-plus-7-0-1	one_assay_suffix	18m	1	nan	T cell	nan	nan	facs	18_47_F	338701.0	1124.0	female	nan	Trachea	nan	4	21
J12_B000236_B009007_S228			18	J12_B000236_B009007_S228	18_53_M	Thymus	False	1	False	J12_B000236_B009007_S228.mm10-plus-8-0	exact_library_id_plus_documented_alignment_suffix	J12_B000236_B009007_S228.mm10-plus-8-0-1	one_assay_suffix	18m	1	nan	thymocyte	nan	DN to DP transition (most are Cd8+/ Cd4+, some undergoing VDJ recombination)	facs	18_53_M	199038.0	861.0	male	Thymus Flowthrough	Thymus	nan	21	23
J12_B001369_B009009_S228			18	J12_B001369_B009009_S228	18_47_F	Thymus	False	1	False	J12_B001369_B009009_S228.mm10-plus-7-0	exact_library_id_plus_documented_alignment_suffix	J12_B001369_B009009_S228.mm10-plus-7-0-1	one_assay_suffix	18m	1	nan	DN4 thymocyte	nan	DN4 thymocyte	facs	18_47_F	805011.0	2798.0	female	Thymus Flowthrough	Thymus	nan	6	5
J12_B003007_B009008_S228	27.0	3.0	18	J12_B003007_B009008_S228	18_46_F	Thymus	True	1	False	J12_B003007_B009008_S228.mm10-plus-7-0	exact_library_id_plus_documented_alignment_suffix	J12_B003007_B009008_S228.mm10-plus-7-0-1	one_assay_suffix	18m	1	nan	DN4 thymocyte	nan	DN4 thymocyte	facs	18_46_F	1088780.0	1976.0	female	Thymus Flowthrough	Thymus	nan	4	9
J12_B003017_B009010_S228			18	J12_B003017_B009010_S228	18_45_M	Thymus	False	1	False	J12_B003017_B009010_S228.mm10-plus-7-0	exact_library_id_plus_documented_alignment_suffix	J12_B003017_B009010_S228.mm10-plus-7-0-1	one_assay_suffix	18m	1	nan	thymocyte	nan	DN to DP transition (most are Cd8+/ Cd4+, some undergoing VDJ recombination)	facs	18_45_M	1001571.0	983.0	male	Thymus Flowthrough	Thymus	nan	21	23
J12_B003022_B008546_S228			18	J12_B003022_B008546_S228	18_45_M	MAT	False	1	False	J12_B003022_B008546_S228.mm10-plus-7-0	exact_library_id_plus_documented_alignment_suffix	J12_B003022_B008546_S228.mm10-plus-7-0-1	one_assay_suffix	18m	1	nan	macrophage	nan	nan	facs	18_45_M	1805416.0	5730.0	male	Fat	MAT	nan	15	17
J13_B000236_B009007_S229			18	J13_B000236_B009007_S229	18_53_M	Thymus	False	1	False	J13_B000236_B009007_S229.mm10-plus-8-0	exact_library_id_plus_documented_alignment_suffix	J13_B000236_B009007_S229.mm10-plus-8-0-1	one_assay_suffix	18m	1	nan	thymocyte	nan	proliferating thymocyte; DN to DP transition, dividing (some are Cd8+/ Cd4+, some undergoing VDJ recombination)	facs	18_53_M	1171419.0	3108.0	male	Thymus Flowthrough	Thymus	nan	21	23
J13_B000487_B008360_S229			18	J13_B000487_B008360_S229	18_45_M	BAT	False	1	False	J13_B000487_B008360_S229.mm10-plus-7-0	exact_library_id_plus_documented_alignment_suffix	J13_B000487_B008360_S229.mm10-plus-7-0-1	one_assay_suffix	18m	1	nan	T cell	nan	nan	facs	18_45_M	2256673.0	1887.0	male	Fat	BAT	nan	4	5
J13_B000806_B008540_S229			18	J13_B000806_B008540_S229	18_46_F	MAT	False	1	False	J13_B000806_B008540_S229.mm10-plus-6-0	exact_library_id_plus_documented_alignment_suffix	J13_B000806_B008540_S229.mm10-plus-6-0-1	one_assay_suffix	18m	1	nan	CD4-positive, alpha-beta T cell	nan	nan	facs	18_46_F	937713.0	1778.0	female	Fat	MAT	nan	4	5
J13_B001369_B009009_S229			18	J13_B001369_B009009_S229	18_47_F	Thymus	False	1	False	J13_B001369_B009009_S229.mm10-plus-7-0	exact_library_id_plus_documented_alignment_suffix	J13_B001369_B009009_S229.mm10-plus-7-0-1	one_assay_suffix	18m	1	nan	DN4 thymocyte	nan	DN4 thymocyte	facs	18_47_F	1443698.0	1952.0	female	Thymus Flowthrough	Thymus	nan	6	5
J13_B002459_B007461_S229			18	J13_B002459_B007461_S229	18_46_F	Marrow	False	1	False	J13_B002459_B007461_S229.mm10-plus-8-0	exact_library_id_plus_documented_alignment_suffix	J13_B002459_B007461_S229.mm10-plus-8-0-1	one_assay_suffix	18m	1	nan	mature alpha-beta T cell	nan	BM CD8 + CD4 T cell	facs	18_46_F	572914.0	2810.0	female	T cells	Marrow	nan	4	9
J13_B002709_B009018_S229			18	J13_B002709_B009018_S229	18_53_M	Spleen	False	1	False	J13_B002709_B009018_S229.mm10-plus-7-0	exact_library_id_plus_documented_alignment_suffix	J13_B002709_B009018_S229.mm10-plus-7-0-1	one_assay_suffix	18m	1	nan	CD8-positive, alpha-beta T cell	nan	Cd3e T cell	facs	18_53_M	943044.0	1471.0	male	nan	Spleen	nan	6	5
J13_B003007_B009008_S229			18	J13_B003007_B009008_S229	18_46_F	Thymus	False	1	False	J13_B003007_B009008_S229.mm10-plus-7-0	exact_library_id_plus_documented_alignment_suffix	J13_B003007_B009008_S229.mm10-plus-7-0-1	one_assay_suffix	18m	1	nan	DN4 thymocyte	nan	DN4 thymocyte	facs	18_46_F	1348869.0	2178.0	female	Thymus Flowthrough	Thymus	nan	6	5
J13_B003017_B009010_S229			18	J13_B003017_B009010_S229	18_45_M	Thymus	False	1	False	J13_B003017_B009010_S229.mm10-plus-7-0	exact_library_id_plus_documented_alignment_suffix	J13_B003017_B009010_S229.mm10-plus-7-0-1	one_assay_suffix	18m	1	nan	thymocyte	nan	proliferating thymocyte; DN to DP transition, dividing (some are Cd8+/ Cd4+, some undergoing VDJ recombination)	facs	18_45_M	1603024.0	2242.0	male	Thymus Flowthrough	Thymus	nan	21	23
J14_B000236_B009007_S230			18	J14_B000236_B009007_S230	18_53_M	Thymus	False	1	False	J14_B000236_B009007_S230.mm10-plus-8-0	exact_library_id_plus_documented_alignment_suffix	J14_B000236_B009007_S230.mm10-plus-8-0-1	one_assay_suffix	18m	1	nan	thymocyte	nan	DN to DP transition (most are Cd8+/ Cd4+, some undergoing VDJ recombination)	facs	18_53_M	289211.0	963.0	male	Thymus Flowthrough	Thymus	nan	21	23
J14_B001369_B009009_S230			18	J14_B001369_B009009_S230	18_47_F	Thymus	False	1	False	J14_B001369_B009009_S230.mm10-plus-7-0	exact_library_id_plus_documented_alignment_suffix	J14_B001369_B009009_S230.mm10-plus-7-0-1	one_assay_suffix	18m	1	nan	DN4 thymocyte	nan	DN4 thymocyte	facs	18_47_F	980607.0	2008.0	female	Thymus Flowthrough	Thymus	nan	6	5
J15_B000236_B009007_S231			18	J15_B000236_B009007_S231	18_53_M	Thymus	False	1	False	J15_B000236_B009007_S231.mm10-plus-8-0	exact_library_id_plus_documented_alignment_suffix	J15_B000236_B009007_S231.mm10-plus-8-0-1	one_assay_suffix	18m	1	nan	thymocyte	nan	DN to DP transition (most are Cd8+/ Cd4+, some undergoing VDJ recombination)	facs	18_53_M	61107.0	1313.0	male	Thymus Flowthrough	Thymus	nan	21	23
J15_B000808_B008541_S231	7.0	3.0	18	J15_B000808_B008541_S231	18_47_F	SCAT	True	3	True	J15_B000808_B008541_S231.mm10-plus-6-0	exact_library_id_plus_documented_alignment_suffix	J15_B000808_B008541_S231.mm10-plus-6-0-1	one_assay_suffix	18m	1	nan	CD8-positive, alpha-beta T cell	nan	nan	facs	18_47_F	697359.0	2548.0	female	Fat	SCAT	nan	4	9
J15_B001369_B009009_S231			18	J15_B001369_B009009_S231	18_47_F	Thymus	False	1	False	J15_B001369_B009009_S231.mm10-plus-7-0	exact_library_id_plus_documented_alignment_suffix	J15_B001369_B009009_S231.mm10-plus-7-0-1	one_assay_suffix	18m	1	nan	DN4 thymocyte	nan	DN4 thymocyte	facs	18_47_F	505521.0	2411.0	female	Thymus Flowthrough	Thymus	nan	6	5
J15_B002452_B009020_S231			18	J15_B002452_B009020_S231	18_47_F	Spleen	False	1	False	J15_B002452_B009020_S231.mm10-plus-0-0	exact_library_id_plus_documented_alignment_suffix	J15_B002452_B009020_S231.mm10-plus-0-0-1	one_assay_suffix	18m	1	nan	CD4-positive, alpha-beta T cell	nan	Cd3e T cell	facs	18_47_F	797891.0	2367.0	female	nan	Spleen	nan	6	5
J15_B002459_B007461_S231	19.0	10.0	18	J15_B002459_B007461_S231	18_46_F	Marrow	True	9	True	J15_B002459_B007461_S231.mm10-plus-8-0	exact_library_id_plus_documented_alignment_suffix	J15_B002459_B007461_S231.mm10-plus-8-0-1	one_assay_suffix	18m	1	nan	mature alpha-beta T cell	nan	BM CD8 + CD4 T cell	facs	18_46_F	843991.0	3388.0	female	T cells	Marrow	nan	4	48
J15_B003007_B009008_S231			18	J15_B003007_B009008_S231	18_46_F	Thymus	False	1	False	J15_B003007_B009008_S231.mm10-plus-7-0	exact_library_id_plus_documented_alignment_suffix	J15_B003007_B009008_S231.mm10-plus-7-0-1	one_assay_suffix	18m	1	nan	DN4 thymocyte	nan	DN4 thymocyte	facs	18_46_F	1100288.0	2254.0	female	Thymus Flowthrough	Thymus	nan	6	5
J15_B003017_B009010_S231			18	J15_B003017_B009010_S231	18_45_M	Thymus	False	1	False	J15_B003017_B009010_S231.mm10-plus-7-0	exact_library_id_plus_documented_alignment_suffix	J15_B003017_B009010_S231.mm10-plus-7-0-1	one_assay_suffix	18m	1	nan	DN4 thymocyte	nan	DN4 thymocyte	facs	18_45_M	1030739.0	1170.0	male	Thymus Flowthrough	Thymus	nan	6	23
J15_B003022_B008546_S231	126.0	2.0	18	J15_B003022_B008546_S231	18_45_M	MAT	True	1	False	J15_B003022_B008546_S231.mm10-plus-7-0	exact_library_id_plus_documented_alignment_suffix	J15_B003022_B008546_S231.mm10-plus-7-0-1	one_assay_suffix	18m	1	nan	CD8-positive, alpha-beta T cell	nan	nan	facs	18_45_M	1241836.0	2058.0	male	Fat	MAT	nan	6	5
J16_B000171_B009952_S232			18	J16_B000171_B009952_S232	18_53_M	Heart	False	1	False	J16_B000171_B009952_S232.mm10-plus-8-0	exact_library_id_plus_documented_alignment_suffix	J16_B000171_B009952_S232.mm10-plus-8-0-1	one_assay_suffix	18m	1	nan	T cell	nan	T cell	facs	18_53_M	555991.0	2030.0	male	RA	Heart	nan	4	21
J16_B000236_B009007_S232	62.0	2.0	18	J16_B000236_B009007_S232	18_53_M	Thymus	True	2	True	J16_B000236_B009007_S232.mm10-plus-8-0	exact_library_id_plus_documented_alignment_suffix	J16_B000236_B009007_S232.mm10-plus-8-0-1	one_assay_suffix	18m	1	nan	thymocyte	nan	DN to DP transition (most are Cd8+/ Cd4+, some undergoing VDJ recombination)	facs	18_53_M	146401.0	989.0	male	Thymus Flowthrough	Thymus	nan	21	23
J16_B001369_B009009_S232			18	J16_B001369_B009009_S232	18_47_F	Thymus	False	1	False	J16_B001369_B009009_S232.mm10-plus-7-0	exact_library_id_plus_documented_alignment_suffix	J16_B001369_B009009_S232.mm10-plus-7-0-1	one_assay_suffix	18m	1	nan	DN4 thymocyte	nan	DN4 thymocyte	facs	18_47_F	888025.0	2736.0	female	Thymus Flowthrough	Thymus	nan	6	5
J16_B002452_B009020_S232			18	J16_B002452_B009020_S232	18_47_F	Spleen	False	1	False	J16_B002452_B009020_S232.mm10-plus-0-0	exact_library_id_plus_documented_alignment_suffix	J16_B002452_B009020_S232.mm10-plus-0-0-1	one_assay_suffix	18m	1	nan	CD4-positive, alpha-beta T cell	nan	Cd3e T cell	facs	18_47_F	854683.0	2724.0	female	nan	Spleen	nan	4	21
J16_B003017_B009010_S232			18	J16_B003017_B009010_S232	18_45_M	Thymus	False	1	False	J16_B003017_B009010_S232.mm10-plus-7-0	exact_library_id_plus_documented_alignment_suffix	J16_B003017_B009010_S232.mm10-plus-7-0-1	one_assay_suffix	18m	1	nan	thymocyte	nan	DN to DP transition (most are Cd8+/ Cd4+, some undergoing VDJ recombination)	facs	18_45_M	851331.0	777.0	male	Thymus Flowthrough	Thymus	nan	21	23
J17_B000236_B009007_S233			18	J17_B000236_B009007_S233	18_53_M	Thymus	False	1	False	J17_B000236_B009007_S233.mm10-plus-8-0	exact_library_id_plus_documented_alignment_suffix	J17_B000236_B009007_S233.mm10-plus-8-0-1	one_assay_suffix	18m	1	nan	thymocyte	nan	DN to DP transition (most are Cd8+/ Cd4+, some undergoing VDJ recombination)	facs	18_53_M	485974.0	1139.0	male	Thymus Flowthrough	Thymus	nan	21	23
J17_B001369_B009009_S233			18	J17_B001369_B009009_S233	18_47_F	Thymus	False	1	False	J17_B001369_B009009_S233.mm10-plus-7-0	exact_library_id_plus_documented_alignment_suffix	J17_B001369_B009009_S233.mm10-plus-7-0-1	one_assay_suffix	18m	1	nan	DN4 thymocyte	nan	DN4 thymocyte	facs	18_47_F	1674178.0	2258.0	female	Thymus Flowthrough	Thymus	nan	6	5
J17_B002828_B007462_S233	9.0	9.0	18	J17_B002828_B007462_S233	18_47_F	Marrow	True	8	True	J17_B002828_B007462_S233.mm10-plus-6-0	exact_library_id_plus_documented_alignment_suffix	J17_B002828_B007462_S233.mm10-plus-6-0-1	one_assay_suffix	18m	1	nan	mature alpha-beta T cell	nan	BM CD8 + CD4 T cell	facs	18_47_F	1317829.0	2319.0	female	T cells	Marrow	nan	4	9
J17_B003017_B009010_S233			18	J17_B003017_B009010_S233	18_45_M	Thymus	False	1	False	J17_B003017_B009010_S233.mm10-plus-7-0	exact_library_id_plus_documented_alignment_suffix	J17_B003017_B009010_S233.mm10-plus-7-0-1	one_assay_suffix	18m	1	nan	thymocyte	nan	DN to DP transition (most are Cd8+/ Cd4+, some undergoing VDJ recombination)	facs	18_45_M	817453.0	909.0	male	Thymus Flowthrough	Thymus	nan	21	23
J18_B000236_B009007_S234			18	J18_B000236_B009007_S234	18_53_M	Thymus	False	1	False	J18_B000236_B009007_S234.mm10-plus-8-0	exact_library_id_plus_documented_alignment_suffix	J18_B000236_B009007_S234.mm10-plus-8-0-1	one_assay_suffix	18m	1	nan	thymocyte	nan	DN to DP transition (most are Cd8+/ Cd4+, some undergoing VDJ recombination)	facs	18_53_M	579277.0	1217.0	male	Thymus Flowthrough	Thymus	nan	21	23
J18_B001369_B009009_S234			18	J18_B001369_B009009_S234	18_47_F	Thymus	False	1	False	J18_B001369_B009009_S234.mm10-plus-7-0	exact_library_id_plus_documented_alignment_suffix	J18_B001369_B009009_S234.mm10-plus-7-0-1	one_assay_suffix	18m	1	nan	DN4 thymocyte	nan	DN4 thymocyte	facs	18_47_F	1026626.0	2111.0	female	Thymus Flowthrough	Thymus	nan	6	5
J18_B002709_B009018_S234			18	J18_B002709_B009018_S234	18_53_M	Spleen	False	1	False	J18_B002709_B009018_S234.mm10-plus-7-0	exact_library_id_plus_documented_alignment_suffix	J18_B002709_B009018_S234.mm10-plus-7-0-1	one_assay_suffix	18m	1	nan	CD4-positive, alpha-beta T cell	nan	Cd3e T cell	facs	18_53_M	406132.0	1279.0	male	nan	Spleen	nan	4	21
J18_B002828_B007462_S234	93.0	7.0	18	J18_B002828_B007462_S234	18_47_F	Marrow	True	2	True	J18_B002828_B007462_S234.mm10-plus-6-0	exact_library_id_plus_documented_alignment_suffix	J18_B002828_B007462_S234.mm10-plus-6-0-1	one_assay_suffix	18m	1	nan	mature alpha-beta T cell	nan	BM CD8 + CD4 T cell	facs	18_47_F	1173054.0	1920.0	female	T cells	Marrow	nan	4	9
J18_B003007_B009008_S234			18	J18_B003007_B009008_S234	18_46_F	Thymus	False	1	False	J18_B003007_B009008_S234.mm10-plus-7-0	exact_library_id_plus_documented_alignment_suffix	J18_B003007_B009008_S234.mm10-plus-7-0-1	one_assay_suffix	18m	1	nan	DN4 thymocyte	nan	DN4 thymocyte	facs	18_46_F	1220964.0	2356.0	female	Thymus Flowthrough	Thymus	nan	6	5
J18_B003017_B009010_S234			18	J18_B003017_B009010_S234	18_45_M	Thymus	False	1	False	J18_B003017_B009010_S234.mm10-plus-7-0	exact_library_id_plus_documented_alignment_suffix	J18_B003017_B009010_S234.mm10-plus-7-0-1	one_assay_suffix	18m	1	nan	thymocyte	nan	DN to DP transition (most are Cd8+/ Cd4+, some undergoing VDJ recombination)	facs	18_45_M	880479.0	943.0	male	Thymus Flowthrough	Thymus	nan	6	5
J19_B000120_B007345_S235	116.0	2.0	18	J19_B000120_B007345_S235	18_47_F	Trachea	True	2	True	J19_B000120_B007345_S235.mm10-plus-7-0	exact_library_id_plus_documented_alignment_suffix	J19_B000120_B007345_S235.mm10-plus-7-0-1	one_assay_suffix	18m	1	nan	T cell	nan	nan	facs	18_47_F	757918.0	1772.0	female	nan	Trachea	nan	4	21
J19_B000236_B009007_S235			18	J19_B000236_B009007_S235	18_53_M	Thymus	False	1	False	J19_B000236_B009007_S235.mm10-plus-8-0	exact_library_id_plus_documented_alignment_suffix	J19_B000236_B009007_S235.mm10-plus-8-0-1	one_assay_suffix	18m	1	nan	thymocyte	nan	DN to DP transition (most are Cd8+/ Cd4+, some undergoing VDJ recombination)	facs	18_53_M	400316.0	1115.0	male	Thymus Flowthrough	Thymus	nan	21	23
J19_B001369_B009009_S235			18	J19_B001369_B009009_S235	18_47_F	Thymus	False	1	False	J19_B001369_B009009_S235.mm10-plus-7-0	exact_library_id_plus_documented_alignment_suffix	J19_B001369_B009009_S235.mm10-plus-7-0-1	one_assay_suffix	18m	1	nan	DN4 thymocyte	nan	DN4 thymocyte	facs	18_47_F	232779.0	1946.0	female	Thymus Flowthrough	Thymus	nan	6	5
J19_B002452_B009020_S235			18	J19_B002452_B009020_S235	18_47_F	Spleen	False	1	False	J19_B002452_B009020_S235.mm10-plus-0-0	exact_library_id_plus_documented_alignment_suffix	J19_B002452_B009020_S235.mm10-plus-0-0-1	one_assay_suffix	18m	1	nan	CD8-positive, alpha-beta T cell	nan	Cd3e T cell	facs	18_47_F	1543573.0	2439.0	female	nan	Spleen	nan	6	5
J19_B002459_B007461_S235			18	J19_B002459_B007461_S235	18_46_F	Marrow	False	1	False	J19_B002459_B007461_S235.mm10-plus-8-0	exact_library_id_plus_documented_alignment_suffix	J19_B002459_B007461_S235.mm10-plus-8-0-1	one_assay_suffix	18m	1	nan	mature alpha-beta T cell	nan	BM CD8 + CD4 T cell	facs	18_46_F	1184526.0	4228.0	female	T cells	Marrow	nan	4	48
J19_B002828_B007462_S235			18	J19_B002828_B007462_S235	18_47_F	Marrow	False	1	False	J19_B002828_B007462_S235.mm10-plus-6-0	exact_library_id_plus_documented_alignment_suffix	J19_B002828_B007462_S235.mm10-plus-6-0-1	one_assay_suffix	18m	1	nan	CD4-positive, alpha-beta T cell	nan	BM CD4 T cell	facs	18_47_F	655068.0	1765.0	female	T cells	Marrow	nan	4	21
J1_B000236_B009007_S217			18	J1_B000236_B009007_S217	18_53_M	Thymus	False	1	False	J1_B000236_B009007_S217.mm10-plus-8-0	exact_library_id_plus_documented_alignment_suffix	J1_B000236_B009007_S217.mm10-plus-8-0-1	one_assay_suffix	18m	1	nan	DN4 thymocyte	nan	DN4 thymocyte	facs	18_53_M	599330.0	1913.0	male	Thymus Flowthrough	Thymus	nan	6	5
J1_B001247_B009941_S217	17.0	7.0	18	J1_B001247_B009941_S217	18_46_F	Liver	True	7	True	J1_B001247_B009941_S217.mm10-plus-4-0	exact_library_id_plus_documented_alignment_suffix	J1_B001247_B009941_S217.mm10-plus-4-0-1	one_assay_suffix	18m	1	nan	mature NK T cell	nan	nan	facs	18_46_F	1047877.0	2063.0	female	Liver non-hepato/SCs_st	Liver	nan	4	9
J1_B001369_B009009_S217			18	J1_B001369_B009009_S217	18_47_F	Thymus	False	1	False	J1_B001369_B009009_S217.mm10-plus-7-0	exact_library_id_plus_documented_alignment_suffix	J1_B001369_B009009_S217.mm10-plus-7-0-1	one_assay_suffix	18m	1	nan	DN4 thymocyte	nan	DN4 thymocyte	facs	18_47_F	1068137.0	2666.0	female	Thymus Flowthrough	Thymus	nan	6	5
J1_B003007_B009008_S217			18	J1_B003007_B009008_S217	18_46_F	Thymus	False	1	False	J1_B003007_B009008_S217.mm10-plus-7-0	exact_library_id_plus_documented_alignment_suffix	J1_B003007_B009008_S217.mm10-plus-7-0-1	one_assay_suffix	18m	1	nan	DN4 thymocyte	nan	DN4 thymocyte	facs	18_46_F	1056578.0	1951.0	female	Thymus Flowthrough	Thymus	nan	6	5
J1_B003017_B009010_S217			18	J1_B003017_B009010_S217	18_45_M	Thymus	False	1	False	J1_B003017_B009010_S217.mm10-plus-7-0	exact_library_id_plus_documented_alignment_suffix	J1_B003017_B009010_S217.mm10-plus-7-0-1	one_assay_suffix	18m	1	nan	thymocyte	nan	DN to DP transition (most are Cd8+/ Cd4+, some undergoing VDJ recombination)	facs	18_45_M	782590.0	909.0	male	Thymus Flowthrough	Thymus	nan	21	23
J20_B000172_B009958_S236			18	J20_B000172_B009958_S236	18_53_M	Heart	False	1	False	J20_B000172_B009958_S236.mm10-plus-6-0	exact_library_id_plus_documented_alignment_suffix	J20_B000172_B009958_S236.mm10-plus-6-0-1	one_assay_suffix	18m	1	nan	T cell	nan	T cell	facs	18_53_M	2455683.0	2582.0	male	LA	Heart	nan	4	9
J20_B003017_B009010_S236			18	J20_B003017_B009010_S236	18_45_M	Thymus	False	1	False	J20_B003017_B009010_S236.mm10-plus-7-0	exact_library_id_plus_documented_alignment_suffix	J20_B003017_B009010_S236.mm10-plus-7-0-1	one_assay_suffix	18m	1	nan	thymocyte	nan	DN to DP transition (most are Cd8+/ Cd4+, some undergoing VDJ recombination)	facs	18_45_M	817489.0	822.0	male	Thymus Flowthrough	Thymus	nan	21	23
J20_D045372_B009292_S44			18	J20_D045372_B009292_S44	18_45_M	Brain_Non-Myeloid	False	1	False	J20_D045372_B009292_S44.mm10-plus-1-0	exact_library_id_plus_documented_alignment_suffix	J20_D045372_B009292_S44.mm10-plus-1-0-1	one_assay_suffix	18m	1	nan	neuron	nan	nan	facs	18_45_M	1608752.0	763.0	male	Cortex 	Brain_Non-Myeloid	nan	6	30
J21_B000120_B007345_S237	94.0	9.0	18	J21_B000120_B007345_S237	18_47_F	Trachea	True	1	False	J21_B000120_B007345_S237.mm10-plus-7-0	exact_library_id_plus_documented_alignment_suffix	J21_B000120_B007345_S237.mm10-plus-7-0-1	one_assay_suffix	18m	1	nan	T cell	nan	nan	facs	18_47_F	6205056.0	978.0	female	nan	Trachea	nan	4	9
J21_B000236_B009007_S237			18	J21_B000236_B009007_S237	18_53_M	Thymus	False	1	False	J21_B000236_B009007_S237.mm10-plus-8-0	exact_library_id_plus_documented_alignment_suffix	J21_B000236_B009007_S237.mm10-plus-8-0-1	one_assay_suffix	18m	1	nan	thymocyte	nan	DN to DP transition (most are Cd8+/ Cd4+, some undergoing VDJ recombination)	facs	18_53_M	346326.0	960.0	male	Thymus Flowthrough	Thymus	nan	21	23
J21_B001369_B009009_S237			18	J21_B001369_B009009_S237	18_47_F	Thymus	False	1	False	J21_B001369_B009009_S237.mm10-plus-7-0	exact_library_id_plus_documented_alignment_suffix	J21_B001369_B009009_S237.mm10-plus-7-0-1	one_assay_suffix	18m	1	nan	DN4 thymocyte	nan	DN4 thymocyte	facs	18_47_F	1755894.0	2812.0	female	Thymus Flowthrough	Thymus	nan	6	5
J21_B003017_B009010_S237			18	J21_B003017_B009010_S237	18_45_M	Thymus	False	1	False	J21_B003017_B009010_S237.mm10-plus-7-0	exact_library_id_plus_documented_alignment_suffix	J21_B003017_B009010_S237.mm10-plus-7-0-1	one_assay_suffix	18m	1	nan	thymocyte	nan	DN to DP transition (most are Cd8+/ Cd4+, some undergoing VDJ recombination)	facs	18_45_M	692786.0	799.0	male	Thymus Flowthrough	Thymus	nan	21	23
J22_B000236_B009007_S238			18	J22_B000236_B009007_S238	18_53_M	Thymus	False	1	False	J22_B000236_B009007_S238.mm10-plus-8-0	exact_library_id_plus_documented_alignment_suffix	J22_B000236_B009007_S238.mm10-plus-8-0-1	one_assay_suffix	18m	1	nan	thymocyte	nan	proliferating thymocyte; DN to DP transition, dividing (some are Cd8+/ Cd4+, some undergoing VDJ recombination)	facs	18_53_M	1692084.0	2841.0	male	Thymus Flowthrough	Thymus	nan	21	23
J22_B000248_B009895_S238	72.0	7.0	18	J22_B000248_B009895_S238	18_53_M	Lung	True	6	True	J22_B000248_B009895_S238.mm10-plus-4-0	exact_library_id_plus_documented_alignment_suffix		unmatched																
J22_B001360_B009953_S238	19.0	10.0	18	J22_B001360_B009953_S238	18_46_F	Heart	True	9	True	J22_B001360_B009953_S238.mm10-plus-6-0	exact_library_id_plus_documented_alignment_suffix	J22_B001360_B009953_S238.mm10-plus-6-0-1	one_assay_suffix	18m	1	nan	T cell	nan	T cell	facs	18_46_F	1576232.0	2675.0	female	RA	Heart	nan	4	9
J22_D045405_B009854_S238			18	J22_D045405_B009854_S238	18_45_M	Marrow	False	1	False	J22_D045405_B009854_S238.mm10-plus-6-0	exact_library_id_plus_documented_alignment_suffix	J22_D045405_B009854_S238.mm10-plus-6-0-1	one_assay_suffix	18m	1	nan	CD4-positive, alpha-beta T cell	nan	BM CD4 T cell	facs	18_45_M	424022.0	1003.0	male	T cells	Marrow	nan	4	21
J2_B001369_B009009_S218			18	J2_B001369_B009009_S218	18_47_F	Thymus	False	1	False	J2_B001369_B009009_S218.mm10-plus-7-0	exact_library_id_plus_documented_alignment_suffix	J2_B001369_B009009_S218.mm10-plus-7-0-1	one_assay_suffix	18m	1	nan	DN4 thymocyte	nan	DN4 thymocyte	facs	18_47_F	818220.0	1759.0	female	Thymus Flowthrough	Thymus	nan	4	9
J2_B002459_B007461_S218			18	J2_B002459_B007461_S218	18_46_F	Marrow	False	1	False	J2_B002459_B007461_S218.mm10-plus-8-0	exact_library_id_plus_documented_alignment_suffix	J2_B002459_B007461_S218.mm10-plus-8-0-1	one_assay_suffix	18m	1	nan	NK cell	nan	Klrb1a/b/c(-) NK cell	facs	18_46_F	1746919.0	5037.0	female	T cells	Marrow	nan	11	7
J2_B002828_B007462_S218	9.0	9.0	18	J2_B002828_B007462_S218	18_47_F	Marrow	True	8	True	J2_B002828_B007462_S218.mm10-plus-6-0	exact_library_id_plus_documented_alignment_suffix	J2_B002828_B007462_S218.mm10-plus-6-0-1	one_assay_suffix	18m	1	nan	mature alpha-beta T cell	nan	BM CD8 + CD4 T cell	facs	18_47_F	593907.0	1620.0	female	T cells	Marrow	nan	4	9
J2_B003017_B009010_S218			18	J2_B003017_B009010_S218	18_45_M	Thymus	False	1	False	J2_B003017_B009010_S218.mm10-plus-7-0	exact_library_id_plus_documented_alignment_suffix	J2_B003017_B009010_S218.mm10-plus-7-0-1	one_assay_suffix	18m	1	nan	thymocyte	nan	DN to DP transition (most are Cd8+/ Cd4+, some undergoing VDJ recombination)	facs	18_45_M	1326576.0	1200.0	male	Thymus Flowthrough	Thymus	nan	6	23
J3_B000171_B009952_S219	84.0	6.0	18	J3_B000171_B009952_S219	18_53_M	Heart	True	6	True	J3_B000171_B009952_S219.mm10-plus-8-0	exact_library_id_plus_documented_alignment_suffix	J3_B000171_B009952_S219.mm10-plus-8-0-1	one_assay_suffix	18m	1	nan	T cell	nan	T cell	facs	18_53_M	882072.0	2094.0	male	RA	Heart	nan	4	9
J3_B000236_B009007_S219			18	J3_B000236_B009007_S219	18_53_M	Thymus	False	1	False	J3_B000236_B009007_S219.mm10-plus-8-0	exact_library_id_plus_documented_alignment_suffix	J3_B000236_B009007_S219.mm10-plus-8-0-1	one_assay_suffix	18m	1	nan	DN4 thymocyte	nan	DN4 thymocyte	facs	18_53_M	493553.0	2036.0	male	Thymus Flowthrough	Thymus	nan	4	5
J3_B000809_B009956_S219			18	J3_B000809_B009956_S219	18_46_F	Heart	False	1	False	J3_B000809_B009956_S219.mm10-plus-6-0	exact_library_id_plus_documented_alignment_suffix	J3_B000809_B009956_S219.mm10-plus-6-0-1	one_assay_suffix	18m	1	nan	T cell	nan	T cell	facs	18_46_F	1287165.0	2631.0	female	LV	Heart	nan	4	9
J3_B002459_B007461_S219			18	J3_B002459_B007461_S219	18_46_F	Marrow	False	1	False	J3_B002459_B007461_S219.mm10-plus-8-0	exact_library_id_plus_documented_alignment_suffix	J3_B002459_B007461_S219.mm10-plus-8-0-1	one_assay_suffix	18m	1	nan	NK cell	nan	Klrb1a/b/c(-) NK cell	facs	18_46_F	511278.0	3143.0	female	T cells	Marrow	nan	4	21
J4_B001369_B009009_S220			18	J4_B001369_B009009_S220	18_47_F	Thymus	False	1	False	J4_B001369_B009009_S220.mm10-plus-7-0	exact_library_id_plus_documented_alignment_suffix	J4_B001369_B009009_S220.mm10-plus-7-0-1	one_assay_suffix	18m	1	nan	DN4 thymocyte	nan	DN4 thymocyte	facs	18_47_F	1043536.0	2662.0	female	Thymus Flowthrough	Thymus	nan	6	5
J4_B002459_B007461_S220			18	J4_B002459_B007461_S220	18_46_F	Marrow	False	1	False	J4_B002459_B007461_S220.mm10-plus-8-0	exact_library_id_plus_documented_alignment_suffix	J4_B002459_B007461_S220.mm10-plus-8-0-1	one_assay_suffix	18m	1	nan	mature alpha-beta T cell	nan	BM CD8 + CD4 T cell	facs	18_46_F	1366574.0	5272.0	female	T cells	Marrow	nan	37	41
J4_B003017_B009010_S220			18	J4_B003017_B009010_S220	18_45_M	Thymus	False	1	False	J4_B003017_B009010_S220.mm10-plus-7-0	exact_library_id_plus_documented_alignment_suffix	J4_B003017_B009010_S220.mm10-plus-7-0-1	one_assay_suffix	18m	1	nan	thymocyte	nan	DN to DP transition (most are Cd8+/ Cd4+, some undergoing VDJ recombination)	facs	18_45_M	913872.0	904.0	male	Thymus Flowthrough	Thymus	nan	21	23
J5_B000236_B009007_S221			18	J5_B000236_B009007_S221	18_53_M	Thymus	False	1	False	J5_B000236_B009007_S221.mm10-plus-8-0	exact_library_id_plus_documented_alignment_suffix	J5_B000236_B009007_S221.mm10-plus-8-0-1	one_assay_suffix	18m	1	nan	DN4 thymocyte	nan	DN4 thymocyte	facs	18_53_M	328079.0	1533.0	male	Thymus Flowthrough	Thymus	nan	6	5
J5_B002341_B009297_S149			18	J5_B002341_B009297_S149	18_46_F	Brain_Non-Myeloid	False	1	False	J5_B002341_B009297_S149.mm10-plus-1-0	exact_library_id_plus_documented_alignment_suffix	J5_B002341_B009297_S149.mm10-plus-1-0-1	one_assay_suffix	18m	1	nan	CD8-positive, alpha-beta T cell	nan	nan	facs	18_46_F	2892250.0	1749.0	female	Cortex 	Brain_Non-Myeloid	nan	4	9
J5_B002673_B007460_S221			18	J5_B002673_B007460_S221	18_53_M	Marrow	False	1	False	J5_B002673_B007460_S221.mm10-plus-7-0	exact_library_id_plus_documented_alignment_suffix	J5_B002673_B007460_S221.mm10-plus-7-0-1	one_assay_suffix	18m	1	nan	CD4-positive, alpha-beta T cell	nan	BM CD4 T cell	facs	18_53_M	1554989.0	2774.0	male	T cells	Marrow	nan	4	21
J5_B002709_B009018_S221			18	J5_B002709_B009018_S221	18_53_M	Spleen	False	1	False	J5_B002709_B009018_S221.mm10-plus-7-0	exact_library_id_plus_documented_alignment_suffix	J5_B002709_B009018_S221.mm10-plus-7-0-1	one_assay_suffix	18m	1	nan	CD4-positive, alpha-beta T cell	nan	Cd3e T cell	facs	18_53_M	738163.0	1507.0	male	nan	Spleen	nan	4	21
J5_B002828_B007462_S221			18	J5_B002828_B007462_S221	18_47_F	Marrow	False	1	False	J5_B002828_B007462_S221.mm10-plus-6-0	exact_library_id_plus_documented_alignment_suffix	J5_B002828_B007462_S221.mm10-plus-6-0-1	one_assay_suffix	18m	1	nan	mature alpha-beta T cell	nan	BM CD8 + CD4 T cell	facs	18_47_F	297893.0	1789.0	female	T cells	Marrow	nan	4	9
J5_B003007_B009008_S221			18	J5_B003007_B009008_S221	18_46_F	Thymus	False	1	False	J5_B003007_B009008_S221.mm10-plus-7-0	exact_library_id_plus_documented_alignment_suffix	J5_B003007_B009008_S221.mm10-plus-7-0-1	one_assay_suffix	18m	1	nan	DN4 thymocyte	nan	DN4 thymocyte	facs	18_46_F	1524628.0	2528.0	female	Thymus Flowthrough	Thymus	nan	6	5
J5_B003017_B009010_S221			18	J5_B003017_B009010_S221	18_45_M	Thymus	False	1	False	J5_B003017_B009010_S221.mm10-plus-7-0	exact_library_id_plus_documented_alignment_suffix	J5_B003017_B009010_S221.mm10-plus-7-0-1	one_assay_suffix	18m	1	nan	thymocyte	nan	DN to DP transition (most are Cd8+/ Cd4+, some undergoing VDJ recombination)	facs	18_45_M	967386.0	922.0	male	Thymus Flowthrough	Thymus	nan	6	23
J6_B000236_B009007_S222			18	J6_B000236_B009007_S222	18_53_M	Thymus	False	1	False	J6_B000236_B009007_S222.mm10-plus-8-0	exact_library_id_plus_documented_alignment_suffix	J6_B000236_B009007_S222.mm10-plus-8-0-1	one_assay_suffix	18m	1	nan	DN4 thymocyte	nan	DN4 thymocyte	facs	18_53_M	467957.0	1578.0	male	Thymus Flowthrough	Thymus	nan	6	5
J6_B003017_B009010_S222			18	J6_B003017_B009010_S222	18_45_M	Thymus	False	1	False	J6_B003017_B009010_S222.mm10-plus-7-0	exact_library_id_plus_documented_alignment_suffix	J6_B003017_B009010_S222.mm10-plus-7-0-1	one_assay_suffix	18m	1	nan	thymocyte	nan	DN to DP transition (most are Cd8+/ Cd4+, some undergoing VDJ recombination)	facs	18_45_M	697238.0	970.0	male	Thymus Flowthrough	Thymus	nan	21	23
J6_D045342_B009019_S222			18	J6_D045342_B009019_S222	18_45_M	Spleen	False	1	False	J6_D045342_B009019_S222.mm10-plus-0-0	exact_library_id_plus_documented_alignment_suffix	J6_D045342_B009019_S222.mm10-plus-0-0-1	one_assay_suffix	18m	1	nan	CD4-positive, alpha-beta T cell	nan	Cd3e T cell	facs	18_45_M	1265988.0	1443.0	male	nan	Spleen	nan	4	21
J6_D045405_B009854_S222			18	J6_D045405_B009854_S222	18_45_M	Marrow	False	1	False	J6_D045405_B009854_S222.mm10-plus-6-0	exact_library_id_plus_documented_alignment_suffix	J6_D045405_B009854_S222.mm10-plus-6-0-1	one_assay_suffix	18m	1	nan	promonocyte	nan	monocyte + promonocyte	facs	18_45_M	3815909.0	4177.0	male	T cells	Marrow	nan	2	17
J7_B000236_B009007_S223			18	J7_B000236_B009007_S223	18_53_M	Thymus	False	1	False	J7_B000236_B009007_S223.mm10-plus-8-0	exact_library_id_plus_documented_alignment_suffix	J7_B000236_B009007_S223.mm10-plus-8-0-1	one_assay_suffix	18m	1	nan	DN4 thymocyte	nan	DN4 thymocyte	facs	18_53_M	102778.0	1701.0	male	Thymus Flowthrough	Thymus	nan	6	5
J7_B001369_B009009_S223			18	J7_B001369_B009009_S223	18_47_F	Thymus	False	1	False	J7_B001369_B009009_S223.mm10-plus-7-0	exact_library_id_plus_documented_alignment_suffix	J7_B001369_B009009_S223.mm10-plus-7-0-1	one_assay_suffix	18m	1	nan	DN4 thymocyte	nan	DN4 thymocyte	facs	18_47_F	441633.0	1861.0	female	Thymus Flowthrough	Thymus	nan	6	5
J7_B002341_B009297_S151	10.0	18.0	18	J7_B002341_B009297_S151	18_46_F	Brain_Non-Myeloid	True	18	True	J7_B002341_B009297_S151.mm10-plus-1-0	exact_library_id_plus_documented_alignment_suffix	J7_B002341_B009297_S151.mm10-plus-1-0-1	one_assay_suffix	18m	1	nan	CD8-positive, alpha-beta T cell	nan	nan	facs	18_46_F	750533.0	1514.0	female	Cortex 	Brain_Non-Myeloid	nan	4	9
J7_B002828_B007462_S223			18	J7_B002828_B007462_S223	18_47_F	Marrow	False	1	False	J7_B002828_B007462_S223.mm10-plus-6-0	exact_library_id_plus_documented_alignment_suffix	J7_B002828_B007462_S223.mm10-plus-6-0-1	one_assay_suffix	18m	1	nan	CD4-positive, alpha-beta T cell	nan	BM CD4 T cell	facs	18_47_F	492042.0	1665.0	female	T cells	Marrow	nan	4	21
J7_B003007_B009008_S223			18	J7_B003007_B009008_S223	18_46_F	Thymus	False	1	False	J7_B003007_B009008_S223.mm10-plus-7-0	exact_library_id_plus_documented_alignment_suffix	J7_B003007_B009008_S223.mm10-plus-7-0-1	one_assay_suffix	18m	1	nan	DN4 thymocyte	nan	DN4 thymocyte	facs	18_46_F	1411723.0	2617.0	female	Thymus Flowthrough	Thymus	nan	6	5
J7_D045405_B009854_S223			18	J7_D045405_B009854_S223	18_45_M	Marrow	False	1	False	J7_D045405_B009854_S223.mm10-plus-6-0	exact_library_id_plus_documented_alignment_suffix	J7_D045405_B009854_S223.mm10-plus-6-0-1	one_assay_suffix	18m	1	nan	mature alpha-beta T cell	nan	BM CD8 + CD4 T cell	facs	18_45_M	932357.0	1521.0	male	T cells	Marrow	nan	4	9
J8_B001369_B009009_S224			18	J8_B001369_B009009_S224	18_47_F	Thymus	False	1	False	J8_B001369_B009009_S224.mm10-plus-7-0	exact_library_id_plus_documented_alignment_suffix	J8_B001369_B009009_S224.mm10-plus-7-0-1	one_assay_suffix	18m	1	nan	DN4 thymocyte	nan	DN4 thymocyte	facs	18_47_F	769767.0	2614.0	female	Thymus Flowthrough	Thymus	nan	6	5
J8_B003007_B009008_S224			18	J8_B003007_B009008_S224	18_46_F	Thymus	False	1	False	J8_B003007_B009008_S224.mm10-plus-7-0	exact_library_id_plus_documented_alignment_suffix	J8_B003007_B009008_S224.mm10-plus-7-0-1	one_assay_suffix	18m	1	nan	DN4 thymocyte	nan	DN4 thymocyte	facs	18_46_F	1352780.0	2833.0	female	Thymus Flowthrough	Thymus	nan	4	21
J8_B003017_B009010_S224			18	J8_B003017_B009010_S224	18_45_M	Thymus	False	1	False	J8_B003017_B009010_S224.mm10-plus-7-0	exact_library_id_plus_documented_alignment_suffix	J8_B003017_B009010_S224.mm10-plus-7-0-1	one_assay_suffix	18m	1	nan	thymocyte	nan	DN to DP transition (most are Cd8+/ Cd4+, some undergoing VDJ recombination)	facs	18_45_M	717101.0	942.0	male	Thymus Flowthrough	Thymus	nan	21	23
J8_D045342_B009019_S224			18	J8_D045342_B009019_S224	18_45_M	Spleen	False	1	False	J8_D045342_B009019_S224.mm10-plus-0-0	exact_library_id_plus_documented_alignment_suffix	J8_D045342_B009019_S224.mm10-plus-0-0-1	one_assay_suffix	18m	1	nan	CD4-positive, alpha-beta T cell	nan	Cd3e T cell	facs	18_45_M	1219770.0	2487.0	male	nan	Spleen	nan	4	21
J9_B001369_B009009_S225			18	J9_B001369_B009009_S225	18_47_F	Thymus	False	1	False	J9_B001369_B009009_S225.mm10-plus-7-0	exact_library_id_plus_documented_alignment_suffix	J9_B001369_B009009_S225.mm10-plus-7-0-1	one_assay_suffix	18m	1	nan	DN4 thymocyte	nan	DN4 thymocyte	facs	18_47_F	1365141.0	2430.0	female	Thymus Flowthrough	Thymus	nan	6	5
J9_B002828_B007462_S225			18	J9_B002828_B007462_S225	18_47_F	Marrow	False	1	False	J9_B002828_B007462_S225.mm10-plus-6-0	exact_library_id_plus_documented_alignment_suffix	J9_B002828_B007462_S225.mm10-plus-6-0-1	one_assay_suffix	18m	1	nan	mature alpha-beta T cell	nan	BM CD8 + CD4 T cell	facs	18_47_F	823970.0	1819.0	female	T cells	Marrow	nan	4	9
K10_B000236_B009007_S250			18	K10_B000236_B009007_S250	18_53_M	Thymus	False	1	False	K10_B000236_B009007_S250.mm10-plus-8-0	exact_library_id_plus_documented_alignment_suffix	K10_B000236_B009007_S250.mm10-plus-8-0-1	one_assay_suffix	18m	1	nan	DN4 thymocyte	nan	DN4 thymocyte	facs	18_53_M	474844.0	1883.0	male	Thymus Flowthrough	Thymus	nan	6	5
K10_B000477_B008543_S250			18	K10_B000477_B008543_S250	18_53_M	MAT	False	1	False	K10_B000477_B008543_S250.mm10-plus-6-0	exact_library_id_plus_documented_alignment_suffix	K10_B000477_B008543_S250.mm10-plus-6-0-1	one_assay_suffix	18m	1	nan	CD4-positive, alpha-beta T cell	nan	nan	facs	18_53_M	297175.0	1003.0	male	Fat	MAT	nan	4	5
K10_B000814_B008548_S250			18	K10_B000814_B008548_S250	18_46_F	GAT	False	1	False	K10_B000814_B008548_S250.mm10-plus-6-0	exact_library_id_plus_documented_alignment_suffix	K10_B000814_B008548_S250.mm10-plus-6-0-1	one_assay_suffix	18m	1	nan	CD8-positive, alpha-beta T cell	nan	nan	facs	18_46_F	113935.0	1552.0	female	Fat	GAT	nan	4	21
K10_B001369_B009009_S250			18	K10_B001369_B009009_S250	18_47_F	Thymus	False	1	False	K10_B001369_B009009_S250.mm10-plus-7-0	exact_library_id_plus_documented_alignment_suffix	K10_B001369_B009009_S250.mm10-plus-7-0-1	one_assay_suffix	18m	1	nan	DN4 thymocyte	nan	DN4 thymocyte	facs	18_47_F	1104036.0	2323.0	female	Thymus Flowthrough	Thymus	nan	6	5
K10_B002828_B007462_S250	2.0	11.0	18	K10_B002828_B007462_S250	18_47_F	Marrow	True	11	True	K10_B002828_B007462_S250.mm10-plus-6-0	exact_library_id_plus_documented_alignment_suffix	K10_B002828_B007462_S250.mm10-plus-6-0-1	one_assay_suffix	18m	1	nan	CD4-positive, alpha-beta T cell	nan	BM CD4 T cell	facs	18_47_F	683792.0	2508.0	female	T cells	Marrow	nan	4	21
K11_B000795_B008545_S251			18	K11_B000795_B008545_S251	18_47_F	MAT	False	1	False	K11_B000795_B008545_S251.mm10-plus-3-0	exact_library_id_plus_documented_alignment_suffix	K11_B000795_B008545_S251.mm10-plus-3-0-1	one_assay_suffix	18m	1	nan	CD8-positive, alpha-beta T cell	nan	nan	facs	18_47_F	611322.0	2194.0	female	Fat	MAT	nan	4	9
K11_B001369_B009009_S251			18	K11_B001369_B009009_S251	18_47_F	Thymus	False	1	False	K11_B001369_B009009_S251.mm10-plus-7-0	exact_library_id_plus_documented_alignment_suffix	K11_B001369_B009009_S251.mm10-plus-7-0-1	one_assay_suffix	18m	1	nan	thymocyte	nan	DN to DP transition (most are Cd8+/ Cd4+, some undergoing VDJ recombination)	facs	18_47_F	380895.0	1843.0	female	Thymus Flowthrough	Thymus	nan	6	23
K11_B003017_B009010_S251			18	K11_B003017_B009010_S251	18_45_M	Thymus	False	1	False	K11_B003017_B009010_S251.mm10-plus-7-0	exact_library_id_plus_documented_alignment_suffix	K11_B003017_B009010_S251.mm10-plus-7-0-1	one_assay_suffix	18m	1	nan	thymocyte	nan	DN to DP transition (most are Cd8+/ Cd4+, some undergoing VDJ recombination)	facs	18_45_M	572011.0	954.0	male	Thymus Flowthrough	Thymus	nan	21	23
K12_B000236_B009007_S252			18	K12_B000236_B009007_S252	18_53_M	Thymus	False	1	False	K12_B000236_B009007_S252.mm10-plus-8-0	exact_library_id_plus_documented_alignment_suffix	K12_B000236_B009007_S252.mm10-plus-8-0-1	one_assay_suffix	18m	1	nan	thymocyte	nan	DN to DP transition (most are Cd8+/ Cd4+, some undergoing VDJ recombination)	facs	18_53_M	385530.0	1504.0	male	Thymus Flowthrough	Thymus	nan	21	23
K12_B000505_B008435_S252	65.0	7.0	18	K12_B000505_B008435_S252	18_45_M	GAT	True	7	True	K12_B000505_B008435_S252.mm10-plus-8-0	exact_library_id_plus_documented_alignment_suffix	K12_B000505_B008435_S252.mm10-plus-8-0-1	one_assay_suffix	18m	1	nan	CD4-positive, alpha-beta T cell	nan	nan	facs	18_45_M	759887.0	1586.0	male	Fat	GAT	nan	4	21
K12_B000795_B008545_S252			18	K12_B000795_B008545_S252	18_47_F	MAT	False	1	False	K12_B000795_B008545_S252.mm10-plus-3-0	exact_library_id_plus_documented_alignment_suffix	K12_B000795_B008545_S252.mm10-plus-3-0-1	one_assay_suffix	18m	1	nan	CD4-positive, alpha-beta T cell	nan	nan	facs	18_47_F	197234.0	1748.0	female	Fat	MAT	nan	4	21
K12_B000930_B007449_S252	26.0	5.0	18	K12_B000930_B007449_S252	18_46_F	Limb_Muscle	True	2	True	K12_B000930_B007449_S252.mm10-plus-6-0	exact_library_id_plus_documented_alignment_suffix	K12_B000930_B007449_S252.mm10-plus-6-0-1	one_assay_suffix	18m	1	nan	mesenchymal stem cell	nan	nan	facs	18_46_F	1064462.0	2463.0	female	Muscle forelimb and hindlimb	Limb_Muscle	nan	1	1
K12_B002459_B007461_S252			18	K12_B002459_B007461_S252	18_46_F	Marrow	False	1	False	K12_B002459_B007461_S252.mm10-plus-8-0	exact_library_id_plus_documented_alignment_suffix	K12_B002459_B007461_S252.mm10-plus-8-0-1	one_assay_suffix	18m	1	nan	CD4-positive, alpha-beta T cell	nan	BM CD4 T cell	facs	18_46_F	339514.0	2967.0	female	T cells	Marrow	nan	4	21
K12_B002828_B007462_S252			18	K12_B002828_B007462_S252	18_47_F	Marrow	False	1	False	K12_B002828_B007462_S252.mm10-plus-6-0	exact_library_id_plus_documented_alignment_suffix	K12_B002828_B007462_S252.mm10-plus-6-0-1	one_assay_suffix	18m	1	nan	mature alpha-beta T cell	nan	BM CD8 + CD4 T cell	facs	18_47_F	243830.0	1845.0	female	T cells	Marrow	nan	4	9
K12_B003007_B009008_S252			18	K12_B003007_B009008_S252	18_46_F	Thymus	False	1	False	K12_B003007_B009008_S252.mm10-plus-7-0	exact_library_id_plus_documented_alignment_suffix	K12_B003007_B009008_S252.mm10-plus-7-0-1	one_assay_suffix	18m	1	nan	DN4 thymocyte	nan	DN4 thymocyte	facs	18_46_F	1531746.0	1885.0	female	Thymus Flowthrough	Thymus	nan	6	5
K12_B003022_B008546_S252			18	K12_B003022_B008546_S252	18_45_M	MAT	False	1	False	K12_B003022_B008546_S252.mm10-plus-7-0	exact_library_id_plus_documented_alignment_suffix	K12_B003022_B008546_S252.mm10-plus-7-0-1	one_assay_suffix	18m	1	nan	CD8-positive, alpha-beta T cell	nan	nan	facs	18_45_M	901228.0	1854.0	male	Fat	MAT	nan	6	5
K13_B000236_B009007_S253			18	K13_B000236_B009007_S253	18_53_M	Thymus	False	1	False	K13_B000236_B009007_S253.mm10-plus-8-0	exact_library_id_plus_documented_alignment_suffix	K13_B000236_B009007_S253.mm10-plus-8-0-1	one_assay_suffix	18m	1	nan	thymocyte	nan	DN to DP transition (most are Cd8+/ Cd4+, some undergoing VDJ recombination)	facs	18_53_M	267349.0	1587.0	male	Thymus Flowthrough	Thymus	nan	21	23
K13_B000788_B008433_S253			18	K13_B000788_B008433_S253	18_46_F	BAT	False	1	False	K13_B000788_B008433_S253.mm10-plus-6-0	exact_library_id_plus_documented_alignment_suffix	K13_B000788_B008433_S253.mm10-plus-6-0-1	one_assay_suffix	18m	1	nan	NK cell	nan	nan	facs	18_46_F	1491605.0	1697.0	female	Fat	BAT	nan	4	9
K13_B002828_B007462_S253	20.0	3.0	18	K13_B002828_B007462_S253	18_47_F	Marrow	True	3	True	K13_B002828_B007462_S253.mm10-plus-6-0	exact_library_id_plus_documented_alignment_suffix	K13_B002828_B007462_S253.mm10-plus-6-0-1	one_assay_suffix	18m	1	nan	mature alpha-beta T cell	nan	BM CD8 + CD4 T cell	facs	18_47_F	674813.0	2190.0	female	T cells	Marrow	nan	4	9
K13_B003017_B009010_S253			18	K13_B003017_B009010_S253	18_45_M	Thymus	False	1	False	K13_B003017_B009010_S253.mm10-plus-7-0	exact_library_id_plus_documented_alignment_suffix	K13_B003017_B009010_S253.mm10-plus-7-0-1	one_assay_suffix	18m	1	nan	thymocyte	nan	DN to DP transition (most are Cd8+/ Cd4+, some undergoing VDJ recombination)	facs	18_45_M	322515.0	1043.0	male	Thymus Flowthrough	Thymus	nan	21	23
K14_B000236_B009007_S254			18	K14_B000236_B009007_S254	18_53_M	Thymus	False	1	False	K14_B000236_B009007_S254.mm10-plus-8-0	exact_library_id_plus_documented_alignment_suffix	K14_B000236_B009007_S254.mm10-plus-8-0-1	one_assay_suffix	18m	1	nan	thymocyte	nan	DN to DP transition (most are Cd8+/ Cd4+, some undergoing VDJ recombination)	facs	18_53_M	459115.0	1750.0	male	Thymus Flowthrough	Thymus	nan	21	23
K14_B000472_B009891_S254	16.0	6.0	18	K14_B000472_B009891_S254	18_53_M	Marrow	True	6	True	K14_B000472_B009891_S254.mm10-plus-6-0	exact_library_id_plus_documented_alignment_suffix	K14_B000472_B009891_S254.mm10-plus-6-0-1	one_assay_suffix	18m	1	nan	NK cell	nan	NK cell	facs	18_53_M	2813359.0	2826.0	male	B-cells	Marrow	nan	40	47
K14_B000487_B008360_S254			18	K14_B000487_B008360_S254	18_45_M	BAT	False	1	False	K14_B000487_B008360_S254.mm10-plus-7-0	exact_library_id_plus_documented_alignment_suffix	K14_B000487_B008360_S254.mm10-plus-7-0-1	one_assay_suffix	18m	1	nan	T cell	nan	nan	facs	18_45_M	3641855.0	1894.0	male	Fat	BAT	nan	4	9
K14_B001369_B009009_S254			18	K14_B001369_B009009_S254	18_47_F	Thymus	False	1	False	K14_B001369_B009009_S254.mm10-plus-7-0	exact_library_id_plus_documented_alignment_suffix	K14_B001369_B009009_S254.mm10-plus-7-0-1	one_assay_suffix	18m	1	nan	DN4 thymocyte	nan	DN4 thymocyte	facs	18_47_F	1335790.0	2733.0	female	Thymus Flowthrough	Thymus	nan	6	5
K14_B002459_B007461_S254			18	K14_B002459_B007461_S254	18_46_F	Marrow	False	1	False	K14_B002459_B007461_S254.mm10-plus-8-0	exact_library_id_plus_documented_alignment_suffix	K14_B002459_B007461_S254.mm10-plus-8-0-1	one_assay_suffix	18m	1	nan	naive B cell	nan	naïve B cell	facs	18_46_F	511280.0	4075.0	female	T cells	Marrow	nan	0	48
K14_B002819_B009892_S254			18	K14_B002819_B009892_S254	18_46_F	Marrow	False	1	False	K14_B002819_B009892_S254.mm10-plus-4-0	exact_library_id_plus_documented_alignment_suffix	K14_B002819_B009892_S254.mm10-plus-4-0-1	one_assay_suffix	18m	1	nan	CD4-positive, alpha-beta T cell	nan	BM CD4 T cell	facs	18_46_F	268911.0	2485.0	female	B-cells	Marrow	nan	4	48
K14_B002828_B007462_S254	125.0	2.0	18	K14_B002828_B007462_S254	18_47_F	Marrow	True	2	True	K14_B002828_B007462_S254.mm10-plus-6-0	exact_library_id_plus_documented_alignment_suffix	K14_B002828_B007462_S254.mm10-plus-6-0-1	one_assay_suffix	18m	1	nan	CD4-positive, alpha-beta T cell	nan	BM CD4 T cell	facs	18_47_F	605397.0	2903.0	female	T cells	Marrow	nan	4	21
K14_B003007_B009008_S254			18	K14_B003007_B009008_S254	18_46_F	Thymus	False	1	False	K14_B003007_B009008_S254.mm10-plus-7-0	exact_library_id_plus_documented_alignment_suffix	K14_B003007_B009008_S254.mm10-plus-7-0-1	one_assay_suffix	18m	1	nan	DN4 thymocyte	nan	DN4 thymocyte	facs	18_46_F	903349.0	1595.0	female	Thymus Flowthrough	Thymus	nan	6	5
K15_B000236_B009007_S255			18	K15_B000236_B009007_S255	18_53_M	Thymus	False	1	False	K15_B000236_B009007_S255.mm10-plus-8-0	exact_library_id_plus_documented_alignment_suffix	K15_B000236_B009007_S255.mm10-plus-8-0-1	one_assay_suffix	18m	1	nan	thymocyte	nan	DN to DP transition (most are Cd8+/ Cd4+, some undergoing VDJ recombination)	facs	18_53_M	520317.0	1676.0	male	Thymus Flowthrough	Thymus	nan	21	23
K15_B000472_B009891_S255	16.0	6.0	18	K15_B000472_B009891_S255	18_53_M	Marrow	True	6	True	K15_B000472_B009891_S255.mm10-plus-6-0	exact_library_id_plus_documented_alignment_suffix	K15_B000472_B009891_S255.mm10-plus-6-0-1	one_assay_suffix	18m	1	nan	NK cell	nan	NK cell	facs	18_53_M	435566.0	1282.0	male	B-cells	Marrow	nan	40	47
K15_B000477_B008543_S255			18	K15_B000477_B008543_S255	18_53_M	MAT	False	1	False	K15_B000477_B008543_S255.mm10-plus-6-0	exact_library_id_plus_documented_alignment_suffix	K15_B000477_B008543_S255.mm10-plus-6-0-1	one_assay_suffix	18m	1	nan	CD8-positive, alpha-beta T cell	nan	nan	facs	18_53_M	1119178.0	1450.0	male	Fat	MAT	nan	4	9
K15_B000795_B008545_S255	30.0	2.0	18	K15_B000795_B008545_S255	18_47_F	MAT	True	1	False	K15_B000795_B008545_S255.mm10-plus-3-0	exact_library_id_plus_documented_alignment_suffix	K15_B000795_B008545_S255.mm10-plus-3-0-1	one_assay_suffix	18m	1	nan	CD8-positive, alpha-beta T cell	nan	nan	facs	18_47_F	415724.0	2043.0	female	Fat	MAT	nan	4	9
K15_B002828_B007462_S255			18	K15_B002828_B007462_S255	18_47_F	Marrow	False	1	False	K15_B002828_B007462_S255.mm10-plus-6-0	exact_library_id_plus_documented_alignment_suffix	K15_B002828_B007462_S255.mm10-plus-6-0-1	one_assay_suffix	18m	1	nan	CD4-positive, alpha-beta T cell	nan	BM CD4 T cell	facs	18_47_F	1111207.0	2639.0	female	T cells	Marrow	nan	4	21
K15_B003007_B009008_S255	18.0	8.0	18	K15_B003007_B009008_S255	18_46_F	Thymus	True	5	True	K15_B003007_B009008_S255.mm10-plus-7-0	exact_library_id_plus_documented_alignment_suffix	K15_B003007_B009008_S255.mm10-plus-7-0-1	one_assay_suffix	18m	1	nan	DN4 thymocyte	nan	DN4 thymocyte	facs	18_46_F	1667766.0	2938.0	female	Thymus Flowthrough	Thymus	nan	4	21
K15_B003017_B009010_S255			18	K15_B003017_B009010_S255	18_45_M	Thymus	False	1	False	K15_B003017_B009010_S255.mm10-plus-7-0	exact_library_id_plus_documented_alignment_suffix	K15_B003017_B009010_S255.mm10-plus-7-0-1	one_assay_suffix	18m	1	nan	thymocyte	nan	DN to DP transition (most are Cd8+/ Cd4+, some undergoing VDJ recombination)	facs	18_45_M	684503.0	915.0	male	Thymus Flowthrough	Thymus	nan	21	23
K16_B000236_B009007_S256			18	K16_B000236_B009007_S256	18_53_M	Thymus	False	1	False	K16_B000236_B009007_S256.mm10-plus-8-0	exact_library_id_plus_documented_alignment_suffix	K16_B000236_B009007_S256.mm10-plus-8-0-1	one_assay_suffix	18m	1	nan	thymocyte	nan	proliferating thymocyte; DN to DP transition, dividing (some are Cd8+/ Cd4+, some undergoing VDJ recombination)	facs	18_53_M	1602835.0	2672.0	male	Thymus Flowthrough	Thymus	nan	21	23
K16_B000806_B008540_S256			18	K16_B000806_B008540_S256	18_46_F	MAT	False	1	False	K16_B000806_B008540_S256.mm10-plus-6-0	exact_library_id_plus_documented_alignment_suffix	K16_B000806_B008540_S256.mm10-plus-6-0-1	one_assay_suffix	18m	1	nan	CD4-positive, alpha-beta T cell	nan	nan	facs	18_46_F	512309.0	1514.0	female	Fat	MAT	nan	6	5
K16_B001357_B009344_S256_L004			18	K16_B001357_B009344_S256_L004	18_46_F	Brain_Non-Myeloid	False	1	False	K16_B001357_B009344_S256_L004.mm10-plus-2-0	exact_library_id_plus_documented_alignment_suffix	K16_B001357_B009344_S256_L004.mm10-plus-2-0-1	one_assay_suffix	18m	1	nan	CD8-positive, alpha-beta T cell	nan	nan	facs	18_46_F	1101776.0	1906.0	female	Striatum 	Brain_Non-Myeloid	nan	4	9
K16_B002452_B009020_S256			18	K16_B002452_B009020_S256	18_47_F	Spleen	False	1	False	K16_B002452_B009020_S256.mm10-plus-0-0	exact_library_id_plus_documented_alignment_suffix	K16_B002452_B009020_S256.mm10-plus-0-0-1	one_assay_suffix	18m	1	nan	CD4-positive, alpha-beta T cell	nan	Cd3e T cell	facs	18_47_F	1504581.0	2400.0	female	nan	Spleen	nan	4	21
K16_B002549_S256	26.0	5.0	18	K16_B002549_S256			True	1	False	__unmatched__K16_B002549_S256	unmatched_library		unmatched																
K16_B003007_B009008_S256			18	K16_B003007_B009008_S256	18_46_F	Thymus	False	1	False	K16_B003007_B009008_S256.mm10-plus-7-0	exact_library_id_plus_documented_alignment_suffix	K16_B003007_B009008_S256.mm10-plus-7-0-1	one_assay_suffix	18m	1	nan	macrophage	nan	macrophage	facs	18_46_F	1057539.0	2212.0	female	Thymus Flowthrough	Thymus	nan	21	23
K16_B003017_B009010_S256			18	K16_B003017_B009010_S256	18_45_M	Thymus	False	1	False	K16_B003017_B009010_S256.mm10-plus-7-0	exact_library_id_plus_documented_alignment_suffix	K16_B003017_B009010_S256.mm10-plus-7-0-1	one_assay_suffix	18m	1	nan	thymocyte	nan	DN to DP transition (most are Cd8+/ Cd4+, some undergoing VDJ recombination)	facs	18_45_M	829216.0	973.0	male	Thymus Flowthrough	Thymus	nan	21	23
K17_B000236_B009007_S257			18	K17_B000236_B009007_S257	18_53_M	Thymus	False	1	False	K17_B000236_B009007_S257.mm10-plus-8-0	exact_library_id_plus_documented_alignment_suffix	K17_B000236_B009007_S257.mm10-plus-8-0-1	one_assay_suffix	18m	1	nan	thymocyte	nan	DN to DP transition (most are Cd8+/ Cd4+, some undergoing VDJ recombination)	facs	18_53_M	345080.0	1584.0	male	Thymus Flowthrough	Thymus	nan	21	23
K17_B000263_B007344_S257			18	K17_B000263_B007344_S257	18_46_F	Trachea	False	1	False	K17_B000263_B007344_S257.mm10-plus-7-0	exact_library_id_plus_documented_alignment_suffix	K17_B000263_B007344_S257.mm10-plus-7-0-1	one_assay_suffix	18m	1	nan	T cell	nan	nan	facs	18_46_F	3679884.0	2632.0	female	nan	Trachea	nan	4	21
K17_B003007_B009008_S257	53.0	3.0	18	K17_B003007_B009008_S257	18_46_F	Thymus	True	3	True	K17_B003007_B009008_S257.mm10-plus-7-0	exact_library_id_plus_documented_alignment_suffix	K17_B003007_B009008_S257.mm10-plus-7-0-1	one_assay_suffix	18m	1	nan	DN4 thymocyte	nan	DN4 thymocyte	facs	18_46_F	130778.0	3175.0	female	Thymus Flowthrough	Thymus	nan	4	21
K17_D045326_B009461_S77			18	K17_D045326_B009461_S77	18_45_M	Brain_Non-Myeloid	False	1	False	K17_D045326_B009461_S77.mm10-plus-1-0	exact_library_id_plus_documented_alignment_suffix	K17_D045326_B009461_S77.mm10-plus-1-0-1	one_assay_suffix	18m	1	nan	interneuron	nan	nan	facs	18_45_M	549401.0	1265.0	male	Cerebellum 	Brain_Non-Myeloid	nan	14	16
K18_B000236_B009007_S258			18	K18_B000236_B009007_S258	18_53_M	Thymus	False	1	False	K18_B000236_B009007_S258.mm10-plus-8-0	exact_library_id_plus_documented_alignment_suffix	K18_B000236_B009007_S258.mm10-plus-8-0-1	one_assay_suffix	18m	1	nan	thymocyte	nan	DN to DP transition (most are Cd8+/ Cd4+, some undergoing VDJ recombination)	facs	18_53_M	237617.0	1417.0	male	Thymus Flowthrough	Thymus	nan	21	23
K18_B000815_B009021_S258			18	K18_B000815_B009021_S258	18_46_F	Skin	False	1	False	K18_B000815_B009021_S258.mm10-plus-8-0	exact_library_id_plus_documented_alignment_suffix	K18_B000815_B009021_S258.mm10-plus-8-0-1	one_assay_suffix	18m	1	nan	T cell	nan	nan	facs	18_46_F	1506229.0	6020.0	female	Skin Anagen	Skin	nan	39	45
K18_B002843_B009897_S258	26.0	5.0	18	K18_B002843_B009897_S258	18_47_F	Lung	True	1	False	K18_B002843_B009897_S258.mm10-plus-6-0	exact_library_id_plus_documented_alignment_suffix	K18_B002843_B009897_S258.mm10-plus-6-0-1	one_assay_suffix	18m	1	nan	CD8-positive, alpha-beta T cell	nan	CD8+ T	facs	18_47_F	2034751.0	2352.0	female	EPCAM	Lung	nan	4	9
K18_B003007_B009008_S258			18	K18_B003007_B009008_S258	18_46_F	Thymus	False	1	False	K18_B003007_B009008_S258.mm10-plus-7-0	exact_library_id_plus_documented_alignment_suffix	K18_B003007_B009008_S258.mm10-plus-7-0-1	one_assay_suffix	18m	1	nan	DN4 thymocyte	nan	DN4 thymocyte	facs	18_46_F	1109546.0	1784.0	female	Thymus Flowthrough	Thymus	nan	6	5
K18_B003017_B009010_S258			18	K18_B003017_B009010_S258	18_45_M	Thymus	False	1	False	K18_B003017_B009010_S258.mm10-plus-7-0	exact_library_id_plus_documented_alignment_suffix	K18_B003017_B009010_S258.mm10-plus-7-0-1	one_assay_suffix	18m	1	nan	thymocyte	nan	DN to DP transition (most are Cd8+/ Cd4+, some undergoing VDJ recombination)	facs	18_45_M	10788.0	735.0	male	Thymus Flowthrough	Thymus	nan	21	23
K19_B000236_B009007_S259			18	K19_B000236_B009007_S259	18_53_M	Thymus	False	1	False	K19_B000236_B009007_S259.mm10-plus-8-0	exact_library_id_plus_documented_alignment_suffix	K19_B000236_B009007_S259.mm10-plus-8-0-1	one_assay_suffix	18m	1	nan	thymocyte	nan	DN to DP transition (most are Cd8+/ Cd4+, some undergoing VDJ recombination)	facs	18_53_M	610465.0	1551.0	male	Thymus Flowthrough	Thymus	nan	21	23
K19_B001363_B009260_S199	0.0	2.0	18	K19_B001363_B009260_S199	18_46_F	Brain_Non-Myeloid	True	2	True	K19_B001363_B009260_S199.mm10-plus-1-0	exact_library_id_plus_documented_alignment_suffix	K19_B001363_B009260_S199.mm10-plus-1-0-1	one_assay_suffix	18m	1	nan	CD8-positive, alpha-beta T cell	nan	nan	facs	18_46_F	1827380.0	1998.0	female	Cerebellum 	Brain_Non-Myeloid	nan	4	9
K19_B001369_B009009_S259			18	K19_B001369_B009009_S259	18_47_F	Thymus	False	1	False	K19_B001369_B009009_S259.mm10-plus-7-0	exact_library_id_plus_documented_alignment_suffix	K19_B001369_B009009_S259.mm10-plus-7-0-1	one_assay_suffix	18m	1	nan	DN4 thymocyte	nan	DN4 thymocyte	facs	18_47_F	538263.0	2002.0	female	Thymus Flowthrough	Thymus	nan	6	5
K19_B002452_B009020_S259			18	K19_B002452_B009020_S259	18_47_F	Spleen	False	1	False	K19_B002452_B009020_S259.mm10-plus-0-0	exact_library_id_plus_documented_alignment_suffix	K19_B002452_B009020_S259.mm10-plus-0-0-1	one_assay_suffix	18m	1	nan	CD8-positive, alpha-beta T cell	nan	nan	facs	18_47_F	3190458.0	3696.0	female	nan	Spleen	nan	4	9
K19_B002709_B009018_S259			18	K19_B002709_B009018_S259	18_53_M	Spleen	False	1	False	K19_B002709_B009018_S259.mm10-plus-7-0	exact_library_id_plus_documented_alignment_suffix	K19_B002709_B009018_S259.mm10-plus-7-0-1	one_assay_suffix	18m	1	nan	CD4-positive, alpha-beta T cell	nan	Cd3e T cell	facs	18_53_M	720593.0	1703.0	male	nan	Spleen	nan	4	21
K19_B002828_B007462_S259	2.0	11.0	18	K19_B002828_B007462_S259	18_47_F	Marrow	True	11	True	K19_B002828_B007462_S259.mm10-plus-6-0	exact_library_id_plus_documented_alignment_suffix	K19_B002828_B007462_S259.mm10-plus-6-0-1	one_assay_suffix	18m	1	nan	CD4-positive, alpha-beta T cell	nan	BM CD4 T cell	facs	18_47_F	697791.0	2301.0	female	T cells	Marrow	nan	4	21
K19_B003007_B009008_S259			18	K19_B003007_B009008_S259	18_46_F	Thymus	False	1	False	K19_B003007_B009008_S259.mm10-plus-7-0	exact_library_id_plus_documented_alignment_suffix	K19_B003007_B009008_S259.mm10-plus-7-0-1	one_assay_suffix	18m	1	nan	DN4 thymocyte	nan	DN4 thymocyte	facs	18_46_F	1077095.0	2727.0	female	Thymus Flowthrough	Thymus	nan	4	21
K19_B003017_B009010_S259			18	K19_B003017_B009010_S259	18_45_M	Thymus	False	1	False	K19_B003017_B009010_S259.mm10-plus-7-0	exact_library_id_plus_documented_alignment_suffix	K19_B003017_B009010_S259.mm10-plus-7-0-1	one_assay_suffix	18m	1	nan	thymocyte	nan	DN to DP transition (most are Cd8+/ Cd4+, some undergoing VDJ recombination)	facs	18_45_M	141576.0	907.0	male	Thymus Flowthrough	Thymus	nan	21	23
K1_B000795_B008545_S241			18	K1_B000795_B008545_S241	18_47_F	MAT	False	1	False	K1_B000795_B008545_S241.mm10-plus-3-0	exact_library_id_plus_documented_alignment_suffix	K1_B000795_B008545_S241.mm10-plus-3-0-1	one_assay_suffix	18m	1	nan	CD4-positive, alpha-beta T cell	nan	nan	facs	18_47_F	1012816.0	1469.0	female	Fat	MAT	nan	4	21
K1_B001366_B009293_S133	34.0	10.0	18	K1_B001366_B009293_S133	18_46_F	Brain_Non-Myeloid	True	10	True	K1_B001366_B009293_S133.mm10-plus-1-0	exact_library_id_plus_documented_alignment_suffix	K1_B001366_B009293_S133.mm10-plus-1-0-1	one_assay_suffix	18m	1	nan	CD8-positive, alpha-beta T cell	nan	nan	facs	18_46_F	824396.0	1234.0	female	Cerebellum 	Brain_Non-Myeloid	nan	4	9
K1_B001369_B009009_S241			18	K1_B001369_B009009_S241	18_47_F	Thymus	False	1	False	K1_B001369_B009009_S241.mm10-plus-7-0	exact_library_id_plus_documented_alignment_suffix	K1_B001369_B009009_S241.mm10-plus-7-0-1	one_assay_suffix	18m	1	nan	DN4 thymocyte	nan	DN4 thymocyte	facs	18_47_F	1029820.0	2432.0	female	Thymus Flowthrough	Thymus	nan	6	5
K1_B002452_B009020_S241			18	K1_B002452_B009020_S241	18_47_F	Spleen	False	1	False	K1_B002452_B009020_S241.mm10-plus-0-0	exact_library_id_plus_documented_alignment_suffix	K1_B002452_B009020_S241.mm10-plus-0-0-1	one_assay_suffix	18m	1	nan	CD4-positive, alpha-beta T cell	nan	Cd3e T cell	facs	18_47_F	976948.0	2522.0	female	nan	Spleen	nan	6	5
K1_B002828_B007462_S241	2.0	11.0	18	K1_B002828_B007462_S241	18_47_F	Marrow	True	11	True	K1_B002828_B007462_S241.mm10-plus-6-0	exact_library_id_plus_documented_alignment_suffix	K1_B002828_B007462_S241.mm10-plus-6-0-1	one_assay_suffix	18m	1	nan	CD4-positive, alpha-beta T cell	nan	BM CD4 T cell	facs	18_47_F	403579.0	2176.0	female	T cells	Marrow	nan	4	21
K1_B003007_B009008_S241			18	K1_B003007_B009008_S241	18_46_F	Thymus	False	1	False	K1_B003007_B009008_S241.mm10-plus-7-0	exact_library_id_plus_documented_alignment_suffix	K1_B003007_B009008_S241.mm10-plus-7-0-1	one_assay_suffix	18m	1	nan	DN4 thymocyte	nan	DN4 thymocyte	facs	18_46_F	1806830.0	2892.0	female	Thymus Flowthrough	Thymus	nan	4	21
K1_B003017_B009010_S241			18	K1_B003017_B009010_S241	18_45_M	Thymus	False	1	False	K1_B003017_B009010_S241.mm10-plus-7-0	exact_library_id_plus_documented_alignment_suffix	K1_B003017_B009010_S241.mm10-plus-7-0-1	one_assay_suffix	18m	1	nan	DN4 thymocyte	nan	DN4 thymocyte	facs	18_45_M	1416754.0	1201.0	male	Thymus Flowthrough	Thymus	nan	6	5
K1_D045405_B009854_S241			18	K1_D045405_B009854_S241	18_45_M	Marrow	False	1	False	K1_D045405_B009854_S241.mm10-plus-6-0	exact_library_id_plus_documented_alignment_suffix	K1_D045405_B009854_S241.mm10-plus-6-0-1	one_assay_suffix	18m	1	nan	granulocytopoietic cell	nan	granulocytopoietic cell	facs	18_45_M	5285664.0	4283.0	male	T cells	Marrow	nan	12	18
K20_B000236_B009007_S260			18	K20_B000236_B009007_S260	18_53_M	Thymus	False	1	False	K20_B000236_B009007_S260.mm10-plus-8-0	exact_library_id_plus_documented_alignment_suffix	K20_B000236_B009007_S260.mm10-plus-8-0-1	one_assay_suffix	18m	1	nan	thymocyte	nan	proliferating thymocyte; DN to DP transition, dividing (some are Cd8+/ Cd4+, some undergoing VDJ recombination)	facs	18_53_M	2860120.0	4855.0	male	Thymus Flowthrough	Thymus	nan	21	23
K20_B000524_B009242_S260	62.0	2.0	18	K20_B000524_B009242_S260	18_53_M	Trachea	True	2	True	K20_B000524_B009242_S260.mm10-plus-0-0	exact_library_id_plus_documented_alignment_suffix	K20_B000524_B009242_S260.mm10-plus-0-0-1	one_assay_suffix	18m	1	nan	basal epithelial cell of tracheobronchial tree	nan	nan	facs	18_53_M	664059.0	811.0	male	nan	Trachea	nan	6	5
K20_B002843_B009897_S260	133.0	2.0	18	K20_B002843_B009897_S260	18_47_F	Lung	True	2	True	K20_B002843_B009897_S260.mm10-plus-6-0	exact_library_id_plus_documented_alignment_suffix	K20_B002843_B009897_S260.mm10-plus-6-0-1	one_assay_suffix	18m	1	nan	CD8-positive, alpha-beta T cell	nan	CD8+ T	facs	18_47_F	215493.0	813.0	female	EPCAM	Lung	nan	4	9
K20_B003007_B009008_S260			18	K20_B003007_B009008_S260	18_46_F	Thymus	False	1	False	K20_B003007_B009008_S260.mm10-plus-7-0	exact_library_id_plus_documented_alignment_suffix	K20_B003007_B009008_S260.mm10-plus-7-0-1	one_assay_suffix	18m	1	nan	DN4 thymocyte	nan	DN4 thymocyte	facs	18_46_F	1374356.0	1870.0	female	Thymus Flowthrough	Thymus	nan	6	5
K20_D045405_B009854_S260			18	K20_D045405_B009854_S260	18_45_M	Marrow	False	1	False	K20_D045405_B009854_S260.mm10-plus-6-0	exact_library_id_plus_documented_alignment_suffix	K20_D045405_B009854_S260.mm10-plus-6-0-1	one_assay_suffix	18m	1	nan	mature alpha-beta T cell	nan	BM CD8 + CD4 T cell	facs	18_45_M	336879.0	2074.0	male	T cells	Marrow	nan	4	9
K21_B000236_B009007_S261			18	K21_B000236_B009007_S261	18_53_M	Thymus	False	1	False	K21_B000236_B009007_S261.mm10-plus-8-0	exact_library_id_plus_documented_alignment_suffix	K21_B000236_B009007_S261.mm10-plus-8-0-1	one_assay_suffix	18m	1	nan	thymocyte	nan	DN to DP transition (most are Cd8+/ Cd4+, some undergoing VDJ recombination)	facs	18_53_M	588580.0	1757.0	male	Thymus Flowthrough	Thymus	nan	21	23
K21_B002459_B007461_S261	110.0	9.0	18	K21_B002459_B007461_S261	18_46_F	Marrow	True	6	True	K21_B002459_B007461_S261.mm10-plus-8-0	exact_library_id_plus_documented_alignment_suffix	K21_B002459_B007461_S261.mm10-plus-8-0-1	one_assay_suffix	18m	1	nan	naive B cell	nan	naïve B cell	facs	18_46_F	827754.0	2955.0	female	T cells	Marrow	nan	4	9
K21_B003017_B009010_S261			18	K21_B003017_B009010_S261	18_45_M	Thymus	False	1	False	K21_B003017_B009010_S261.mm10-plus-7-0	exact_library_id_plus_documented_alignment_suffix	K21_B003017_B009010_S261.mm10-plus-7-0-1	one_assay_suffix	18m	1	nan	thymocyte	nan	DN to DP transition (most are Cd8+/ Cd4+, some undergoing VDJ recombination)	facs	18_45_M	249185.0	1352.0	male	Thymus Flowthrough	Thymus	nan	21	23
K22_B000171_B009952_S262	121.0	2.0	18	K22_B000171_B009952_S262	18_53_M	Heart	True	2	True	K22_B000171_B009952_S262.mm10-plus-8-0	exact_library_id_plus_documented_alignment_suffix	K22_B000171_B009952_S262.mm10-plus-8-0-1	one_assay_suffix	18m	1	nan	T cell	nan	T cell	facs	18_53_M	1442989.0	2068.0	male	RA	Heart	nan	4	9
K22_B000236_B009007_S262			18	K22_B000236_B009007_S262	18_53_M	Thymus	False	1	False	K22_B000236_B009007_S262.mm10-plus-8-0	exact_library_id_plus_documented_alignment_suffix	K22_B000236_B009007_S262.mm10-plus-8-0-1	one_assay_suffix	18m	1	nan	thymocyte	nan	DN to DP transition (most are Cd8+/ Cd4+, some undergoing VDJ recombination)	facs	18_53_M	408812.0	1615.0	male	Thymus Flowthrough	Thymus	nan	21	23
K22_B000930_B007449_S262	26.0	5.0	18	K22_B000930_B007449_S262	18_46_F	Limb_Muscle	True	2	True	K22_B000930_B007449_S262.mm10-plus-6-0	exact_library_id_plus_documented_alignment_suffix	K22_B000930_B007449_S262.mm10-plus-6-0-1	one_assay_suffix	18m	1	nan	mesenchymal stem cell	nan	nan	facs	18_46_F	1387569.0	3149.0	female	Muscle forelimb and hindlimb	Limb_Muscle	nan	1	1
K22_B001365_B009253_S118	4.0	4.0	18	K22_B001365_B009253_S118	18_47_F	Brain_Non-Myeloid	True	2	True	K22_B001365_B009253_S118.mm10-plus-1-0	exact_library_id_plus_documented_alignment_suffix	K22_B001365_B009253_S118.mm10-plus-1-0-1	one_assay_suffix	18m	1	nan	CD8-positive, alpha-beta T cell	nan	nan	facs	18_47_F	1179525.0	1949.0	female	Cerebellum 	Brain_Non-Myeloid	nan	4	9
K22_B001369_B009009_S262			18	K22_B001369_B009009_S262	18_47_F	Thymus	False	1	False	K22_B001369_B009009_S262.mm10-plus-7-0	exact_library_id_plus_documented_alignment_suffix	K22_B001369_B009009_S262.mm10-plus-7-0-1	one_assay_suffix	18m	1	nan	DN4 thymocyte	nan	DN4 thymocyte	facs	18_47_F	1428503.0	2263.0	female	Thymus Flowthrough	Thymus	nan	6	5
K22_B002459_B007461_S262			18	K22_B002459_B007461_S262	18_46_F	Marrow	False	1	False	K22_B002459_B007461_S262.mm10-plus-8-0	exact_library_id_plus_documented_alignment_suffix	K22_B002459_B007461_S262.mm10-plus-8-0-1	one_assay_suffix	18m	1	nan	CD4-positive, alpha-beta T cell	nan	BM CD4 T cell	facs	18_46_F	792660.0	3015.0	female	T cells	Marrow	nan	4	21
K2_B001369_B009009_S242			18	K2_B001369_B009009_S242	18_47_F	Thymus	False	1	False	K2_B001369_B009009_S242.mm10-plus-7-0	exact_library_id_plus_documented_alignment_suffix	K2_B001369_B009009_S242.mm10-plus-7-0-1	one_assay_suffix	18m	1	nan	DN4 thymocyte	nan	DN4 thymocyte	facs	18_47_F	947577.0	2032.0	female	Thymus Flowthrough	Thymus	nan	6	5
K2_B002709_B009018_S242	24.0	11.0	18	K2_B002709_B009018_S242	18_53_M	Spleen	True	11	True	K2_B002709_B009018_S242.mm10-plus-7-0	exact_library_id_plus_documented_alignment_suffix	K2_B002709_B009018_S242.mm10-plus-7-0-1	one_assay_suffix	18m	1	nan	CD8-positive, alpha-beta T cell	nan	nan	facs	18_53_M	1886838.0	2834.0	male	nan	Spleen	nan	4	9
K2_B003007_B009008_S242			18	K2_B003007_B009008_S242	18_46_F	Thymus	False	1	False	K2_B003007_B009008_S242.mm10-plus-7-0	exact_library_id_plus_documented_alignment_suffix	K2_B003007_B009008_S242.mm10-plus-7-0-1	one_assay_suffix	18m	1	nan	DN4 thymocyte	nan	DN4 thymocyte	facs	18_46_F	1088715.0	2021.0	female	Thymus Flowthrough	Thymus	nan	6	5
K2_B003017_B009010_S242			18	K2_B003017_B009010_S242	18_45_M	Thymus	False	1	False	K2_B003017_B009010_S242.mm10-plus-7-0	exact_library_id_plus_documented_alignment_suffix	K2_B003017_B009010_S242.mm10-plus-7-0-1	one_assay_suffix	18m	1	nan	thymocyte	nan	DN to DP transition (most are Cd8+/ Cd4+, some undergoing VDJ recombination)	facs	18_45_M	1015885.0	909.0	male	Thymus Flowthrough	Thymus	nan	21	23
K3_B000236_B009007_S243			18	K3_B000236_B009007_S243	18_53_M	Thymus	False	1	False	K3_B000236_B009007_S243.mm10-plus-8-0	exact_library_id_plus_documented_alignment_suffix	K3_B000236_B009007_S243.mm10-plus-8-0-1	one_assay_suffix	18m	1	nan	DN4 thymocyte	nan	DN4 thymocyte	facs	18_53_M	677148.0	2041.0	male	Thymus Flowthrough	Thymus	nan	4	9
K3_B001369_B009009_S243			18	K3_B001369_B009009_S243	18_47_F	Thymus	False	1	False	K3_B001369_B009009_S243.mm10-plus-7-0	exact_library_id_plus_documented_alignment_suffix	K3_B001369_B009009_S243.mm10-plus-7-0-1	one_assay_suffix	18m	1	nan	DN4 thymocyte	nan	DN4 thymocyte	facs	18_47_F	535673.0	2732.0	female	Thymus Flowthrough	Thymus	nan	6	5
K3_B002459_B007461_S243	10.0	18.0	18	K3_B002459_B007461_S243	18_46_F	Marrow	True	18	True	K3_B002459_B007461_S243.mm10-plus-8-0	exact_library_id_plus_documented_alignment_suffix	K3_B002459_B007461_S243.mm10-plus-8-0-1	one_assay_suffix	18m	1	nan	mature alpha-beta T cell	nan	BM CD8 + CD4 T cell	facs	18_46_F	1717659.0	5364.0	female	T cells	Marrow	nan	40	47
K3_B003007_B009008_S243			18	K3_B003007_B009008_S243	18_46_F	Thymus	False	1	False	K3_B003007_B009008_S243.mm10-plus-7-0	exact_library_id_plus_documented_alignment_suffix	K3_B003007_B009008_S243.mm10-plus-7-0-1	one_assay_suffix	18m	1	nan	DN4 thymocyte	nan	DN4 thymocyte	facs	18_46_F	1989000.0	2244.0	female	Thymus Flowthrough	Thymus	nan	6	5
K4_B000236_B009007_S244			18	K4_B000236_B009007_S244	18_53_M	Thymus	False	1	False	K4_B000236_B009007_S244.mm10-plus-8-0	exact_library_id_plus_documented_alignment_suffix	K4_B000236_B009007_S244.mm10-plus-8-0-1	one_assay_suffix	18m	1	nan	DN4 thymocyte	nan	DN4 thymocyte	facs	18_53_M	513118.0	1894.0	male	Thymus Flowthrough	Thymus	nan	6	5
K4_B000482_B009012_S244			18	K4_B000482_B009012_S244	18_46_F	Thymus	False	1	False	K4_B000482_B009012_S244.mm10-plus-8-0	exact_library_id_plus_documented_alignment_suffix		unmatched																
K4_B001369_B009009_S244			18	K4_B001369_B009009_S244	18_47_F	Thymus	False	1	False	K4_B001369_B009009_S244.mm10-plus-7-0	exact_library_id_plus_documented_alignment_suffix	K4_B001369_B009009_S244.mm10-plus-7-0-1	one_assay_suffix	18m	1	nan	DN4 thymocyte	nan	DN4 thymocyte	facs	18_47_F	840395.0	2611.0	female	Thymus Flowthrough	Thymus	nan	6	5
K4_B002459_B007461_S244	8.0	3.0	18	K4_B002459_B007461_S244	18_46_F	Marrow	True	3	True	K4_B002459_B007461_S244.mm10-plus-8-0	exact_library_id_plus_documented_alignment_suffix	K4_B002459_B007461_S244.mm10-plus-8-0-1	one_assay_suffix	18m	1	nan	CD4-positive, alpha-beta T cell	nan	BM CD4 T cell	facs	18_46_F	1247855.0	3044.0	female	T cells	Marrow	nan	4	21
K4_B002466_B009898_S244			18	K4_B002466_B009898_S244	18_45_M	Lung	False	1	False	K4_B002466_B009898_S244.mm10-plus-4-0	exact_library_id_plus_documented_alignment_suffix	K4_B002466_B009898_S244.mm10-plus-4-0-1	one_assay_suffix	18m	1	nan	CD8-positive, alpha-beta T cell	nan	CD8+ T	facs	18_45_M	442820.0	1708.0	male	EPCAM	Lung	nan	4	9
K4_B002828_B007462_S244			18	K4_B002828_B007462_S244	18_47_F	Marrow	False	1	False	K4_B002828_B007462_S244.mm10-plus-6-0	exact_library_id_plus_documented_alignment_suffix	K4_B002828_B007462_S244.mm10-plus-6-0-1	one_assay_suffix	18m	1	nan	mature alpha-beta T cell	nan	BM CD8 + CD4 T cell	facs	18_47_F	519259.0	2408.0	female	T cells	Marrow	nan	4	9
K4_B003017_B009010_S244			18	K4_B003017_B009010_S244	18_45_M	Thymus	False	1	False	K4_B003017_B009010_S244.mm10-plus-7-0	exact_library_id_plus_documented_alignment_suffix	K4_B003017_B009010_S244.mm10-plus-7-0-1	one_assay_suffix	18m	1	nan	thymocyte	nan	DN to DP transition (most are Cd8+/ Cd4+, some undergoing VDJ recombination)	facs	18_45_M	1046544.0	1049.0	male	Thymus Flowthrough	Thymus	nan	21	23
K5_B000236_B009007_S245			18	K5_B000236_B009007_S245	18_53_M	Thymus	False	1	False	K5_B000236_B009007_S245.mm10-plus-8-0	exact_library_id_plus_documented_alignment_suffix	K5_B000236_B009007_S245.mm10-plus-8-0-1	one_assay_suffix	18m	1	nan	DN4 thymocyte	nan	DN4 thymocyte	facs	18_53_M	877585.0	2834.0	male	Thymus Flowthrough	Thymus	nan	6	5
K5_B000767_B009945_S245	110.0	9.0	18	K5_B000767_B009945_S245	18_46_F	Liver	True	6	True	K5_B000767_B009945_S245.mm10-plus-4-0	exact_library_id_plus_documented_alignment_suffix	K5_B000767_B009945_S245.mm10-plus-4-0-1	one_assay_suffix	18m	1	nan	CD8-positive, alpha-beta T cell	nan	nan	facs	18_46_F	1017875.0	1337.0	female	Liver non-hepato/SCs	Liver	nan	4	9
K5_B001369_B009009_S245			18	K5_B001369_B009009_S245	18_47_F	Thymus	False	1	False	K5_B001369_B009009_S245.mm10-plus-7-0	exact_library_id_plus_documented_alignment_suffix	K5_B001369_B009009_S245.mm10-plus-7-0-1	one_assay_suffix	18m	1	nan	DN4 thymocyte	nan	DN4 thymocyte	facs	18_47_F	941357.0	2111.0	female	Thymus Flowthrough	Thymus	nan	6	5
K5_B002452_B009020_S245			18	K5_B002452_B009020_S245	18_47_F	Spleen	False	1	False	K5_B002452_B009020_S245.mm10-plus-0-0	exact_library_id_plus_documented_alignment_suffix	K5_B002452_B009020_S245.mm10-plus-0-0-1	one_assay_suffix	18m	1	nan	CD8-positive, alpha-beta T cell	nan	Cd3e T cell	facs	18_47_F	585831.0	3124.0	female	nan	Spleen	nan	6	5
K5_B002459_B007461_S245			18	K5_B002459_B007461_S245	18_46_F	Marrow	False	1	False	K5_B002459_B007461_S245.mm10-plus-8-0	exact_library_id_plus_documented_alignment_suffix	K5_B002459_B007461_S245.mm10-plus-8-0-1	one_assay_suffix	18m	1	nan	CD4-positive, alpha-beta T cell	nan	BM CD4 T cell	facs	18_46_F	1157273.0	3640.0	female	T cells	Marrow	nan	4	33
K5_B002828_B007462_S245			18	K5_B002828_B007462_S245	18_47_F	Marrow	False	1	False	K5_B002828_B007462_S245.mm10-plus-6-0	exact_library_id_plus_documented_alignment_suffix	K5_B002828_B007462_S245.mm10-plus-6-0-1	one_assay_suffix	18m	1	nan	CD4-positive, alpha-beta T cell	nan	BM CD4 T cell	facs	18_47_F	914115.0	3022.0	female	T cells	Marrow	nan	4	21
K5_B003007_B009008_S245			18	K5_B003007_B009008_S245	18_46_F	Thymus	False	1	False	K5_B003007_B009008_S245.mm10-plus-7-0	exact_library_id_plus_documented_alignment_suffix	K5_B003007_B009008_S245.mm10-plus-7-0-1	one_assay_suffix	18m	1	nan	DN4 thymocyte	nan	DN4 thymocyte	facs	18_46_F	1164008.0	1635.0	female	Thymus Flowthrough	Thymus	nan	6	5
K5_B003017_B009010_S245			18	K5_B003017_B009010_S245	18_45_M	Thymus	False	1	False	K5_B003017_B009010_S245.mm10-plus-7-0	exact_library_id_plus_documented_alignment_suffix	K5_B003017_B009010_S245.mm10-plus-7-0-1	one_assay_suffix	18m	1	nan	thymocyte	nan	DN to DP transition (most are Cd8+/ Cd4+, some undergoing VDJ recombination)	facs	18_45_M	994742.0	885.0	male	Thymus Flowthrough	Thymus	nan	21	23
K5_D045342_B009019_S245			18	K5_D045342_B009019_S245	18_45_M	Spleen	False	1	False	K5_D045342_B009019_S245.mm10-plus-0-0	exact_library_id_plus_documented_alignment_suffix	K5_D045342_B009019_S245.mm10-plus-0-0-1	one_assay_suffix	18m	1	nan	CD4-positive, alpha-beta T cell	nan	Cd3e T cell	facs	18_45_M	1144461.0	1282.0	male	nan	Spleen	nan	4	21
K6_B000236_B009007_S246			18	K6_B000236_B009007_S246	18_53_M	Thymus	False	1	False	K6_B000236_B009007_S246.mm10-plus-8-0	exact_library_id_plus_documented_alignment_suffix	K6_B000236_B009007_S246.mm10-plus-8-0-1	one_assay_suffix	18m	1	nan	DN4 thymocyte	nan	DN4 thymocyte	facs	18_53_M	252185.0	2183.0	male	Thymus Flowthrough	Thymus	nan	6	5
K6_B002459_B007461_S246			18	K6_B002459_B007461_S246	18_46_F	Marrow	False	1	False	K6_B002459_B007461_S246.mm10-plus-8-0	exact_library_id_plus_documented_alignment_suffix	K6_B002459_B007461_S246.mm10-plus-8-0-1	one_assay_suffix	18m	1	nan	naive B cell	nan	naïve B cell	facs	18_46_F	901847.0	3249.0	female	T cells	Marrow	nan	4	9
K6_B002466_B009898_S246			18	K6_B002466_B009898_S246	18_45_M	Lung	False	1	False	K6_B002466_B009898_S246.mm10-plus-4-0	exact_library_id_plus_documented_alignment_suffix	K6_B002466_B009898_S246.mm10-plus-4-0-1	one_assay_suffix	18m	1	nan	regulatory T cell	nan	Regulatory T	facs	18_45_M	725530.0	2019.0	male	EPCAM	Lung	nan	4	21
K6_B002843_B009897_S246	97.0	6.0	18	K6_B002843_B009897_S246	18_47_F	Lung	True	6	True	K6_B002843_B009897_S246.mm10-plus-6-0	exact_library_id_plus_documented_alignment_suffix	K6_B002843_B009897_S246.mm10-plus-6-0-1	one_assay_suffix	18m	1	nan	CD8-positive, alpha-beta T cell	nan	CD8+ T	facs	18_47_F	1365964.0	3449.0	female	EPCAM	Lung	nan	4	9
K6_B003017_B009010_S246			18	K6_B003017_B009010_S246	18_45_M	Thymus	False	1	False	K6_B003017_B009010_S246.mm10-plus-7-0	exact_library_id_plus_documented_alignment_suffix	K6_B003017_B009010_S246.mm10-plus-7-0-1	one_assay_suffix	18m	1	nan	thymocyte	nan	DN to DP transition (most are Cd8+/ Cd4+, some undergoing VDJ recombination)	facs	18_45_M	931448.0	968.0	male	Thymus Flowthrough	Thymus	nan	21	23
K7_B000236_B009007_S247			18	K7_B000236_B009007_S247	18_53_M	Thymus	False	1	False	K7_B000236_B009007_S247.mm10-plus-8-0	exact_library_id_plus_documented_alignment_suffix	K7_B000236_B009007_S247.mm10-plus-8-0-1	one_assay_suffix	18m	1	nan	DN4 thymocyte	nan	DN4 thymocyte	facs	18_53_M	455659.0	2057.0	male	Thymus Flowthrough	Thymus	nan	6	5
K7_B001369_B009009_S247			18	K7_B001369_B009009_S247	18_47_F	Thymus	False	1	False	K7_B001369_B009009_S247.mm10-plus-7-0	exact_library_id_plus_documented_alignment_suffix	K7_B001369_B009009_S247.mm10-plus-7-0-1	one_assay_suffix	18m	1	nan	DN4 thymocyte	nan	DN4 thymocyte	facs	18_47_F	511407.0	1975.0	female	Thymus Flowthrough	Thymus	nan	6	5
K7_B002350_B009947_S247	19.0	10.0	18	K7_B002350_B009947_S247	18_46_F	Kidney	True	9	True	K7_B002350_B009947_S247.mm10-plus-4-0	exact_library_id_plus_documented_alignment_suffix	K7_B002350_B009947_S247.mm10-plus-4-0-1	one_assay_suffix	18m	1	nan	T cell	nan	T cell	facs	18_46_F	1577270.0	2111.0	female	nan	Kidney	nan	4	9
K7_B002459_B007461_S247	136.0	2.0	18	K7_B002459_B007461_S247	18_46_F	Marrow	True	2	True	K7_B002459_B007461_S247.mm10-plus-8-0	exact_library_id_plus_documented_alignment_suffix	K7_B002459_B007461_S247.mm10-plus-8-0-1	one_assay_suffix	18m	1	nan	CD4-positive, alpha-beta T cell	nan	BM CD4 T cell	facs	18_46_F	1351532.0	3918.0	female	T cells	Marrow	nan	4	21
K7_B003007_B009008_S247			18	K7_B003007_B009008_S247	18_46_F	Thymus	False	1	False	K7_B003007_B009008_S247.mm10-plus-7-0	exact_library_id_plus_documented_alignment_suffix	K7_B003007_B009008_S247.mm10-plus-7-0-1	one_assay_suffix	18m	1	nan	DN4 thymocyte	nan	DN4 thymocyte	facs	18_46_F	1673495.0	2065.0	female	Thymus Flowthrough	Thymus	nan	4	21
K7_B003017_B009010_S247			18	K7_B003017_B009010_S247	18_45_M	Thymus	False	1	False	K7_B003017_B009010_S247.mm10-plus-7-0	exact_library_id_plus_documented_alignment_suffix	K7_B003017_B009010_S247.mm10-plus-7-0-1	one_assay_suffix	18m	1	nan	thymocyte	nan	DN to DP transition (most are Cd8+/ Cd4+, some undergoing VDJ recombination)	facs	18_45_M	673976.0	909.0	male	Thymus Flowthrough	Thymus	nan	21	23
K8_B000236_B009007_S248			18	K8_B000236_B009007_S248	18_53_M	Thymus	False	1	False	K8_B000236_B009007_S248.mm10-plus-8-0	exact_library_id_plus_documented_alignment_suffix	K8_B000236_B009007_S248.mm10-plus-8-0-1	one_assay_suffix	18m	1	nan	DN4 thymocyte	nan	DN4 thymocyte	facs	18_53_M	728272.0	2091.0	male	Thymus Flowthrough	Thymus	nan	6	5
K8_B000501_B008542_S248	94.0	9.0	18	K8_B000501_B008542_S248	18_45_M	SCAT	True	2	True	K8_B000501_B008542_S248.mm10-plus-6-0	exact_library_id_plus_documented_alignment_suffix	K8_B000501_B008542_S248.mm10-plus-6-0-1	one_assay_suffix	18m	1	nan	NK cell	nan	nan	facs	18_45_M	1332014.0	2065.0	male	Fat	SCAT	nan	4	21
K8_B002459_B007461_S248	82.0	2.0	18	K8_B002459_B007461_S248	18_46_F	Marrow	True	2	True	K8_B002459_B007461_S248.mm10-plus-8-0	exact_library_id_plus_documented_alignment_suffix	K8_B002459_B007461_S248.mm10-plus-8-0-1	one_assay_suffix	18m	1	nan	naive B cell	nan	naïve B cell	facs	18_46_F	1129603.0	3762.0	female	T cells	Marrow	nan	4	9
K8_B003007_B009008_S248			18	K8_B003007_B009008_S248	18_46_F	Thymus	False	1	False	K8_B003007_B009008_S248.mm10-plus-7-0	exact_library_id_plus_documented_alignment_suffix		unmatched																
K8_B003017_B009010_S248			18	K8_B003017_B009010_S248	18_45_M	Thymus	False	1	False	K8_B003017_B009010_S248.mm10-plus-7-0	exact_library_id_plus_documented_alignment_suffix	K8_B003017_B009010_S248.mm10-plus-7-0-1	one_assay_suffix	18m	1	nan	thymocyte	nan	DN to DP transition (most are Cd8+/ Cd4+, some undergoing VDJ recombination)	facs	18_45_M	691805.0	951.0	male	Thymus Flowthrough	Thymus	nan	21	23
K9_B000236_B009007_S249			18	K9_B000236_B009007_S249	18_53_M	Thymus	False	1	False	K9_B000236_B009007_S249.mm10-plus-8-0	exact_library_id_plus_documented_alignment_suffix	K9_B000236_B009007_S249.mm10-plus-8-0-1	one_assay_suffix	18m	1	nan	DN4 thymocyte	nan	DN4 thymocyte	facs	18_53_M	430025.0	1611.0	male	Thymus Flowthrough	Thymus	nan	6	5
K9_B000806_B008540_S249			18	K9_B000806_B008540_S249	18_46_F	MAT	False	1	False	K9_B000806_B008540_S249.mm10-plus-6-0	exact_library_id_plus_documented_alignment_suffix	K9_B000806_B008540_S249.mm10-plus-6-0-1	one_assay_suffix	18m	1	nan	CD4-positive, alpha-beta T cell	nan	nan	facs	18_46_F	1688143.0	1855.0	female	Fat	MAT	nan	4	21
K9_B001369_B009009_S249			18	K9_B001369_B009009_S249	18_47_F	Thymus	False	1	False	K9_B001369_B009009_S249.mm10-plus-7-0	exact_library_id_plus_documented_alignment_suffix	K9_B001369_B009009_S249.mm10-plus-7-0-1	one_assay_suffix	18m	1	nan	DN4 thymocyte	nan	DN4 thymocyte	facs	18_47_F	1896979.0	3195.0	female	Thymus Flowthrough	Thymus	nan	6	5
K9_B002549_S249	26.0	5.0	18	K9_B002549_S249			True	1	False	__unmatched__K9_B002549_S249	unmatched_library		unmatched																
K9_B003017_B009010_S249			18	K9_B003017_B009010_S249	18_45_M	Thymus	False	1	False	K9_B003017_B009010_S249.mm10-plus-7-0	exact_library_id_plus_documented_alignment_suffix	K9_B003017_B009010_S249.mm10-plus-7-0-1	one_assay_suffix	18m	1	nan	thymocyte	nan	DN to DP transition (most are Cd8+/ Cd4+, some undergoing VDJ recombination)	facs	18_45_M	951925.0	940.0	male	Thymus Flowthrough	Thymus	nan	21	23
L10_B000171_B009952_S274			18	L10_B000171_B009952_S274	18_53_M	Heart	False	1	False	L10_B000171_B009952_S274.mm10-plus-8-0	exact_library_id_plus_documented_alignment_suffix	L10_B000171_B009952_S274.mm10-plus-8-0-1	one_assay_suffix	18m	1	nan	T cell	nan	T cell	facs	18_53_M	869521.0	2012.0	male	RA	Heart	nan	4	9
L10_B000236_B009007_S274			18	L10_B000236_B009007_S274	18_53_M	Thymus	False	1	False	L10_B000236_B009007_S274.mm10-plus-8-0	exact_library_id_plus_documented_alignment_suffix	L10_B000236_B009007_S274.mm10-plus-8-0-1	one_assay_suffix	18m	1	nan	DN4 thymocyte	nan	DN4 thymocyte	facs	18_53_M	495426.0	2392.0	male	Thymus Flowthrough	Thymus	nan	6	5
L10_B001369_B009009_S274			18	L10_B001369_B009009_S274	18_47_F	Thymus	False	1	False	L10_B001369_B009009_S274.mm10-plus-7-0	exact_library_id_plus_documented_alignment_suffix	L10_B001369_B009009_S274.mm10-plus-7-0-1	one_assay_suffix	18m	1	nan	DN4 thymocyte	nan	DN4 thymocyte	facs	18_47_F	914224.0	2311.0	female	Thymus Flowthrough	Thymus	nan	6	5
L10_B002452_B009020_S274	81.0	2.0	18	L10_B002452_B009020_S274	18_47_F	Spleen	True	1	False	L10_B002452_B009020_S274.mm10-plus-0-0	exact_library_id_plus_documented_alignment_suffix	L10_B002452_B009020_S274.mm10-plus-0-0-1	one_assay_suffix	18m	1	nan	CD4-positive, alpha-beta T cell	nan	Cd3e T cell	facs	18_47_F	1041576.0	2507.0	female	nan	Spleen	nan	4	21
L10_B002828_B007462_S274			18	L10_B002828_B007462_S274	18_47_F	Marrow	False	1	False	L10_B002828_B007462_S274.mm10-plus-6-0	exact_library_id_plus_documented_alignment_suffix	L10_B002828_B007462_S274.mm10-plus-6-0-1	one_assay_suffix	18m	1	nan	CD4-positive, alpha-beta T cell	nan	BM CD4 T cell	facs	18_47_F	817503.0	2771.0	female	T cells	Marrow	nan	4	21
L10_B003017_B009010_S274			18	L10_B003017_B009010_S274	18_45_M	Thymus	False	1	False	L10_B003017_B009010_S274.mm10-plus-7-0	exact_library_id_plus_documented_alignment_suffix	L10_B003017_B009010_S274.mm10-plus-7-0-1	one_assay_suffix	18m	1	nan	thymocyte	nan	DN to DP transition (most are Cd8+/ Cd4+, some undergoing VDJ recombination)	facs	18_45_M	705024.0	1039.0	male	Thymus Flowthrough	Thymus	nan	21	23
L11_B000236_B009007_S275			18	L11_B000236_B009007_S275	18_53_M	Thymus	False	1	False	L11_B000236_B009007_S275.mm10-plus-8-0	exact_library_id_plus_documented_alignment_suffix	L11_B000236_B009007_S275.mm10-plus-8-0-1	one_assay_suffix	18m	1	nan	DN4 thymocyte	nan	DN4 thymocyte	facs	18_53_M	779853.0	2539.0	male	Thymus Flowthrough	Thymus	nan	4	9
L11_B000767_B009945_S275			18	L11_B000767_B009945_S275	18_46_F	Liver	False	1	False	L11_B000767_B009945_S275.mm10-plus-4-0	exact_library_id_plus_documented_alignment_suffix	L11_B000767_B009945_S275.mm10-plus-4-0-1	one_assay_suffix	18m	1	nan	mature NK T cell	nan	nan	facs	18_46_F	3139120.0	3257.0	female	Liver non-hepato/SCs	Liver	nan	4	21
L11_B002459_B007461_S275	89.0	3.0	18	L11_B002459_B007461_S275	18_46_F	Marrow	True	2	True	L11_B002459_B007461_S275.mm10-plus-8-0	exact_library_id_plus_documented_alignment_suffix	L11_B002459_B007461_S275.mm10-plus-8-0-1	one_assay_suffix	18m	1	nan	CD4-positive, alpha-beta T cell	nan	BM CD4 T cell	facs	18_46_F	314705.0	2298.0	female	T cells	Marrow	nan	4	21
L11_B002828_B007462_S275	2.0	11.0	18	L11_B002828_B007462_S275	18_47_F	Marrow	True	11	True	L11_B002828_B007462_S275.mm10-plus-6-0	exact_library_id_plus_documented_alignment_suffix	L11_B002828_B007462_S275.mm10-plus-6-0-1	one_assay_suffix	18m	1	nan	megakaryocyte-erythroid progenitor cell	nan	megakaryocyte-erythroid progenitor cell	facs	18_47_F	454639.0	3835.0	female	T cells	Marrow	nan	4	22
L11_B003007_B009008_S275			18	L11_B003007_B009008_S275	18_46_F	Thymus	False	1	False	L11_B003007_B009008_S275.mm10-plus-7-0	exact_library_id_plus_documented_alignment_suffix	L11_B003007_B009008_S275.mm10-plus-7-0-1	one_assay_suffix	18m	1	nan	DN4 thymocyte	nan	DN4 thymocyte	facs	18_46_F	1126109.0	2522.0	female	Thymus Flowthrough	Thymus	nan	4	9
L11_B003017_B009010_S275			18	L11_B003017_B009010_S275	18_45_M	Thymus	False	1	False	L11_B003017_B009010_S275.mm10-plus-7-0	exact_library_id_plus_documented_alignment_suffix	L11_B003017_B009010_S275.mm10-plus-7-0-1	one_assay_suffix	18m	1	nan	thymocyte	nan	DN to DP transition (most are Cd8+/ Cd4+, some undergoing VDJ recombination)	facs	18_45_M	640002.0	974.0	male	Thymus Flowthrough	Thymus	nan	21	23
L11_B003022_B008546_S275			18	L11_B003022_B008546_S275	18_45_M	MAT	False	1	False	L11_B003022_B008546_S275.mm10-plus-7-0	exact_library_id_plus_documented_alignment_suffix	L11_B003022_B008546_S275.mm10-plus-7-0-1	one_assay_suffix	18m	1	nan	CD8-positive, alpha-beta T cell	nan	nan	facs	18_45_M	887872.0	2319.0	male	Fat	MAT	nan	4	9
L11_D045344_B009254_S299			18	L11_D045344_B009254_S299	18_45_M	Brain_Non-Myeloid	False	1	False	L11_D045344_B009254_S299.mm10-plus-1-0	exact_library_id_plus_documented_alignment_suffix	L11_D045344_B009254_S299.mm10-plus-1-0-1	one_assay_suffix	18m	1	nan	CD8-positive, alpha-beta T cell	nan	nan	facs	18_45_M	6285785.0	2605.0	male	Cortex 	Brain_Non-Myeloid	nan	4	9
L12_B000236_B009007_S276			18	L12_B000236_B009007_S276	18_53_M	Thymus	False	1	False	L12_B000236_B009007_S276.mm10-plus-8-0	exact_library_id_plus_documented_alignment_suffix	L12_B000236_B009007_S276.mm10-plus-8-0-1	one_assay_suffix	18m	1	nan	thymocyte	nan	DN to DP transition (most are Cd8+/ Cd4+, some undergoing VDJ recombination)	facs	18_53_M	308213.0	1750.0	male	Thymus Flowthrough	Thymus	nan	21	23
L12_B001369_B009009_S276			18	L12_B001369_B009009_S276	18_47_F	Thymus	False	1	False	L12_B001369_B009009_S276.mm10-plus-7-0	exact_library_id_plus_documented_alignment_suffix	L12_B001369_B009009_S276.mm10-plus-7-0-1	one_assay_suffix	18m	1	nan	DN4 thymocyte	nan	DN4 thymocyte	facs	18_47_F	728429.0	2490.0	female	Thymus Flowthrough	Thymus	nan	6	5
L12_B002459_B007461_S276	103.0	3.0	18	L12_B002459_B007461_S276	18_46_F	Marrow	True	3	True	L12_B002459_B007461_S276.mm10-plus-8-0	exact_library_id_plus_documented_alignment_suffix	L12_B002459_B007461_S276.mm10-plus-8-0-1	one_assay_suffix	18m	1	nan	mature alpha-beta T cell	nan	BM CD8 + CD4 T cell	facs	18_46_F	521846.0	2663.0	female	T cells	Marrow	nan	4	9
L12_B002828_B007462_S276	9.0	9.0	18	L12_B002828_B007462_S276	18_47_F	Marrow	True	8	True	L12_B002828_B007462_S276.mm10-plus-6-0	exact_library_id_plus_documented_alignment_suffix	L12_B002828_B007462_S276.mm10-plus-6-0-1	one_assay_suffix	18m	1	nan	mature alpha-beta T cell	nan	BM CD8 + CD4 T cell	facs	18_47_F	235541.0	3033.0	female	T cells	Marrow	nan	4	9
L12_B003007_B009008_S276			18	L12_B003007_B009008_S276	18_46_F	Thymus	False	1	False	L12_B003007_B009008_S276.mm10-plus-7-0	exact_library_id_plus_documented_alignment_suffix	L12_B003007_B009008_S276.mm10-plus-7-0-1	one_assay_suffix	18m	1	nan	DN4 thymocyte	nan	DN4 thymocyte	facs	18_46_F	1371868.0	2084.0	female	Thymus Flowthrough	Thymus	nan	6	5
L12_D045405_B009854_S276			18	L12_D045405_B009854_S276	18_45_M	Marrow	False	1	False	L12_D045405_B009854_S276.mm10-plus-6-0	exact_library_id_plus_documented_alignment_suffix	L12_D045405_B009854_S276.mm10-plus-6-0-1	one_assay_suffix	18m	1	nan	mature alpha-beta T cell	nan	BM CD8 + CD4 T cell	facs	18_45_M	443141.0	1276.0	male	T cells	Marrow	nan	4	9
L13_B000236_B009007_S277			18	L13_B000236_B009007_S277	18_53_M	Thymus	False	1	False	L13_B000236_B009007_S277.mm10-plus-8-0	exact_library_id_plus_documented_alignment_suffix	L13_B000236_B009007_S277.mm10-plus-8-0-1	one_assay_suffix	18m	1	nan	thymocyte	nan	DN to DP transition (most are Cd8+/ Cd4+, some undergoing VDJ recombination)	facs	18_53_M	447659.0	2223.0	male	Thymus Flowthrough	Thymus	nan	21	23
L13_B000490_B009961_S277			18	L13_B000490_B009961_S277	18_47_F	Heart	False	1	False	L13_B000490_B009961_S277.mm10-plus-6-0	exact_library_id_plus_documented_alignment_suffix	L13_B000490_B009961_S277.mm10-plus-6-0-1	one_assay_suffix	18m	1	nan	T cell	nan	T cell	facs	18_47_F	785031.0	1832.0	female	LA	Heart	nan	4	9
L13_B000794_B008549_S277	97.0	6.0	18	L13_B000794_B008549_S277	18_47_F	GAT	True	6	True	L13_B000794_B008549_S277.mm10-plus-3-0	exact_library_id_plus_documented_alignment_suffix	L13_B000794_B008549_S277.mm10-plus-3-0-1	one_assay_suffix	18m	1	nan	epithelial cell	nan	nan	facs	18_47_F	1107057.0	4251.0	female	Fat	GAT	nan	4	9
L13_B000795_B008545_S277			18	L13_B000795_B008545_S277	18_47_F	MAT	False	1	False	L13_B000795_B008545_S277.mm10-plus-3-0	exact_library_id_plus_documented_alignment_suffix	L13_B000795_B008545_S277.mm10-plus-3-0-1	one_assay_suffix	18m	1	nan	CD8-positive, alpha-beta T cell	nan	nan	facs	18_47_F	280717.0	1894.0	female	Fat	MAT	nan	6	5
L13_B000814_B008548_S277			18	L13_B000814_B008548_S277	18_46_F	GAT	False	1	False	L13_B000814_B008548_S277.mm10-plus-6-0	exact_library_id_plus_documented_alignment_suffix	L13_B000814_B008548_S277.mm10-plus-6-0-1	one_assay_suffix	18m	1	nan	CD8-positive, alpha-beta T cell	nan	nan	facs	18_46_F	650386.0	1938.0	female	Fat	GAT	nan	6	5
L13_B001360_B009953_S277	132.0	2.0	18	L13_B001360_B009953_S277	18_46_F	Heart	True	2	True	L13_B001360_B009953_S277.mm10-plus-6-0	exact_library_id_plus_documented_alignment_suffix	L13_B001360_B009953_S277.mm10-plus-6-0-1	one_assay_suffix	18m	1	nan	T cell	nan	T cell	facs	18_46_F	63057.0	2242.0	female	RA	Heart	nan	4	5
L13_B001369_B009009_S277			18	L13_B001369_B009009_S277	18_47_F	Thymus	False	1	False	L13_B001369_B009009_S277.mm10-plus-7-0	exact_library_id_plus_documented_alignment_suffix	L13_B001369_B009009_S277.mm10-plus-7-0-1	one_assay_suffix	18m	1	nan	DN4 thymocyte	nan	DN4 thymocyte	facs	18_47_F	1405134.0	2458.0	female	Thymus Flowthrough	Thymus	nan	6	5
L13_B002452_B009020_S277			18	L13_B002452_B009020_S277	18_47_F	Spleen	False	1	False	L13_B002452_B009020_S277.mm10-plus-0-0	exact_library_id_plus_documented_alignment_suffix	L13_B002452_B009020_S277.mm10-plus-0-0-1	one_assay_suffix	18m	1	nan	CD4-positive, alpha-beta T cell	nan	Cd3e T cell	facs	18_47_F	1073829.0	2912.0	female	nan	Spleen	nan	4	21
L13_B002828_B007462_S277	5.0	23.0	18	L13_B002828_B007462_S277	18_47_F	Marrow	True	1	False	L13_B002828_B007462_S277.mm10-plus-6-0	exact_library_id_plus_documented_alignment_suffix	L13_B002828_B007462_S277.mm10-plus-6-0-1	one_assay_suffix	18m	1	nan	mature alpha-beta T cell	nan	BM CD8 + CD4 T cell	facs	18_47_F	877243.0	3248.0	female	T cells	Marrow	nan	4	9
L14_B000236_B009007_S278			18	L14_B000236_B009007_S278	18_53_M	Thymus	False	1	False	L14_B000236_B009007_S278.mm10-plus-8-0	exact_library_id_plus_documented_alignment_suffix	L14_B000236_B009007_S278.mm10-plus-8-0-1	one_assay_suffix	18m	1	nan	thymocyte	nan	DN to DP transition (most are Cd8+/ Cd4+, some undergoing VDJ recombination)	facs	18_53_M	347600.0	2135.0	male	Thymus Flowthrough	Thymus	nan	21	23
L14_B000487_B008360_S278			18	L14_B000487_B008360_S278	18_45_M	BAT	False	1	False	L14_B000487_B008360_S278.mm10-plus-7-0	exact_library_id_plus_documented_alignment_suffix	L14_B000487_B008360_S278.mm10-plus-7-0-1	one_assay_suffix	18m	1	nan	T cell	nan	nan	facs	18_45_M	4694660.0	1895.0	male	Fat	BAT	nan	4	9
L14_B000805_B008544_S278	102.0	2.0	18	L14_B000805_B008544_S278	18_46_F	SCAT	True	2	True	L14_B000805_B008544_S278.mm10-plus-3-0	exact_library_id_plus_documented_alignment_suffix	L14_B000805_B008544_S278.mm10-plus-3-0-1	one_assay_suffix	18m	1	nan	CD8-positive, alpha-beta T cell	nan	nan	facs	18_46_F	1392565.0	1797.0	female	Fat	SCAT	nan	4	9
L14_B000806_B008540_S278			18	L14_B000806_B008540_S278	18_46_F	MAT	False	1	False	L14_B000806_B008540_S278.mm10-plus-6-0	exact_library_id_plus_documented_alignment_suffix	L14_B000806_B008540_S278.mm10-plus-6-0-1	one_assay_suffix	18m	1	nan	CD4-positive, alpha-beta T cell	nan	nan	facs	18_46_F	703347.0	2346.0	female	Fat	MAT	nan	4	5
L14_B000814_B008548_S278			18	L14_B000814_B008548_S278	18_46_F	GAT	False	1	False	L14_B000814_B008548_S278.mm10-plus-6-0	exact_library_id_plus_documented_alignment_suffix	L14_B000814_B008548_S278.mm10-plus-6-0-1	one_assay_suffix	18m	1	nan	CD8-positive, alpha-beta T cell	nan	nan	facs	18_46_F	588234.0	1955.0	female	Fat	GAT	nan	6	5
L14_B001360_B009953_S278	132.0	2.0	18	L14_B001360_B009953_S278	18_46_F	Heart	True	2	True	L14_B001360_B009953_S278.mm10-plus-6-0	exact_library_id_plus_documented_alignment_suffix	L14_B001360_B009953_S278.mm10-plus-6-0-1	one_assay_suffix	18m	1	nan	T cell	nan	T cell	facs	18_46_F	709896.0	2509.0	female	RA	Heart	nan	4	5
L14_B002828_B007462_S278	42.0	7.0	18	L14_B002828_B007462_S278	18_47_F	Marrow	True	6	True	L14_B002828_B007462_S278.mm10-plus-6-0	exact_library_id_plus_documented_alignment_suffix	L14_B002828_B007462_S278.mm10-plus-6-0-1	one_assay_suffix	18m	1	nan	mature alpha-beta T cell	nan	BM CD8 + CD4 T cell	facs	18_47_F	1249209.0	3352.0	female	T cells	Marrow	nan	4	9
L14_B003017_B009010_S278			18	L14_B003017_B009010_S278	18_45_M	Thymus	False	1	False	L14_B003017_B009010_S278.mm10-plus-7-0	exact_library_id_plus_documented_alignment_suffix	L14_B003017_B009010_S278.mm10-plus-7-0-1	one_assay_suffix	18m	1	nan	thymocyte	nan	DN to DP transition (most are Cd8+/ Cd4+, some undergoing VDJ recombination)	facs	18_45_M	1104779.0	876.0	male	Thymus Flowthrough	Thymus	nan	21	23
L14_D045405_B009854_S278			18	L14_D045405_B009854_S278	18_45_M	Marrow	False	1	False	L14_D045405_B009854_S278.mm10-plus-6-0	exact_library_id_plus_documented_alignment_suffix	L14_D045405_B009854_S278.mm10-plus-6-0-1	one_assay_suffix	18m	1	nan	CD4-positive, alpha-beta T cell	nan	BM CD4 T cell	facs	18_45_M	405508.0	1046.0	male	T cells	Marrow	nan	6	5
L15_B000120_B007345_S279			18	L15_B000120_B007345_S279	18_47_F	Trachea	False	1	False	L15_B000120_B007345_S279.mm10-plus-7-0	exact_library_id_plus_documented_alignment_suffix	L15_B000120_B007345_S279.mm10-plus-7-0-1	one_assay_suffix	18m	1	nan	T cell	nan	nan	facs	18_47_F	714011.0	1756.0	female	nan	Trachea	nan	4	9
L15_B000236_B009007_S279			18	L15_B000236_B009007_S279	18_53_M	Thymus	False	1	False	L15_B000236_B009007_S279.mm10-plus-8-0	exact_library_id_plus_documented_alignment_suffix	L15_B000236_B009007_S279.mm10-plus-8-0-1	one_assay_suffix	18m	1	nan	thymocyte	nan	DN to DP transition (most are Cd8+/ Cd4+, some undergoing VDJ recombination)	facs	18_53_M	455469.0	1949.0	male	Thymus Flowthrough	Thymus	nan	21	23
L15_B000505_B008435_S279			18	L15_B000505_B008435_S279	18_45_M	GAT	False	1	False	L15_B000505_B008435_S279.mm10-plus-8-0	exact_library_id_plus_documented_alignment_suffix	L15_B000505_B008435_S279.mm10-plus-8-0-1	one_assay_suffix	18m	1	nan	CD8-positive, alpha-beta T cell	nan	nan	facs	18_45_M	2053262.0	2491.0	male	Fat	GAT	nan	4	48
L15_B000800_B008432_S279			18	L15_B000800_B008432_S279	18_47_F	BAT	False	1	False	L15_B000800_B008432_S279.mm10-plus-3-0	exact_library_id_plus_documented_alignment_suffix	L15_B000800_B008432_S279.mm10-plus-3-0-1	one_assay_suffix	18m	1	nan	NK cell	nan	nan	facs	18_47_F	2435392.0	2316.0	female	Fat	BAT	nan	4	9
L15_B000814_B008548_S279			18	L15_B000814_B008548_S279	18_46_F	GAT	False	1	False	L15_B000814_B008548_S279.mm10-plus-6-0	exact_library_id_plus_documented_alignment_suffix	L15_B000814_B008548_S279.mm10-plus-6-0-1	one_assay_suffix	18m	1	nan	CD8-positive, alpha-beta T cell	nan	nan	facs	18_46_F	625836.0	1707.0	female	Fat	GAT	nan	6	5
L15_B001369_B009009_S279			18	L15_B001369_B009009_S279	18_47_F	Thymus	False	1	False	L15_B001369_B009009_S279.mm10-plus-7-0	exact_library_id_plus_documented_alignment_suffix	L15_B001369_B009009_S279.mm10-plus-7-0-1	one_assay_suffix	18m	1	nan	DN4 thymocyte	nan	DN4 thymocyte	facs	18_47_F	433229.0	2208.0	female	Thymus Flowthrough	Thymus	nan	6	5
L15_B003007_B009008_S279	100.0	7.0	18	L15_B003007_B009008_S279	18_46_F	Thymus	True	1	False	L15_B003007_B009008_S279.mm10-plus-7-0	exact_library_id_plus_documented_alignment_suffix	L15_B003007_B009008_S279.mm10-plus-7-0-1	one_assay_suffix	18m	1	nan	DN4 thymocyte	nan	DN4 thymocyte	facs	18_46_F	1365510.0	1869.0	female	Thymus Flowthrough	Thymus	nan	4	9
L15_B003017_B009010_S279			18	L15_B003017_B009010_S279	18_45_M	Thymus	False	1	False	L15_B003017_B009010_S279.mm10-plus-7-0	exact_library_id_plus_documented_alignment_suffix	L15_B003017_B009010_S279.mm10-plus-7-0-1	one_assay_suffix	18m	1	nan	thymocyte	nan	DN to DP transition (most are Cd8+/ Cd4+, some undergoing VDJ recombination)	facs	18_45_M	991559.0	1169.0	male	Thymus Flowthrough	Thymus	nan	21	23
L16_B000171_B009952_S280			18	L16_B000171_B009952_S280	18_53_M	Heart	False	1	False	L16_B000171_B009952_S280.mm10-plus-8-0	exact_library_id_plus_documented_alignment_suffix	L16_B000171_B009952_S280.mm10-plus-8-0-1	one_assay_suffix	18m	1	nan	T cell	nan	T cell	facs	18_53_M	722945.0	1854.0	male	RA	Heart	nan	4	21
L16_B000236_B009007_S280			18	L16_B000236_B009007_S280	18_53_M	Thymus	False	1	False	L16_B000236_B009007_S280.mm10-plus-8-0	exact_library_id_plus_documented_alignment_suffix	L16_B000236_B009007_S280.mm10-plus-8-0-1	one_assay_suffix	18m	1	nan	thymocyte	nan	proliferating thymocyte; DN to DP transition, dividing (some are Cd8+/ Cd4+, some undergoing VDJ recombination)	facs	18_53_M	1751791.0	3663.0	male	Thymus Flowthrough	Thymus	nan	21	23
L16_B000477_B008543_S280	40.0	5.0	18	L16_B000477_B008543_S280	18_53_M	MAT	True	2	True	L16_B000477_B008543_S280.mm10-plus-6-0	exact_library_id_plus_documented_alignment_suffix	L16_B000477_B008543_S280.mm10-plus-6-0-1	one_assay_suffix	18m	1	nan	B cell	nan	nan	facs	18_53_M	1572049.0	3210.0	male	Fat	MAT	nan	0	0
L16_B000505_B008435_S280			18	L16_B000505_B008435_S280	18_45_M	GAT	False	1	False	L16_B000505_B008435_S280.mm10-plus-8-0	exact_library_id_plus_documented_alignment_suffix	L16_B000505_B008435_S280.mm10-plus-8-0-1	one_assay_suffix	18m	1	nan	CD8-positive, alpha-beta T cell	nan	nan	facs	18_45_M	1326134.0	1775.0	male	Fat	GAT	nan	4	9
L16_B000794_B008549_S280			18	L16_B000794_B008549_S280	18_47_F	GAT	False	1	False	L16_B000794_B008549_S280.mm10-plus-3-0	exact_library_id_plus_documented_alignment_suffix	L16_B000794_B008549_S280.mm10-plus-3-0-1	one_assay_suffix	18m	1	nan	epithelial cell	nan	nan	facs	18_47_F	1008226.0	4175.0	female	Fat	GAT	nan	6	5
L16_B000806_B008540_S280			18	L16_B000806_B008540_S280	18_46_F	MAT	False	1	False	L16_B000806_B008540_S280.mm10-plus-6-0	exact_library_id_plus_documented_alignment_suffix	L16_B000806_B008540_S280.mm10-plus-6-0-1	one_assay_suffix	18m	1	nan	CD4-positive, alpha-beta T cell	nan	nan	facs	18_46_F	296034.0	2275.0	female	Fat	MAT	nan	4	21
L16_B000808_B008541_S280			18	L16_B000808_B008541_S280	18_47_F	SCAT	False	1	False	L16_B000808_B008541_S280.mm10-plus-6-0	exact_library_id_plus_documented_alignment_suffix	L16_B000808_B008541_S280.mm10-plus-6-0-1	one_assay_suffix	18m	1	nan	NK cell	nan	nan	facs	18_47_F	302112.0	1707.0	female	Fat	SCAT	nan	4	21
L16_B001359_B009951_S280	73.0	4.0	18	L16_B001359_B009951_S280	18_47_F	Heart	True	1	False	L16_B001359_B009951_S280.mm10-plus-7-0	exact_library_id_plus_documented_alignment_suffix	L16_B001359_B009951_S280.mm10-plus-7-0-1	one_assay_suffix	18m	1	nan	T cell	nan	T cell	facs	18_47_F	44883.0	2467.0	female	RV	Heart	nan	4	21
L16_B001363_B009260_S220	66.0	3.0	18	L16_B001363_B009260_S220	18_46_F	Brain_Non-Myeloid	True	1	False	L16_B001363_B009260_S220.mm10-plus-1-0	exact_library_id_plus_documented_alignment_suffix	L16_B001363_B009260_S220.mm10-plus-1-0-1	one_assay_suffix	18m	1	nan	CD8-positive, alpha-beta T cell	nan	nan	facs	18_46_F	640322.0	1189.0	female	Cerebellum 	Brain_Non-Myeloid	nan	4	9
L16_B002459_B007461_S280			18	L16_B002459_B007461_S280	18_46_F	Marrow	False	1	False	L16_B002459_B007461_S280.mm10-plus-8-0	exact_library_id_plus_documented_alignment_suffix	L16_B002459_B007461_S280.mm10-plus-8-0-1	one_assay_suffix	18m	1	nan	CD4-positive, alpha-beta T cell	nan	BM CD4 T cell	facs	18_46_F	438326.0	2626.0	female	T cells	Marrow	nan	4	21
L16_B002697_B009938_S280			18	L16_B002697_B009938_S280	18_53_M	Kidney	False	1	False	L16_B002697_B009938_S280.mm10-plus-4-0	exact_library_id_plus_documented_alignment_suffix	L16_B002697_B009938_S280.mm10-plus-4-0-1	one_assay_suffix	18m	1	nan	T cell	nan	T cell	facs	18_53_M	2252685.0	1196.0	male	nan	Kidney	nan	4	9
L16_B002828_B007462_S280	101.0	6.0	18	L16_B002828_B007462_S280	18_47_F	Marrow	True	6	True	L16_B002828_B007462_S280.mm10-plus-6-0	exact_library_id_plus_documented_alignment_suffix	L16_B002828_B007462_S280.mm10-plus-6-0-1	one_assay_suffix	18m	1	nan	mature alpha-beta T cell	nan	BM CD8 + CD4 T cell	facs	18_47_F	667165.0	3754.0	female	T cells	Marrow	nan	4	9
L16_B003007_B009008_S280			18	L16_B003007_B009008_S280	18_46_F	Thymus	False	1	False	L16_B003007_B009008_S280.mm10-plus-7-0	exact_library_id_plus_documented_alignment_suffix	L16_B003007_B009008_S280.mm10-plus-7-0-1	one_assay_suffix	18m	1	nan	DN4 thymocyte	nan	DN4 thymocyte	facs	18_46_F	1437201.0	2330.0	female	Thymus Flowthrough	Thymus	nan	4	9
L16_B003017_B009010_S280			18	L16_B003017_B009010_S280	18_45_M	Thymus	False	1	False	L16_B003017_B009010_S280.mm10-plus-7-0	exact_library_id_plus_documented_alignment_suffix	L16_B003017_B009010_S280.mm10-plus-7-0-1	one_assay_suffix	18m	1	nan	thymocyte	nan	DN to DP transition (most are Cd8+/ Cd4+, some undergoing VDJ recombination)	facs	18_45_M	783249.0	935.0	male	Thymus Flowthrough	Thymus	nan	21	23
L17_B000236_B009007_S281			18	L17_B000236_B009007_S281	18_53_M	Thymus	False	1	False	L17_B000236_B009007_S281.mm10-plus-8-0	exact_library_id_plus_documented_alignment_suffix	L17_B000236_B009007_S281.mm10-plus-8-0-1	one_assay_suffix	18m	1	nan	thymocyte	nan	DN to DP transition (most are Cd8+/ Cd4+, some undergoing VDJ recombination)	facs	18_53_M	358491.0	1972.0	male	Thymus Flowthrough	Thymus	nan	21	23
L17_B000477_B008543_S281	40.0	5.0	18	L17_B000477_B008543_S281	18_53_M	MAT	True	2	True	L17_B000477_B008543_S281.mm10-plus-6-0	exact_library_id_plus_documented_alignment_suffix	L17_B000477_B008543_S281.mm10-plus-6-0-1	one_assay_suffix	18m	1	nan	epithelial cell	nan	nan	facs	18_53_M	231003.0	1598.0	male	Fat	MAT	nan	6	37
L17_B001369_B009009_S281			18	L17_B001369_B009009_S281	18_47_F	Thymus	False	1	False	L17_B001369_B009009_S281.mm10-plus-7-0	exact_library_id_plus_documented_alignment_suffix	L17_B001369_B009009_S281.mm10-plus-7-0-1	one_assay_suffix	18m	1	nan	DN4 thymocyte	nan	DN4 thymocyte	facs	18_47_F	2011923.0	2918.0	female	Thymus Flowthrough	Thymus	nan	6	5
L17_B003007_B009008_S281	53.0	3.0	18	L17_B003007_B009008_S281	18_46_F	Thymus	True	3	True	L17_B003007_B009008_S281.mm10-plus-7-0	exact_library_id_plus_documented_alignment_suffix	L17_B003007_B009008_S281.mm10-plus-7-0-1	one_assay_suffix	18m	1	nan	DN4 thymocyte	nan	DN4 thymocyte	facs	18_46_F	1790290.0	2541.0	female	Thymus Flowthrough	Thymus	nan	4	21
L18_B000171_B009952_S282			18	L18_B000171_B009952_S282	18_53_M	Heart	False	1	False	L18_B000171_B009952_S282.mm10-plus-8-0	exact_library_id_plus_documented_alignment_suffix	L18_B000171_B009952_S282.mm10-plus-8-0-1	one_assay_suffix	18m	1	nan	T cell	nan	T cell	facs	18_53_M	1682283.0	2071.0	male	RA	Heart	nan	4	21
L18_B000236_B009007_S282			18	L18_B000236_B009007_S282	18_53_M	Thymus	False	1	False	L18_B000236_B009007_S282.mm10-plus-8-0	exact_library_id_plus_documented_alignment_suffix	L18_B000236_B009007_S282.mm10-plus-8-0-1	one_assay_suffix	18m	1	nan	thymocyte	nan	DN to DP transition (most are Cd8+/ Cd4+, some undergoing VDJ recombination)	facs	18_53_M	510963.0	2003.0	male	Thymus Flowthrough	Thymus	nan	21	23
L18_B000750_B007346_S282			18	L18_B000750_B007346_S282	18_45_M	Trachea	False	1	False	L18_B000750_B007346_S282.mm10-plus-8-0	exact_library_id_plus_documented_alignment_suffix	L18_B000750_B007346_S282.mm10-plus-8-0-1	one_assay_suffix	18m	1	nan	T cell	nan	nan	facs	18_45_M	407369.0	1445.0	male	nan	Trachea	nan	4	21
L18_B001369_B009009_S282			18	L18_B001369_B009009_S282	18_47_F	Thymus	False	1	False	L18_B001369_B009009_S282.mm10-plus-7-0	exact_library_id_plus_documented_alignment_suffix	L18_B001369_B009009_S282.mm10-plus-7-0-1	one_assay_suffix	18m	1	nan	DN4 thymocyte	nan	DN4 thymocyte	facs	18_47_F	1520715.0	2172.0	female	Thymus Flowthrough	Thymus	nan	6	5
L18_D045405_B009854_S282			18	L18_D045405_B009854_S282	18_45_M	Marrow	False	1	False	L18_D045405_B009854_S282.mm10-plus-6-0	exact_library_id_plus_documented_alignment_suffix	L18_D045405_B009854_S282.mm10-plus-6-0-1	one_assay_suffix	18m	1	nan	NK cell	nan	NK cell	facs	18_45_M	832107.0	1554.0	male	T cells	Marrow	nan	40	47
L19_B000236_B009007_S283			18	L19_B000236_B009007_S283	18_53_M	Thymus	False	1	False	L19_B000236_B009007_S283.mm10-plus-8-0	exact_library_id_plus_documented_alignment_suffix	L19_B000236_B009007_S283.mm10-plus-8-0-1	one_assay_suffix	18m	1	nan	thymocyte	nan	DN to DP transition (most are Cd8+/ Cd4+, some undergoing VDJ recombination)	facs	18_53_M	579206.0	1968.0	male	Thymus Flowthrough	Thymus	nan	21	23
L19_B001369_B009009_S283			18	L19_B001369_B009009_S283	18_47_F	Thymus	False	1	False	L19_B001369_B009009_S283.mm10-plus-7-0	exact_library_id_plus_documented_alignment_suffix	L19_B001369_B009009_S283.mm10-plus-7-0-1	one_assay_suffix	18m	1	nan	DN4 thymocyte	nan	DN4 thymocyte	facs	18_47_F	739509.0	2747.0	female	Thymus Flowthrough	Thymus	nan	6	5
L19_B002452_B009020_S283			18	L19_B002452_B009020_S283	18_47_F	Spleen	False	1	False	L19_B002452_B009020_S283.mm10-plus-0-0	exact_library_id_plus_documented_alignment_suffix	L19_B002452_B009020_S283.mm10-plus-0-0-1	one_assay_suffix	18m	1	nan	CD4-positive, alpha-beta T cell	nan	Cd3e T cell	facs	18_47_F	2805247.0	2470.0	female	nan	Spleen	nan	4	9
L19_B002459_B007461_S283			18	L19_B002459_B007461_S283	18_46_F	Marrow	False	1	False	L19_B002459_B007461_S283.mm10-plus-8-0	exact_library_id_plus_documented_alignment_suffix	L19_B002459_B007461_S283.mm10-plus-8-0-1	one_assay_suffix	18m	1	nan	mature alpha-beta T cell	nan	BM CD8 + CD4 T cell	facs	18_46_F	1176154.0	5325.0	female	T cells	Marrow	nan	37	41
L19_D045342_B009019_S283			18	L19_D045342_B009019_S283	18_45_M	Spleen	False	1	False	L19_D045342_B009019_S283.mm10-plus-0-0	exact_library_id_plus_documented_alignment_suffix	L19_D045342_B009019_S283.mm10-plus-0-0-1	one_assay_suffix	18m	1	nan	CD4-positive, alpha-beta T cell	nan	Cd3e T cell	facs	18_45_M	2312363.0	1521.0	male	nan	Spleen	nan	6	5
L1_B000236_B009007_S265			18	L1_B000236_B009007_S265	18_53_M	Thymus	False	1	False	L1_B000236_B009007_S265.mm10-plus-8-0	exact_library_id_plus_documented_alignment_suffix	L1_B000236_B009007_S265.mm10-plus-8-0-1	one_assay_suffix	18m	1	nan	DN4 thymocyte	nan	DN4 thymocyte	facs	18_53_M	382102.0	1941.0	male	Thymus Flowthrough	Thymus	nan	6	5
L1_B001247_B009941_S265	10.0	18.0	18	L1_B001247_B009941_S265	18_46_F	Liver	True	18	True	L1_B001247_B009941_S265.mm10-plus-4-0	exact_library_id_plus_documented_alignment_suffix	L1_B001247_B009941_S265.mm10-plus-4-0-1	one_assay_suffix	18m	1	nan	mature NK T cell	nan	nan	facs	18_46_F	1002312.0	2355.0	female	Liver non-hepato/SCs_st	Liver	nan	4	9
L1_B001369_B009009_S265			18	L1_B001369_B009009_S265	18_47_F	Thymus	False	1	False	L1_B001369_B009009_S265.mm10-plus-7-0	exact_library_id_plus_documented_alignment_suffix	L1_B001369_B009009_S265.mm10-plus-7-0-1	one_assay_suffix	18m	1	nan	DN4 thymocyte	nan	DN4 thymocyte	facs	18_47_F	674101.0	1966.0	female	Thymus Flowthrough	Thymus	nan	6	5
L1_B002459_B007461_S265			18	L1_B002459_B007461_S265	18_46_F	Marrow	False	1	False	L1_B002459_B007461_S265.mm10-plus-8-0	exact_library_id_plus_documented_alignment_suffix	L1_B002459_B007461_S265.mm10-plus-8-0-1	one_assay_suffix	18m	1	nan	macrophage	nan	CD4+ macrophage	facs	18_46_F	1577798.0	4612.0	female	T cells	Marrow	nan	4	17
L1_B002828_B007462_S265			18	L1_B002828_B007462_S265	18_47_F	Marrow	False	1	False	L1_B002828_B007462_S265.mm10-plus-6-0	exact_library_id_plus_documented_alignment_suffix	L1_B002828_B007462_S265.mm10-plus-6-0-1	one_assay_suffix	18m	1	nan	CD4-positive, alpha-beta T cell	nan	BM CD4 T cell	facs	18_47_F	1482254.0	4300.0	female	T cells	Marrow	nan	4	21
L1_B003007_B009008_S265			18	L1_B003007_B009008_S265	18_46_F	Thymus	False	1	False	L1_B003007_B009008_S265.mm10-plus-7-0	exact_library_id_plus_documented_alignment_suffix	L1_B003007_B009008_S265.mm10-plus-7-0-1	one_assay_suffix	18m	1	nan	DN4 thymocyte	nan	DN4 thymocyte	facs	18_46_F	1458067.0	2620.0	female	Thymus Flowthrough	Thymus	nan	4	21
L20_B000236_B009007_S284			18	L20_B000236_B009007_S284	18_53_M	Thymus	False	1	False	L20_B000236_B009007_S284.mm10-plus-8-0	exact_library_id_plus_documented_alignment_suffix	L20_B000236_B009007_S284.mm10-plus-8-0-1	one_assay_suffix	18m	1	nan	thymocyte	nan	proliferating thymocyte; DN to DP transition, dividing (some are Cd8+/ Cd4+, some undergoing VDJ recombination)	facs	18_53_M	1656462.0	2779.0	male	Thymus Flowthrough	Thymus	nan	21	23
L20_B001369_B009009_S284			18	L20_B001369_B009009_S284	18_47_F	Thymus	False	1	False	L20_B001369_B009009_S284.mm10-plus-7-0	exact_library_id_plus_documented_alignment_suffix	L20_B001369_B009009_S284.mm10-plus-7-0-1	one_assay_suffix	18m	1	nan	DN4 thymocyte	nan	DN4 thymocyte	facs	18_47_F	879698.0	2542.0	female	Thymus Flowthrough	Thymus	nan	6	5
L20_B002459_B007461_S284			18	L20_B002459_B007461_S284	18_46_F	Marrow	False	1	False	L20_B002459_B007461_S284.mm10-plus-8-0	exact_library_id_plus_documented_alignment_suffix	L20_B002459_B007461_S284.mm10-plus-8-0-1	one_assay_suffix	18m	1	nan	NK cell	nan	Klrb1a/b/c(-) NK cell	facs	18_46_F	649238.0	4145.0	female	T cells	Marrow	nan	43	9
L20_B002510_B007444_S284	48.0	2.0	18	L20_B002510_B007444_S284	18_45_M	Pancreas	True	1	False	L20_B002510_B007444_S284.mm10-plus-8-0	exact_library_id_plus_documented_alignment_suffix	L20_B002510_B007444_S284.mm10-plus-8-0-1	one_assay_suffix	18m	1	nan	leukocyte	nan	nan	facs	18_45_M	5126211.0	2784.0	male	Exocrine	Pancreas	nan	4	21
L20_B002673_B007460_S284			18	L20_B002673_B007460_S284	18_53_M	Marrow	False	1	False	L20_B002673_B007460_S284.mm10-plus-7-0	exact_library_id_plus_documented_alignment_suffix	L20_B002673_B007460_S284.mm10-plus-7-0-1	one_assay_suffix	18m	1	nan	CD4-positive, alpha-beta T cell	nan	BM CD4 T cell	facs	18_53_M	460406.0	1124.0	male	T cells	Marrow	nan	4	21
L20_B002709_B009018_S284			18	L20_B002709_B009018_S284	18_53_M	Spleen	False	1	False	L20_B002709_B009018_S284.mm10-plus-7-0	exact_library_id_plus_documented_alignment_suffix	L20_B002709_B009018_S284.mm10-plus-7-0-1	one_assay_suffix	18m	1	nan	proerythroblast	nan	nan	facs	18_53_M	1615131.0	3755.0	male	nan	Spleen	nan	4	9
L20_B003007_B009008_S284			18	L20_B003007_B009008_S284	18_46_F	Thymus	False	1	False	L20_B003007_B009008_S284.mm10-plus-7-0	exact_library_id_plus_documented_alignment_suffix	L20_B003007_B009008_S284.mm10-plus-7-0-1	one_assay_suffix	18m	1	nan	DN4 thymocyte	nan	DN4 thymocyte	facs	18_46_F	1750874.0	1853.0	female	Thymus Flowthrough	Thymus	nan	6	5
L20_B003017_B009010_S284			18	L20_B003017_B009010_S284	18_45_M	Thymus	False	1	False	L20_B003017_B009010_S284.mm10-plus-7-0	exact_library_id_plus_documented_alignment_suffix	L20_B003017_B009010_S284.mm10-plus-7-0-1	one_assay_suffix	18m	1	nan	thymocyte	nan	DN to DP transition (most are Cd8+/ Cd4+, some undergoing VDJ recombination)	facs	18_45_M	1022906.0	951.0	male	Thymus Flowthrough	Thymus	nan	21	23
L20_D045405_B009854_S284			18	L20_D045405_B009854_S284	18_45_M	Marrow	False	1	False	L20_D045405_B009854_S284.mm10-plus-6-0	exact_library_id_plus_documented_alignment_suffix	L20_D045405_B009854_S284.mm10-plus-6-0-1	one_assay_suffix	18m	1	nan	mature alpha-beta T cell	nan	BM CD8 + CD4 T cell	facs	18_45_M	876267.0	1109.0	male	T cells	Marrow	nan	4	9
L21_B000236_B009007_S285			18	L21_B000236_B009007_S285	18_53_M	Thymus	False	1	False	L21_B000236_B009007_S285.mm10-plus-8-0	exact_library_id_plus_documented_alignment_suffix	L21_B000236_B009007_S285.mm10-plus-8-0-1	one_assay_suffix	18m	1	nan	thymocyte	nan	DN to DP transition (most are Cd8+/ Cd4+, some undergoing VDJ recombination)	facs	18_53_M	478621.0	1664.0	male	Thymus Flowthrough	Thymus	nan	21	23
L21_B000809_B009956_S285	77.0	2.0	18	L21_B000809_B009956_S285	18_46_F	Heart	True	2	True	L21_B000809_B009956_S285.mm10-plus-6-0	exact_library_id_plus_documented_alignment_suffix	L21_B000809_B009956_S285.mm10-plus-6-0-1	one_assay_suffix	18m	1	nan	T cell	nan	T cell	facs	18_46_F	1339878.0	2818.0	female	LV	Heart	nan	40	47
L21_B001369_B009009_S285			18	L21_B001369_B009009_S285	18_47_F	Thymus	False	1	False	L21_B001369_B009009_S285.mm10-plus-7-0	exact_library_id_plus_documented_alignment_suffix	L21_B001369_B009009_S285.mm10-plus-7-0-1	one_assay_suffix	18m	1	nan	DN4 thymocyte	nan	DN4 thymocyte	facs	18_47_F	2230707.0	2736.0	female	Thymus Flowthrough	Thymus	nan	6	5
L21_B002459_B007461_S285			18	L21_B002459_B007461_S285	18_46_F	Marrow	False	1	False	L21_B002459_B007461_S285.mm10-plus-8-0	exact_library_id_plus_documented_alignment_suffix	L21_B002459_B007461_S285.mm10-plus-8-0-1	one_assay_suffix	18m	1	nan	NK cell	nan	NK cell	facs	18_46_F	887879.0	2876.0	female	T cells	Marrow	nan	4	9
L21_B002828_B007462_S285	46.0	5.0	18	L21_B002828_B007462_S285	18_47_F	Marrow	True	2	True	L21_B002828_B007462_S285.mm10-plus-6-0	exact_library_id_plus_documented_alignment_suffix	L21_B002828_B007462_S285.mm10-plus-6-0-1	one_assay_suffix	18m	1	nan	NK cell	nan	Klrb1a/b/c(-) NK cell	facs	18_47_F	1912644.0	3925.0	female	T cells	Marrow	nan	11	7
L21_B002843_B009897_S285	9.0	9.0	18	L21_B002843_B009897_S285	18_47_F	Lung	True	8	True	L21_B002843_B009897_S285.mm10-plus-6-0	exact_library_id_plus_documented_alignment_suffix		unmatched																
L21_B003007_B009008_S285			18	L21_B003007_B009008_S285	18_46_F	Thymus	False	1	False	L21_B003007_B009008_S285.mm10-plus-7-0	exact_library_id_plus_documented_alignment_suffix	L21_B003007_B009008_S285.mm10-plus-7-0-1	one_assay_suffix	18m	1	nan	DN4 thymocyte	nan	DN4 thymocyte	facs	18_46_F	1341882.0	1964.0	female	Thymus Flowthrough	Thymus	nan	4	21
L21_B003017_B009010_S285			18	L21_B003017_B009010_S285	18_45_M	Thymus	False	1	False	L21_B003017_B009010_S285.mm10-plus-7-0	exact_library_id_plus_documented_alignment_suffix	L21_B003017_B009010_S285.mm10-plus-7-0-1	one_assay_suffix	18m	1	nan	thymocyte	nan	DN to DP transition (most are Cd8+/ Cd4+, some undergoing VDJ recombination)	facs	18_45_M	609990.0	760.0	male	Thymus Flowthrough	Thymus	nan	21	23
L21_D045405_B009854_S285			18	L21_D045405_B009854_S285	18_45_M	Marrow	False	1	False	L21_D045405_B009854_S285.mm10-plus-6-0	exact_library_id_plus_documented_alignment_suffix	L21_D045405_B009854_S285.mm10-plus-6-0-1	one_assay_suffix	18m	1	nan	CD4-positive, alpha-beta T cell	nan	BM CD4 T cell	facs	18_45_M	463216.0	1057.0	male	T cells	Marrow	nan	4	21
L22_B000236_B009007_S286			18	L22_B000236_B009007_S286	18_53_M	Thymus	False	1	False	L22_B000236_B009007_S286.mm10-plus-8-0	exact_library_id_plus_documented_alignment_suffix	L22_B000236_B009007_S286.mm10-plus-8-0-1	one_assay_suffix	18m	1	nan	thymocyte	nan	DN to DP transition (most are Cd8+/ Cd4+, some undergoing VDJ recombination)	facs	18_53_M	687766.0	1995.0	male	Thymus Flowthrough	Thymus	nan	21	23
L22_B001369_B009009_S286			18	L22_B001369_B009009_S286	18_47_F	Thymus	False	1	False	L22_B001369_B009009_S286.mm10-plus-7-0	exact_library_id_plus_documented_alignment_suffix	L22_B001369_B009009_S286.mm10-plus-7-0-1	one_assay_suffix	18m	1	nan	DN4 thymocyte	nan	DN4 thymocyte	facs	18_47_F	1418326.0	2502.0	female	Thymus Flowthrough	Thymus	nan	6	5
L22_B003017_B009010_S286			18	L22_B003017_B009010_S286	18_45_M	Thymus	False	1	False	L22_B003017_B009010_S286.mm10-plus-7-0	exact_library_id_plus_documented_alignment_suffix	L22_B003017_B009010_S286.mm10-plus-7-0-1	one_assay_suffix	18m	1	nan	thymocyte	nan	DN to DP transition (most are Cd8+/ Cd4+, some undergoing VDJ recombination)	facs	18_45_M	858943.0	864.0	male	Thymus Flowthrough	Thymus	nan	21	23
L2_B000171_B009952_S266	73.0	4.0	18	L2_B000171_B009952_S266	18_53_M	Heart	True	3	True	L2_B000171_B009952_S266.mm10-plus-8-0	exact_library_id_plus_documented_alignment_suffix	L2_B000171_B009952_S266.mm10-plus-8-0-1	one_assay_suffix	18m	1	nan	T cell	nan	T cell	facs	18_53_M	1118001.0	1851.0	male	RA	Heart	nan	4	21
L2_B000236_B009007_S266			18	L2_B000236_B009007_S266	18_53_M	Thymus	False	1	False	L2_B000236_B009007_S266.mm10-plus-8-0	exact_library_id_plus_documented_alignment_suffix	L2_B000236_B009007_S266.mm10-plus-8-0-1	one_assay_suffix	18m	1	nan	DN4 thymocyte	nan	DN4 thymocyte	facs	18_53_M	536583.0	2081.0	male	Thymus Flowthrough	Thymus	nan	6	5
L2_B000489_B009959_S266			18	L2_B000489_B009959_S266	18_46_F	Heart	False	1	False	L2_B000489_B009959_S266.mm10-plus-5-0	exact_library_id_plus_documented_alignment_suffix	L2_B000489_B009959_S266.mm10-plus-5-0-1	one_assay_suffix	18m	1	nan	T cell	nan	T cell	facs	18_46_F	1294939.0	2031.0	female	LA	Heart	nan	4	21
L2_B003007_B009008_S266			18	L2_B003007_B009008_S266	18_46_F	Thymus	False	1	False	L2_B003007_B009008_S266.mm10-plus-7-0	exact_library_id_plus_documented_alignment_suffix	L2_B003007_B009008_S266.mm10-plus-7-0-1	one_assay_suffix	18m	1	nan	DN4 thymocyte	nan	DN4 thymocyte	facs	18_46_F	379140.0	1837.0	female	Thymus Flowthrough	Thymus	nan	4	9
L3_B000794_B008549_S267			18	L3_B000794_B008549_S267	18_47_F	GAT	False	1	False	L3_B000794_B008549_S267.mm10-plus-3-0	exact_library_id_plus_documented_alignment_suffix	L3_B000794_B008549_S267.mm10-plus-3-0-1	one_assay_suffix	18m	1	nan	CD4-positive, alpha-beta T cell	nan	nan	facs	18_47_F	856140.0	2637.0	female	Fat	GAT	nan	4	21
L3_B001369_B009009_S267			18	L3_B001369_B009009_S267	18_47_F	Thymus	False	1	False	L3_B001369_B009009_S267.mm10-plus-7-0	exact_library_id_plus_documented_alignment_suffix	L3_B001369_B009009_S267.mm10-plus-7-0-1	one_assay_suffix	18m	1	nan	thymocyte	nan	DN to DP transition (most are Cd8+/ Cd4+, some undergoing VDJ recombination)	facs	18_47_F	315112.0	2002.0	female	Thymus Flowthrough	Thymus	nan	21	23
L3_B002341_B009297_S195	110.0	9.0	18	L3_B002341_B009297_S195	18_46_F	Brain_Non-Myeloid	True	6	True	L3_B002341_B009297_S195.mm10-plus-1-0	exact_library_id_plus_documented_alignment_suffix	L3_B002341_B009297_S195.mm10-plus-1-0-1	one_assay_suffix	18m	1	nan	CD8-positive, alpha-beta T cell	nan	nan	facs	18_46_F	760648.0	905.0	female	Cortex 	Brain_Non-Myeloid	nan	4	9
L3_B002466_B009898_S267			18	L3_B002466_B009898_S267	18_45_M	Lung	False	1	False	L3_B002466_B009898_S267.mm10-plus-4-0	exact_library_id_plus_documented_alignment_suffix	L3_B002466_B009898_S267.mm10-plus-4-0-1	one_assay_suffix	18m	1	nan	CD4-positive, alpha-beta T cell	nan	CD4+ T	facs	18_45_M	433845.0	1600.0	male	EPCAM	Lung	nan	6	5
L3_B002828_B007462_S267	141.0	3.0	18	L3_B002828_B007462_S267	18_47_F	Marrow	True	3	True	L3_B002828_B007462_S267.mm10-plus-6-0	exact_library_id_plus_documented_alignment_suffix	L3_B002828_B007462_S267.mm10-plus-6-0-1	one_assay_suffix	18m	1	nan	mature alpha-beta T cell	nan	BM CD8 + CD4 T cell	facs	18_47_F	559114.0	3070.0	female	T cells	Marrow	nan	4	9
L3_B003017_B009010_S267			18	L3_B003017_B009010_S267	18_45_M	Thymus	False	1	False	L3_B003017_B009010_S267.mm10-plus-7-0	exact_library_id_plus_documented_alignment_suffix	L3_B003017_B009010_S267.mm10-plus-7-0-1	one_assay_suffix	18m	1	nan	thymocyte	nan	proliferating thymocyte; DN to DP transition, dividing (some are Cd8+/ Cd4+, some undergoing VDJ recombination)	facs	18_45_M	4260169.0	4018.0	male	Thymus Flowthrough	Thymus	nan	21	23
L3_D045405_B009854_S267			18	L3_D045405_B009854_S267	18_45_M	Marrow	False	1	False	L3_D045405_B009854_S267.mm10-plus-6-0	exact_library_id_plus_documented_alignment_suffix	L3_D045405_B009854_S267.mm10-plus-6-0-1	one_assay_suffix	18m	1	nan	NK cell	nan	NK cell	facs	18_45_M	1568268.0	1926.0	male	T cells	Marrow	nan	4	9
L4_B000171_B009952_S268			18	L4_B000171_B009952_S268	18_53_M	Heart	False	1	False	L4_B000171_B009952_S268.mm10-plus-8-0	exact_library_id_plus_documented_alignment_suffix	L4_B000171_B009952_S268.mm10-plus-8-0-1	one_assay_suffix	18m	1	nan	T cell	nan	T cell	facs	18_53_M	1550525.0	2413.0	male	RA	Heart	nan	4	21
L4_B000236_B009007_S268			18	L4_B000236_B009007_S268	18_53_M	Thymus	False	1	False	L4_B000236_B009007_S268.mm10-plus-8-0	exact_library_id_plus_documented_alignment_suffix	L4_B000236_B009007_S268.mm10-plus-8-0-1	one_assay_suffix	18m	1	nan	DN4 thymocyte	nan	DN4 thymocyte	facs	18_53_M	367630.0	1576.0	male	Thymus Flowthrough	Thymus	nan	6	5
L4_B000767_B009945_S268			18	L4_B000767_B009945_S268	18_46_F	Liver	False	1	False	L4_B000767_B009945_S268.mm10-plus-4-0	exact_library_id_plus_documented_alignment_suffix	L4_B000767_B009945_S268.mm10-plus-4-0-1	one_assay_suffix	18m	1	nan	CD8-positive, alpha-beta T cell	nan	nan	facs	18_46_F	1077588.0	1512.0	female	Liver non-hepato/SCs	Liver	nan	4	9
L4_B001369_B009009_S268			18	L4_B001369_B009009_S268	18_47_F	Thymus	False	1	False	L4_B001369_B009009_S268.mm10-plus-7-0	exact_library_id_plus_documented_alignment_suffix	L4_B001369_B009009_S268.mm10-plus-7-0-1	one_assay_suffix	18m	1	nan	DN4 thymocyte	nan	DN4 thymocyte	facs	18_47_F	461667.0	1590.0	female	Thymus Flowthrough	Thymus	nan	6	5
L4_B002459_B007461_S268			18	L4_B002459_B007461_S268	18_46_F	Marrow	False	1	False	L4_B002459_B007461_S268.mm10-plus-8-0	exact_library_id_plus_documented_alignment_suffix	L4_B002459_B007461_S268.mm10-plus-8-0-1	one_assay_suffix	18m	1	nan	CD4-positive, alpha-beta T cell	nan	BM CD4 T cell	facs	18_46_F	78744.0	1961.0	female	T cells	Marrow	nan	4	21
L4_B002828_B007462_S268	23.0	2.0	18	L4_B002828_B007462_S268	18_47_F	Marrow	True	2	True	L4_B002828_B007462_S268.mm10-plus-6-0	exact_library_id_plus_documented_alignment_suffix	L4_B002828_B007462_S268.mm10-plus-6-0-1	one_assay_suffix	18m	1	nan	CD4-positive, alpha-beta T cell	nan	BM CD4 T cell	facs	18_47_F	401678.0	2666.0	female	T cells	Marrow	nan	4	21
L4_B003007_B009008_S268			18	L4_B003007_B009008_S268	18_46_F	Thymus	False	1	False	L4_B003007_B009008_S268.mm10-plus-7-0	exact_library_id_plus_documented_alignment_suffix	L4_B003007_B009008_S268.mm10-plus-7-0-1	one_assay_suffix	18m	1	nan	DN4 thymocyte	nan	DN4 thymocyte	facs	18_46_F	2495971.0	1998.0	female	Thymus Flowthrough	Thymus	nan	4	21
L4_B003017_B009010_S268			18	L4_B003017_B009010_S268	18_45_M	Thymus	False	1	False	L4_B003017_B009010_S268.mm10-plus-7-0	exact_library_id_plus_documented_alignment_suffix	L4_B003017_B009010_S268.mm10-plus-7-0-1	one_assay_suffix	18m	1	nan	thymocyte	nan	DN to DP transition (most are Cd8+/ Cd4+, some undergoing VDJ recombination)	facs	18_45_M	648833.0	918.0	male	Thymus Flowthrough	Thymus	nan	21	23
L4_D045342_B009019_S268			18	L4_D045342_B009019_S268	18_45_M	Spleen	False	1	False	L4_D045342_B009019_S268.mm10-plus-0-0	exact_library_id_plus_documented_alignment_suffix	L4_D045342_B009019_S268.mm10-plus-0-0-1	one_assay_suffix	18m	1	nan	CD8-positive, alpha-beta T cell	nan	Cd3e T cell	facs	18_45_M	1723577.0	2840.0	male	nan	Spleen	nan	6	5
L4_D045405_B009854_S268	130.0	2.0	18	L4_D045405_B009854_S268	18_45_M	Marrow	True	2	True	L4_D045405_B009854_S268.mm10-plus-6-0	exact_library_id_plus_documented_alignment_suffix	L4_D045405_B009854_S268.mm10-plus-6-0-1	one_assay_suffix	18m	1	nan	CD4-positive, alpha-beta T cell	nan	BM CD4 T cell	facs	18_45_M	1601575.0	1692.0	male	T cells	Marrow	nan	4	21
L5_B001369_B009009_S269			18	L5_B001369_B009009_S269	18_47_F	Thymus	False	1	False	L5_B001369_B009009_S269.mm10-plus-7-0	exact_library_id_plus_documented_alignment_suffix	L5_B001369_B009009_S269.mm10-plus-7-0-1	one_assay_suffix	18m	1	nan	DN4 thymocyte	nan	DN4 thymocyte	facs	18_47_F	1359995.0	2500.0	female	Thymus Flowthrough	Thymus	nan	6	5
L5_B002459_B007461_S269			18	L5_B002459_B007461_S269	18_46_F	Marrow	False	1	False	L5_B002459_B007461_S269.mm10-plus-8-0	exact_library_id_plus_documented_alignment_suffix	L5_B002459_B007461_S269.mm10-plus-8-0-1	one_assay_suffix	18m	1	nan	mature alpha-beta T cell	nan	BM CD8 + CD4 T cell	facs	18_46_F	880996.0	3241.0	female	T cells	Marrow	nan	4	9
L5_B003007_B009008_S269	86.0	3.0	18	L5_B003007_B009008_S269	18_46_F	Thymus	True	3	True	L5_B003007_B009008_S269.mm10-plus-7-0	exact_library_id_plus_documented_alignment_suffix	L5_B003007_B009008_S269.mm10-plus-7-0-1	one_assay_suffix	18m	1	nan	DN4 thymocyte	nan	DN4 thymocyte	facs	18_46_F	1114562.0	2243.0	female	Thymus Flowthrough	Thymus	nan	4	21
L5_B003017_B009010_S269			18	L5_B003017_B009010_S269	18_45_M	Thymus	False	1	False	L5_B003017_B009010_S269.mm10-plus-7-0	exact_library_id_plus_documented_alignment_suffix	L5_B003017_B009010_S269.mm10-plus-7-0-1	one_assay_suffix	18m	1	nan	thymocyte	nan	DN to DP transition (most are Cd8+/ Cd4+, some undergoing VDJ recombination)	facs	18_45_M	733419.0	917.0	male	Thymus Flowthrough	Thymus	nan	21	23
L6_B000236_B009007_S270			18	L6_B000236_B009007_S270	18_53_M	Thymus	False	1	False	L6_B000236_B009007_S270.mm10-plus-8-0	exact_library_id_plus_documented_alignment_suffix	L6_B000236_B009007_S270.mm10-plus-8-0-1	one_assay_suffix	18m	1	nan	DN4 thymocyte	nan	DN4 thymocyte	facs	18_53_M	484074.0	2155.0	male	Thymus Flowthrough	Thymus	nan	6	5
L6_B002452_B009020_S270			18	L6_B002452_B009020_S270	18_47_F	Spleen	False	1	False	L6_B002452_B009020_S270.mm10-plus-0-0	exact_library_id_plus_documented_alignment_suffix	L6_B002452_B009020_S270.mm10-plus-0-0-1	one_assay_suffix	18m	1	nan	CD8-positive, alpha-beta T cell	nan	Cd3e T cell	facs	18_47_F	589999.0	3159.0	female	nan	Spleen	nan	6	5
L6_B003007_B009008_S270			18	L6_B003007_B009008_S270	18_46_F	Thymus	False	1	False	L6_B003007_B009008_S270.mm10-plus-7-0	exact_library_id_plus_documented_alignment_suffix	L6_B003007_B009008_S270.mm10-plus-7-0-1	one_assay_suffix	18m	1	nan	DN4 thymocyte	nan	DN4 thymocyte	facs	18_46_F	1329079.0	2281.0	female	Thymus Flowthrough	Thymus	nan	4	9
L6_B003017_B009010_S270			18	L6_B003017_B009010_S270	18_45_M	Thymus	False	1	False	L6_B003017_B009010_S270.mm10-plus-7-0	exact_library_id_plus_documented_alignment_suffix	L6_B003017_B009010_S270.mm10-plus-7-0-1	one_assay_suffix	18m	1	nan	DN4 thymocyte	nan	DN4 thymocyte	facs	18_45_M	1006968.0	1023.0	male	Thymus Flowthrough	Thymus	nan	6	5
L7_B000236_B009007_S271			18	L7_B000236_B009007_S271	18_53_M	Thymus	False	1	False	L7_B000236_B009007_S271.mm10-plus-8-0	exact_library_id_plus_documented_alignment_suffix	L7_B000236_B009007_S271.mm10-plus-8-0-1	one_assay_suffix	18m	1	nan	DN4 thymocyte	nan	DN4 thymocyte	facs	18_53_M	825632.0	2264.0	male	Thymus Flowthrough	Thymus	nan	6	5
L7_B001369_B009009_S271			18	L7_B001369_B009009_S271	18_47_F	Thymus	False	1	False	L7_B001369_B009009_S271.mm10-plus-7-0	exact_library_id_plus_documented_alignment_suffix	L7_B001369_B009009_S271.mm10-plus-7-0-1	one_assay_suffix	18m	1	nan	DN4 thymocyte	nan	DN4 thymocyte	facs	18_47_F	868997.0	2896.0	female	Thymus Flowthrough	Thymus	nan	6	5
L7_B002341_B009297_S199			18	L7_B002341_B009297_S199	18_46_F	Brain_Non-Myeloid	False	1	False	L7_B002341_B009297_S199.mm10-plus-1-0	exact_library_id_plus_documented_alignment_suffix	L7_B002341_B009297_S199.mm10-plus-1-0-1	one_assay_suffix	18m	1	nan	CD8-positive, alpha-beta T cell	nan	nan	facs	18_46_F	1555716.0	1136.0	female	Cortex 	Brain_Non-Myeloid	nan	4	9
L7_B002452_B009020_S271			18	L7_B002452_B009020_S271	18_47_F	Spleen	False	1	False	L7_B002452_B009020_S271.mm10-plus-0-0	exact_library_id_plus_documented_alignment_suffix	L7_B002452_B009020_S271.mm10-plus-0-0-1	one_assay_suffix	18m	1	nan	CD8-positive, alpha-beta T cell	nan	Cd3e T cell	facs	18_47_F	2109820.0	2062.0	female	nan	Spleen	nan	6	5
L7_B003017_B009010_S271			18	L7_B003017_B009010_S271	18_45_M	Thymus	False	1	False	L7_B003017_B009010_S271.mm10-plus-7-0	exact_library_id_plus_documented_alignment_suffix	L7_B003017_B009010_S271.mm10-plus-7-0-1	one_assay_suffix	18m	1	nan	thymocyte	nan	proliferating thymocyte; DN to DP transition, dividing (some are Cd8+/ Cd4+, some undergoing VDJ recombination)	facs	18_45_M	977489.0	1918.0	male	Thymus Flowthrough	Thymus	nan	21	23
L8_B000236_B009007_S272			18	L8_B000236_B009007_S272	18_53_M	Thymus	False	1	False	L8_B000236_B009007_S272.mm10-plus-8-0	exact_library_id_plus_documented_alignment_suffix	L8_B000236_B009007_S272.mm10-plus-8-0-1	one_assay_suffix	18m	1	nan	DN4 thymocyte	nan	DN4 thymocyte	facs	18_53_M	736604.0	2427.0	male	Thymus Flowthrough	Thymus	nan	6	5
L8_B001369_B009009_S272			18	L8_B001369_B009009_S272	18_47_F	Thymus	False	1	False	L8_B001369_B009009_S272.mm10-plus-7-0	exact_library_id_plus_documented_alignment_suffix	L8_B001369_B009009_S272.mm10-plus-7-0-1	one_assay_suffix	18m	1	nan	thymocyte	nan	DN to DP transition (most are Cd8+/ Cd4+, some undergoing VDJ recombination)	facs	18_47_F	559645.0	2108.0	female	Thymus Flowthrough	Thymus	nan	21	23
L8_B003017_B009010_S272			18	L8_B003017_B009010_S272	18_45_M	Thymus	False	1	False	L8_B003017_B009010_S272.mm10-plus-7-0	exact_library_id_plus_documented_alignment_suffix	L8_B003017_B009010_S272.mm10-plus-7-0-1	one_assay_suffix	18m	1	nan	thymocyte	nan	DN to DP transition (most are Cd8+/ Cd4+, some undergoing VDJ recombination)	facs	18_45_M	621701.0	921.0	male	Thymus Flowthrough	Thymus	nan	21	23
L8_D045405_B009854_S272			18	L8_D045405_B009854_S272	18_45_M	Marrow	False	1	False	L8_D045405_B009854_S272.mm10-plus-6-0	exact_library_id_plus_documented_alignment_suffix	L8_D045405_B009854_S272.mm10-plus-6-0-1	one_assay_suffix	18m	1	nan	CD4-positive, alpha-beta T cell	nan	BM CD4 T cell	facs	18_45_M	1041538.0	1678.0	male	T cells	Marrow	nan	0	48
L9_B000236_B009007_S273			18	L9_B000236_B009007_S273	18_53_M	Thymus	False	1	False	L9_B000236_B009007_S273.mm10-plus-8-0	exact_library_id_plus_documented_alignment_suffix	L9_B000236_B009007_S273.mm10-plus-8-0-1	one_assay_suffix	18m	1	nan	DN4 thymocyte	nan	DN4 thymocyte	facs	18_53_M	838305.0	2961.0	male	Thymus Flowthrough	Thymus	nan	6	5
L9_B000505_B008435_S273	65.0	7.0	18	L9_B000505_B008435_S273	18_45_M	GAT	True	7	True	L9_B000505_B008435_S273.mm10-plus-8-0	exact_library_id_plus_documented_alignment_suffix	L9_B000505_B008435_S273.mm10-plus-8-0-1	one_assay_suffix	18m	1	nan	CD4-positive, alpha-beta T cell	nan	nan	facs	18_45_M	658927.0	1529.0	male	Fat	GAT	nan	4	21
L9_B000805_B008544_S273	123.0	4.0	18	L9_B000805_B008544_S273	18_46_F	SCAT	True	3	True	L9_B000805_B008544_S273.mm10-plus-3-0	exact_library_id_plus_documented_alignment_suffix	L9_B000805_B008544_S273.mm10-plus-3-0-1	one_assay_suffix	18m	1	nan	CD8-positive, alpha-beta T cell	nan	nan	facs	18_46_F	1022272.0	1696.0	female	Fat	SCAT	nan	4	9
L9_B000808_B008541_S273	45.0	2.0	18	L9_B000808_B008541_S273	18_47_F	SCAT	True	2	True	L9_B000808_B008541_S273.mm10-plus-6-0	exact_library_id_plus_documented_alignment_suffix	L9_B000808_B008541_S273.mm10-plus-6-0-1	one_assay_suffix	18m	1	nan	NK cell	nan	nan	facs	18_47_F	851849.0	1767.0	female	Fat	SCAT	nan	4	21
L9_B001369_B009009_S273			18	L9_B001369_B009009_S273	18_47_F	Thymus	False	1	False	L9_B001369_B009009_S273.mm10-plus-7-0	exact_library_id_plus_documented_alignment_suffix	L9_B001369_B009009_S273.mm10-plus-7-0-1	one_assay_suffix	18m	1	nan	DN4 thymocyte	nan	DN4 thymocyte	facs	18_47_F	830513.0	2086.0	female	Thymus Flowthrough	Thymus	nan	6	5
L9_B002341_B009297_S201	21.0	10.0	18	L9_B002341_B009297_S201	18_46_F	Brain_Non-Myeloid	True	7	True	L9_B002341_B009297_S201.mm10-plus-1-0	exact_library_id_plus_documented_alignment_suffix		unmatched																
L9_B002459_B007461_S273			18	L9_B002459_B007461_S273	18_46_F	Marrow	False	1	False	L9_B002459_B007461_S273.mm10-plus-8-0	exact_library_id_plus_documented_alignment_suffix	L9_B002459_B007461_S273.mm10-plus-8-0-1	one_assay_suffix	18m	1	nan	promonocyte	nan	monocyte + promonocyte	facs	18_46_F	2065170.0	5488.0	female	T cells	Marrow	nan	4	21
L9_B002466_B009898_S273	41.0	2.0	18	L9_B002466_B009898_S273	18_45_M	Lung	True	2	True	L9_B002466_B009898_S273.mm10-plus-4-0	exact_library_id_plus_documented_alignment_suffix	L9_B002466_B009898_S273.mm10-plus-4-0-1	one_assay_suffix	18m	1	nan	CD8-positive, alpha-beta T cell	nan	CD8+ T	facs	18_45_M	817041.0	2257.0	male	EPCAM	Lung	nan	4	21
L9_B002828_B007462_S273			18	L9_B002828_B007462_S273	18_47_F	Marrow	False	1	False	L9_B002828_B007462_S273.mm10-plus-6-0	exact_library_id_plus_documented_alignment_suffix	L9_B002828_B007462_S273.mm10-plus-6-0-1	one_assay_suffix	18m	1	nan	CD4-positive, alpha-beta T cell	nan	BM CD4 T cell	facs	18_47_F	741376.0	3205.0	female	T cells	Marrow	nan	4	48
L9_B003017_B009010_S273			18	L9_B003017_B009010_S273	18_45_M	Thymus	False	1	False	L9_B003017_B009010_S273.mm10-plus-7-0	exact_library_id_plus_documented_alignment_suffix	L9_B003017_B009010_S273.mm10-plus-7-0-1	one_assay_suffix	18m	1	nan	thymocyte	nan	DN to DP transition (most are Cd8+/ Cd4+, some undergoing VDJ recombination)	facs	18_45_M	794279.0	903.0	male	Thymus Flowthrough	Thymus	nan	21	23
M10_B000236_B009007_S298			18	M10_B000236_B009007_S298	18_53_M	Thymus	False	1	False	M10_B000236_B009007_S298.mm10-plus-8-0	exact_library_id_plus_documented_alignment_suffix	M10_B000236_B009007_S298.mm10-plus-8-0-1	one_assay_suffix	18m	1	nan	DN4 thymocyte	nan	DN4 thymocyte	facs	18_53_M	817315.0	2133.0	male	Thymus Flowthrough	Thymus	nan	6	5
M10_B000515_B008434_S298	24.0	11.0	18	M10_B000515_B008434_S298	18_53_M	BAT	True	11	True	M10_B000515_B008434_S298.mm10-plus-3-0	exact_library_id_plus_documented_alignment_suffix	M10_B000515_B008434_S298.mm10-plus-3-0-1	one_assay_suffix	18m	1	nan	T cell	nan	nan	facs	18_53_M	1967646.0	1702.0	male	Fat	BAT	nan	4	9
M10_B000805_B008544_S298			18	M10_B000805_B008544_S298	18_46_F	SCAT	False	1	False	M10_B000805_B008544_S298.mm10-plus-3-0	exact_library_id_plus_documented_alignment_suffix	M10_B000805_B008544_S298.mm10-plus-3-0-1	one_assay_suffix	18m	1	nan	NK cell	nan	nan	facs	18_46_F	726322.0	1522.0	female	Fat	SCAT	nan	4	9
M10_B000806_B008540_S298			18	M10_B000806_B008540_S298	18_46_F	MAT	False	1	False	M10_B000806_B008540_S298.mm10-plus-6-0	exact_library_id_plus_documented_alignment_suffix	M10_B000806_B008540_S298.mm10-plus-6-0-1	one_assay_suffix	18m	1	nan	CD8-positive, alpha-beta T cell	nan	nan	facs	18_46_F	138367.0	1885.0	female	Fat	MAT	nan	6	5
M10_B002459_B007461_S298	52.0	2.0	18	M10_B002459_B007461_S298	18_46_F	Marrow	True	2	True	M10_B002459_B007461_S298.mm10-plus-8-0	exact_library_id_plus_documented_alignment_suffix	M10_B002459_B007461_S298.mm10-plus-8-0-1	one_assay_suffix	18m	1	nan	mature alpha-beta T cell	nan	BM CD8 + CD4 T cell	facs	18_46_F	540564.0	2140.0	female	T cells	Marrow	nan	4	9
M10_B003017_B009010_S298			18	M10_B003017_B009010_S298	18_45_M	Thymus	False	1	False	M10_B003017_B009010_S298.mm10-plus-7-0	exact_library_id_plus_documented_alignment_suffix	M10_B003017_B009010_S298.mm10-plus-7-0-1	one_assay_suffix	18m	1	nan	thymocyte	nan	DN to DP transition (most are Cd8+/ Cd4+, some undergoing VDJ recombination)	facs	18_45_M	1114674.0	1075.0	male	Thymus Flowthrough	Thymus	nan	21	23
M11_B000236_B009007_S299			18	M11_B000236_B009007_S299	18_53_M	Thymus	False	1	False	M11_B000236_B009007_S299.mm10-plus-8-0	exact_library_id_plus_documented_alignment_suffix	M11_B000236_B009007_S299.mm10-plus-8-0-1	one_assay_suffix	18m	1	nan	DN4 thymocyte	nan	DN4 thymocyte	facs	18_53_M	1090671.0	2391.0	male	Thymus Flowthrough	Thymus	nan	4	5
M11_B001369_B009009_S299			18	M11_B001369_B009009_S299	18_47_F	Thymus	False	1	False	M11_B001369_B009009_S299.mm10-plus-7-0	exact_library_id_plus_documented_alignment_suffix	M11_B001369_B009009_S299.mm10-plus-7-0-1	one_assay_suffix	18m	1	nan	DN4 thymocyte	nan	DN4 thymocyte	facs	18_47_F	449522.0	1890.0	female	Thymus Flowthrough	Thymus	nan	6	23
M11_B002452_B009020_S299			18	M11_B002452_B009020_S299	18_47_F	Spleen	False	1	False	M11_B002452_B009020_S299.mm10-plus-0-0	exact_library_id_plus_documented_alignment_suffix	M11_B002452_B009020_S299.mm10-plus-0-0-1	one_assay_suffix	18m	1	nan	CD8-positive, alpha-beta T cell	nan	nan	facs	18_47_F	691128.0	3427.0	female	nan	Spleen	nan	4	9
M11_B002459_B007461_S299	50.0	2.0	18	M11_B002459_B007461_S299	18_46_F	Marrow	True	2	True	M11_B002459_B007461_S299.mm10-plus-8-0	exact_library_id_plus_documented_alignment_suffix	M11_B002459_B007461_S299.mm10-plus-8-0-1	one_assay_suffix	18m	1	nan	mature alpha-beta T cell	nan	BM CD8 + CD4 T cell	facs	18_46_F	728850.0	2830.0	female	T cells	Marrow	nan	4	9
M11_B003007_B009008_S299	138.0	2.0	18	M11_B003007_B009008_S299	18_46_F	Thymus	True	1	False	M11_B003007_B009008_S299.mm10-plus-7-0	exact_library_id_plus_documented_alignment_suffix	M11_B003007_B009008_S299.mm10-plus-7-0-1	one_assay_suffix	18m	1	nan	DN4 thymocyte	nan	DN4 thymocyte	facs	18_46_F	1280478.0	2710.0	female	Thymus Flowthrough	Thymus	nan	4	9
M11_B003017_B009010_S299			18	M11_B003017_B009010_S299	18_45_M	Thymus	False	1	False	M11_B003017_B009010_S299.mm10-plus-7-0	exact_library_id_plus_documented_alignment_suffix	M11_B003017_B009010_S299.mm10-plus-7-0-1	one_assay_suffix	18m	1	nan	thymocyte	nan	DN to DP transition (most are Cd8+/ Cd4+, some undergoing VDJ recombination)	facs	18_45_M	650066.0	923.0	male	Thymus Flowthrough	Thymus	nan	21	23
M12_B000236_B009007_S300			18	M12_B000236_B009007_S300	18_53_M	Thymus	False	1	False	M12_B000236_B009007_S300.mm10-plus-8-0	exact_library_id_plus_documented_alignment_suffix	M12_B000236_B009007_S300.mm10-plus-8-0-1	one_assay_suffix	18m	1	nan	thymocyte	nan	DN to DP transition (most are Cd8+/ Cd4+, some undergoing VDJ recombination)	facs	18_53_M	632046.0	1680.0	male	Thymus Flowthrough	Thymus	nan	21	23
M12_B001369_B009009_S300			18	M12_B001369_B009009_S300	18_47_F	Thymus	False	1	False	M12_B001369_B009009_S300.mm10-plus-7-0	exact_library_id_plus_documented_alignment_suffix	M12_B001369_B009009_S300.mm10-plus-7-0-1	one_assay_suffix	18m	1	nan	DN4 thymocyte	nan	DN4 thymocyte	facs	18_47_F	877263.0	2522.0	female	Thymus Flowthrough	Thymus	nan	6	5
M12_B002452_B009020_S300	89.0	3.0	18	M12_B002452_B009020_S300	18_47_F	Spleen	True	1	False	M12_B002452_B009020_S300.mm10-plus-0-0	exact_library_id_plus_documented_alignment_suffix	M12_B002452_B009020_S300.mm10-plus-0-0-1	one_assay_suffix	18m	1	nan	CD4-positive, alpha-beta T cell	nan	Cd3e T cell	facs	18_47_F	919738.0	3693.0	female	nan	Spleen	nan	4	21
M12_B002709_B009018_S300			18	M12_B002709_B009018_S300	18_53_M	Spleen	False	1	False	M12_B002709_B009018_S300.mm10-plus-7-0	exact_library_id_plus_documented_alignment_suffix	M12_B002709_B009018_S300.mm10-plus-7-0-1	one_assay_suffix	18m	1	nan	CD8-positive, alpha-beta T cell	nan	nan	facs	18_53_M	2044145.0	2240.0	male	nan	Spleen	nan	4	9
M13_B000236_B009007_S301			18	M13_B000236_B009007_S301	18_53_M	Thymus	False	1	False	M13_B000236_B009007_S301.mm10-plus-8-0	exact_library_id_plus_documented_alignment_suffix	M13_B000236_B009007_S301.mm10-plus-8-0-1	one_assay_suffix	18m	1	nan	thymocyte	nan	DN to DP transition (most are Cd8+/ Cd4+, some undergoing VDJ recombination)	facs	18_53_M	678084.0	2141.0	male	Thymus Flowthrough	Thymus	nan	21	23
M13_B000795_B008545_S301	105.0	3.0	18	M13_B000795_B008545_S301	18_47_F	MAT	True	2	True	M13_B000795_B008545_S301.mm10-plus-3-0	exact_library_id_plus_documented_alignment_suffix	M13_B000795_B008545_S301.mm10-plus-3-0-1	one_assay_suffix	18m	1	nan	CD4-positive, alpha-beta T cell	nan	nan	facs	18_47_F	504062.0	2112.0	female	Fat	MAT	nan	4	21
M13_B000808_B008541_S301			18	M13_B000808_B008541_S301	18_47_F	SCAT	False	1	False	M13_B000808_B008541_S301.mm10-plus-6-0	exact_library_id_plus_documented_alignment_suffix	M13_B000808_B008541_S301.mm10-plus-6-0-1	one_assay_suffix	18m	1	nan	T cell	nan	nan	facs	18_47_F	515734.0	2198.0	female	Fat	SCAT	nan	4	9
M13_B001369_B009009_S301			18	M13_B001369_B009009_S301	18_47_F	Thymus	False	1	False	M13_B001369_B009009_S301.mm10-plus-7-0	exact_library_id_plus_documented_alignment_suffix	M13_B001369_B009009_S301.mm10-plus-7-0-1	one_assay_suffix	18m	1	nan	DN4 thymocyte	nan	DN4 thymocyte	facs	18_47_F	1731257.0	2238.0	female	Thymus Flowthrough	Thymus	nan	6	5
M13_B003017_B009010_S301			18	M13_B003017_B009010_S301	18_45_M	Thymus	False	1	False	M13_B003017_B009010_S301.mm10-plus-7-0	exact_library_id_plus_documented_alignment_suffix	M13_B003017_B009010_S301.mm10-plus-7-0-1	one_assay_suffix	18m	1	nan	thymocyte	nan	DN to DP transition (most are Cd8+/ Cd4+, some undergoing VDJ recombination)	facs	18_45_M	1146407.0	882.0	male	Thymus Flowthrough	Thymus	nan	21	23
M13_D045405_B009854_S301			18	M13_D045405_B009854_S301	18_45_M	Marrow	False	1	False	M13_D045405_B009854_S301.mm10-plus-6-0	exact_library_id_plus_documented_alignment_suffix	M13_D045405_B009854_S301.mm10-plus-6-0-1	one_assay_suffix	18m	1	nan	promonocyte	nan	monocyte + promonocyte	facs	18_45_M	1662010.0	4264.0	male	T cells	Marrow	nan	2	17
M14_B000236_B009007_S302			18	M14_B000236_B009007_S302	18_53_M	Thymus	False	1	False	M14_B000236_B009007_S302.mm10-plus-8-0	exact_library_id_plus_documented_alignment_suffix	M14_B000236_B009007_S302.mm10-plus-8-0-1	one_assay_suffix	18m	1	nan	thymocyte	nan	DN to DP transition (most are Cd8+/ Cd4+, some undergoing VDJ recombination)	facs	18_53_M	406611.0	1885.0	male	Thymus Flowthrough	Thymus	nan	21	23
M14_B000794_B008549_S302			18	M14_B000794_B008549_S302	18_47_F	GAT	False	1	False	M14_B000794_B008549_S302.mm10-plus-3-0	exact_library_id_plus_documented_alignment_suffix	M14_B000794_B008549_S302.mm10-plus-3-0-1	one_assay_suffix	18m	1	nan	CD8-positive, alpha-beta T cell	nan	nan	facs	18_47_F	721120.0	1932.0	female	Fat	GAT	nan	4	21
M14_B001369_B009009_S302			18	M14_B001369_B009009_S302	18_47_F	Thymus	False	1	False	M14_B001369_B009009_S302.mm10-plus-7-0	exact_library_id_plus_documented_alignment_suffix	M14_B001369_B009009_S302.mm10-plus-7-0-1	one_assay_suffix	18m	1	nan	DN4 thymocyte	nan	DN4 thymocyte	facs	18_47_F	1321076.0	2710.0	female	Thymus Flowthrough	Thymus	nan	6	5
M14_B002452_B009020_S302	110.0	9.0	18	M14_B002452_B009020_S302	18_47_F	Spleen	True	3	True	M14_B002452_B009020_S302.mm10-plus-0-0	exact_library_id_plus_documented_alignment_suffix	M14_B002452_B009020_S302.mm10-plus-0-0-1	one_assay_suffix	18m	1	nan	CD8-positive, alpha-beta T cell	nan	nan	facs	18_47_F	982604.0	3426.0	female	nan	Spleen	nan	4	9
M14_B002828_B007462_S302	1.0	3.0	18	M14_B002828_B007462_S302	18_47_F	Marrow	True	3	True	M14_B002828_B007462_S302.mm10-plus-6-0	exact_library_id_plus_documented_alignment_suffix	M14_B002828_B007462_S302.mm10-plus-6-0-1	one_assay_suffix	18m	1	nan	mature alpha-beta T cell	nan	BM CD8 + CD4 T cell	facs	18_47_F	1010642.0	4164.0	female	T cells	Marrow	nan	4	9
M14_B003007_B009008_S302	93.0	7.0	18	M14_B003007_B009008_S302	18_46_F	Thymus	True	5	True	M14_B003007_B009008_S302.mm10-plus-7-0	exact_library_id_plus_documented_alignment_suffix	M14_B003007_B009008_S302.mm10-plus-7-0-1	one_assay_suffix	18m	1	nan	DN4 thymocyte	nan	DN4 thymocyte	facs	18_46_F	1085663.0	2087.0	female	Thymus Flowthrough	Thymus	nan	4	9
M14_B003017_B009010_S302			18	M14_B003017_B009010_S302	18_45_M	Thymus	False	1	False	M14_B003017_B009010_S302.mm10-plus-7-0	exact_library_id_plus_documented_alignment_suffix	M14_B003017_B009010_S302.mm10-plus-7-0-1	one_assay_suffix	18m	1	nan	thymocyte	nan	DN to DP transition (most are Cd8+/ Cd4+, some undergoing VDJ recombination)	facs	18_45_M	1470600.0	1095.0	male	Thymus Flowthrough	Thymus	nan	21	23
M14_D045313_B009942_S302			18	M14_D045313_B009942_S302	18_45_M	Liver	False	1	False	M14_D045313_B009942_S302.mm10-plus-4-0	exact_library_id_plus_documented_alignment_suffix	M14_D045313_B009942_S302.mm10-plus-4-0-1	one_assay_suffix	18m	1	nan	mature NK T cell	nan	nan	facs	18_45_M	1371368.0	2274.0	male	Liver non-hepato/SCs_st	Liver	nan	4	9
M15_B000236_B009007_S303			18	M15_B000236_B009007_S303	18_53_M	Thymus	False	1	False	M15_B000236_B009007_S303.mm10-plus-8-0	exact_library_id_plus_documented_alignment_suffix	M15_B000236_B009007_S303.mm10-plus-8-0-1	one_assay_suffix	18m	1	nan	thymocyte	nan	DN to DP transition (most are Cd8+/ Cd4+, some undergoing VDJ recombination)	facs	18_53_M	373513.0	1644.0	male	Thymus Flowthrough	Thymus	nan	21	23
M15_B000505_B008435_S303			18	M15_B000505_B008435_S303	18_45_M	GAT	False	1	False	M15_B000505_B008435_S303.mm10-plus-8-0	exact_library_id_plus_documented_alignment_suffix	M15_B000505_B008435_S303.mm10-plus-8-0-1	one_assay_suffix	18m	1	nan	CD8-positive, alpha-beta T cell	nan	nan	facs	18_45_M	1760648.0	1632.0	male	Fat	GAT	nan	6	5
M15_B000805_B008544_S303	19.0	10.0	18	M15_B000805_B008544_S303	18_46_F	SCAT	True	9	True	M15_B000805_B008544_S303.mm10-plus-3-0	exact_library_id_plus_documented_alignment_suffix	M15_B000805_B008544_S303.mm10-plus-3-0-1	one_assay_suffix	18m	1	nan	CD8-positive, alpha-beta T cell	nan	nan	facs	18_46_F	1029670.0	2006.0	female	Fat	SCAT	nan	4	9
M15_B000808_B008541_S303			18	M15_B000808_B008541_S303	18_47_F	SCAT	False	1	False	M15_B000808_B008541_S303.mm10-plus-6-0	exact_library_id_plus_documented_alignment_suffix	M15_B000808_B008541_S303.mm10-plus-6-0-1	one_assay_suffix	18m	1	nan	NK cell	nan	nan	facs	18_47_F	493491.0	2564.0	female	Fat	SCAT	nan	4	21
M15_B001369_B009009_S303			18	M15_B001369_B009009_S303	18_47_F	Thymus	False	1	False	M15_B001369_B009009_S303.mm10-plus-7-0	exact_library_id_plus_documented_alignment_suffix	M15_B001369_B009009_S303.mm10-plus-7-0-1	one_assay_suffix	18m	1	nan	DN4 thymocyte	nan	DN4 thymocyte	facs	18_47_F	568973.0	1841.0	female	Thymus Flowthrough	Thymus	nan	6	5
M15_B002452_B009020_S303			18	M15_B002452_B009020_S303	18_47_F	Spleen	False	1	False	M15_B002452_B009020_S303.mm10-plus-0-0	exact_library_id_plus_documented_alignment_suffix	M15_B002452_B009020_S303.mm10-plus-0-0-1	one_assay_suffix	18m	1	nan	CD4-positive, alpha-beta T cell	nan	Cd3e T cell	facs	18_47_F	887108.0	3788.0	female	nan	Spleen	nan	4	21
M15_B002459_B007461_S303			18	M15_B002459_B007461_S303	18_46_F	Marrow	False	1	False	M15_B002459_B007461_S303.mm10-plus-8-0	exact_library_id_plus_documented_alignment_suffix	M15_B002459_B007461_S303.mm10-plus-8-0-1	one_assay_suffix	18m	1	nan	NK cell	nan	Klrb1a/b/c(-) NK cell	facs	18_46_F	945145.0	4127.0	female	T cells	Marrow	nan	9	7
M15_B003007_B009008_S303	4.0	4.0	18	M15_B003007_B009008_S303	18_46_F	Thymus	True	2	True	M15_B003007_B009008_S303.mm10-plus-7-0	exact_library_id_plus_documented_alignment_suffix	M15_B003007_B009008_S303.mm10-plus-7-0-1	one_assay_suffix	18m	1	nan	DN4 thymocyte	nan	DN4 thymocyte	facs	18_46_F	803061.0	1851.0	female	Thymus Flowthrough	Thymus	nan	4	9
M15_B003017_B009010_S303			18	M15_B003017_B009010_S303	18_45_M	Thymus	False	1	False	M15_B003017_B009010_S303.mm10-plus-7-0	exact_library_id_plus_documented_alignment_suffix	M15_B003017_B009010_S303.mm10-plus-7-0-1	one_assay_suffix	18m	1	nan	DN4 thymocyte	nan	DN4 thymocyte	facs	18_45_M	1200147.0	933.0	male	Thymus Flowthrough	Thymus	nan	6	23
M15_B003022_B008546_S303			18	M15_B003022_B008546_S303	18_45_M	MAT	False	1	False	M15_B003022_B008546_S303.mm10-plus-7-0	exact_library_id_plus_documented_alignment_suffix	M15_B003022_B008546_S303.mm10-plus-7-0-1	one_assay_suffix	18m	1	nan	CD8-positive, alpha-beta T cell	nan	nan	facs	18_45_M	1077058.0	2591.0	male	Fat	MAT	nan	4	9
M16_B000236_B009007_S304			18	M16_B000236_B009007_S304	18_53_M	Thymus	False	1	False	M16_B000236_B009007_S304.mm10-plus-8-0	exact_library_id_plus_documented_alignment_suffix	M16_B000236_B009007_S304.mm10-plus-8-0-1	one_assay_suffix	18m	1	nan	thymocyte	nan	DN to DP transition (most are Cd8+/ Cd4+, some undergoing VDJ recombination)	facs	18_53_M	727726.0	1945.0	male	Thymus Flowthrough	Thymus	nan	21	23
M16_B000515_B008434_S304	24.0	11.0	18	M16_B000515_B008434_S304	18_53_M	BAT	True	11	True	M16_B000515_B008434_S304.mm10-plus-3-0	exact_library_id_plus_documented_alignment_suffix	M16_B000515_B008434_S304.mm10-plus-3-0-1	one_assay_suffix	18m	1	nan	T cell	nan	nan	facs	18_53_M	2254774.0	1854.0	male	Fat	BAT	nan	4	9
M16_B000805_B008544_S304	19.0	10.0	18	M16_B000805_B008544_S304	18_46_F	SCAT	True	9	True	M16_B000805_B008544_S304.mm10-plus-3-0	exact_library_id_plus_documented_alignment_suffix	M16_B000805_B008544_S304.mm10-plus-3-0-1	one_assay_suffix	18m	1	nan	CD8-positive, alpha-beta T cell	nan	nan	facs	18_46_F	1566147.0	2375.0	female	Fat	SCAT	nan	4	9
M16_B000806_B008540_S304			18	M16_B000806_B008540_S304	18_46_F	MAT	False	1	False	M16_B000806_B008540_S304.mm10-plus-6-0	exact_library_id_plus_documented_alignment_suffix	M16_B000806_B008540_S304.mm10-plus-6-0-1	one_assay_suffix	18m	1	nan	CD4-positive, alpha-beta T cell	nan	nan	facs	18_46_F	363070.0	1345.0	female	Fat	MAT	nan	6	5
M16_B000808_B008541_S304	97.0	6.0	18	M16_B000808_B008541_S304	18_47_F	SCAT	True	6	True	M16_B000808_B008541_S304.mm10-plus-6-0	exact_library_id_plus_documented_alignment_suffix	M16_B000808_B008541_S304.mm10-plus-6-0-1	one_assay_suffix	18m	1	nan	CD8-positive, alpha-beta T cell	nan	nan	facs	18_47_F	528632.0	2052.0	female	Fat	SCAT	nan	4	21
M16_B001369_B009009_S304			18	M16_B001369_B009009_S304	18_47_F	Thymus	False	1	False	M16_B001369_B009009_S304.mm10-plus-7-0	exact_library_id_plus_documented_alignment_suffix	M16_B001369_B009009_S304.mm10-plus-7-0-1	one_assay_suffix	18m	1	nan	DN4 thymocyte	nan	DN4 thymocyte	facs	18_47_F	335489.0	1488.0	female	Thymus Flowthrough	Thymus	nan	6	5
M16_B002459_B007461_S304	96.0	2.0	18	M16_B002459_B007461_S304	18_46_F	Marrow	True	2	True	M16_B002459_B007461_S304.mm10-plus-8-0	exact_library_id_plus_documented_alignment_suffix	M16_B002459_B007461_S304.mm10-plus-8-0-1	one_assay_suffix	18m	1	nan	promonocyte	nan	monocyte + promonocyte	facs	18_46_F	1137538.0	6443.0	female	T cells	Marrow	nan	2	17
M16_B003017_B009010_S304			18	M16_B003017_B009010_S304	18_45_M	Thymus	False	1	False	M16_B003017_B009010_S304.mm10-plus-7-0	exact_library_id_plus_documented_alignment_suffix	M16_B003017_B009010_S304.mm10-plus-7-0-1	one_assay_suffix	18m	1	nan	thymocyte	nan	DN to DP transition (most are Cd8+/ Cd4+, some undergoing VDJ recombination)	facs	18_45_M	1287883.0	929.0	male	Thymus Flowthrough	Thymus	nan	21	23
M16_B003022_B008546_S304	94.0	9.0	18	M16_B003022_B008546_S304	18_45_M	MAT	True	2	True	M16_B003022_B008546_S304.mm10-plus-7-0	exact_library_id_plus_documented_alignment_suffix	M16_B003022_B008546_S304.mm10-plus-7-0-1	one_assay_suffix	18m	1	nan	T cell	nan	nan	facs	18_45_M	1048982.0	1946.0	male	Fat	MAT	nan	4	21
M17_B000236_B009007_S305			18	M17_B000236_B009007_S305	18_53_M	Thymus	False	1	False	M17_B000236_B009007_S305.mm10-plus-8-0	exact_library_id_plus_documented_alignment_suffix	M17_B000236_B009007_S305.mm10-plus-8-0-1	one_assay_suffix	18m	1	nan	thymocyte	nan	proliferating thymocyte; DN to DP transition, dividing (some are Cd8+/ Cd4+, some undergoing VDJ recombination)	facs	18_53_M	2519246.0	3368.0	male	Thymus Flowthrough	Thymus	nan	21	23
M17_B002709_B009018_S305	24.0	11.0	18	M17_B002709_B009018_S305	18_53_M	Spleen	True	11	True	M17_B002709_B009018_S305.mm10-plus-7-0	exact_library_id_plus_documented_alignment_suffix	M17_B002709_B009018_S305.mm10-plus-7-0-1	one_assay_suffix	18m	1	nan	CD8-positive, alpha-beta T cell	nan	nan	facs	18_53_M	1521043.0	2080.0	male	nan	Spleen	nan	4	9
M17_B002828_B007462_S305	46.0	5.0	18	M17_B002828_B007462_S305	18_47_F	Marrow	True	2	True	M17_B002828_B007462_S305.mm10-plus-6-0	exact_library_id_plus_documented_alignment_suffix	M17_B002828_B007462_S305.mm10-plus-6-0-1	one_assay_suffix	18m	1	nan	mature alpha-beta T cell	nan	BM CD8 + CD4 T cell	facs	18_47_F	141429.0	2291.0	female	T cells	Marrow	nan	4	9
M17_B003007_B009008_S305	13.0	18.0	18	M17_B003007_B009008_S305	18_46_F	Thymus	True	1	False	M17_B003007_B009008_S305.mm10-plus-7-0	exact_library_id_plus_documented_alignment_suffix	M17_B003007_B009008_S305.mm10-plus-7-0-1	one_assay_suffix	18m	1	nan	DN4 thymocyte	nan	DN4 thymocyte	facs	18_46_F	1384872.0	2554.0	female	Thymus Flowthrough	Thymus	nan	4	21
M17_B003017_B009010_S305			18	M17_B003017_B009010_S305	18_45_M	Thymus	False	1	False	M17_B003017_B009010_S305.mm10-plus-7-0	exact_library_id_plus_documented_alignment_suffix	M17_B003017_B009010_S305.mm10-plus-7-0-1	one_assay_suffix	18m	1	nan	thymocyte	nan	DN to DP transition (most are Cd8+/ Cd4+, some undergoing VDJ recombination)	facs	18_45_M	966708.0	907.0	male	Thymus Flowthrough	Thymus	nan	21	23
M18_B000236_B009007_S306			18	M18_B000236_B009007_S306	18_53_M	Thymus	False	1	False	M18_B000236_B009007_S306.mm10-plus-8-0	exact_library_id_plus_documented_alignment_suffix	M18_B000236_B009007_S306.mm10-plus-8-0-1	one_assay_suffix	18m	1	nan	thymocyte	nan	DN to DP transition (most are Cd8+/ Cd4+, some undergoing VDJ recombination)	facs	18_53_M	504267.0	2198.0	male	Thymus Flowthrough	Thymus	nan	21	23
M18_B000750_B007346_S306			18	M18_B000750_B007346_S306	18_45_M	Trachea	False	1	False	M18_B000750_B007346_S306.mm10-plus-8-0	exact_library_id_plus_documented_alignment_suffix	M18_B000750_B007346_S306.mm10-plus-8-0-1	one_assay_suffix	18m	1	nan	T cell	nan	nan	facs	18_45_M	440056.0	3078.0	male	nan	Trachea	nan	4	21
M18_B003017_B009010_S306			18	M18_B003017_B009010_S306	18_45_M	Thymus	False	1	False	M18_B003017_B009010_S306.mm10-plus-7-0	exact_library_id_plus_documented_alignment_suffix	M18_B003017_B009010_S306.mm10-plus-7-0-1	one_assay_suffix	18m	1	nan	thymocyte	nan	DN to DP transition (most are Cd8+/ Cd4+, some undergoing VDJ recombination)	facs	18_45_M	782493.0	892.0	male	Thymus Flowthrough	Thymus	nan	21	23
M18_D045405_B009854_S306	56.0	4.0	18	M18_D045405_B009854_S306	18_45_M	Marrow	True	3	True	M18_D045405_B009854_S306.mm10-plus-6-0	exact_library_id_plus_documented_alignment_suffix	M18_D045405_B009854_S306.mm10-plus-6-0-1	one_assay_suffix	18m	1	nan	mature alpha-beta T cell	nan	BM CD8 + CD4 T cell	facs	18_45_M	635460.0	3280.0	male	T cells	Marrow	nan	4	9
M19_B000236_B009007_S307			18	M19_B000236_B009007_S307	18_53_M	Thymus	False	1	False	M19_B000236_B009007_S307.mm10-plus-8-0	exact_library_id_plus_documented_alignment_suffix	M19_B000236_B009007_S307.mm10-plus-8-0-1	one_assay_suffix	18m	1	nan	thymocyte	nan	DN to DP transition (most are Cd8+/ Cd4+, some undergoing VDJ recombination)	facs	18_53_M	366401.0	1896.0	male	Thymus Flowthrough	Thymus	nan	21	23
M19_B000491_B009016_S307			18	M19_B000491_B009016_S307	18_47_F	Thymus	False	1	False	M19_B000491_B009016_S307.mm10-plus-8-0	exact_library_id_plus_documented_alignment_suffix		unmatched																
M19_B002441_B007348_S307	48.0	2.0	18	M19_B002441_B007348_S307	18_46_F	Tongue	True	1	False	M19_B002441_B007348_S307.mm10-plus-7-0	exact_library_id_plus_documented_alignment_suffix	M19_B002441_B007348_S307.mm10-plus-7-0-1	one_assay_suffix	18m	1	nan	basal cell of epidermis	nan	nan	facs	18_46_F	1126591.0	4598.0	female	nan	Tongue	nan	5	3
M1_B002333_B009884_S289			18	M1_B002333_B009884_S289	18_46_F	Marrow	False	1	False	M1_B002333_B009884_S289.mm10-plus-6-0	exact_library_id_plus_documented_alignment_suffix	M1_B002333_B009884_S289.mm10-plus-6-0-1	one_assay_suffix	18m	1	nan	promonocyte	nan	monocyte + promonocyte	facs	18_46_F	1423391.0	4590.0	female	KLS	Marrow	nan	4	17
M1_B002828_B007462_S289	112.0	2.0	18	M1_B002828_B007462_S289	18_47_F	Marrow	True	2	True	M1_B002828_B007462_S289.mm10-plus-6-0	exact_library_id_plus_documented_alignment_suffix	M1_B002828_B007462_S289.mm10-plus-6-0-1	one_assay_suffix	18m	1	nan	CD4-positive, alpha-beta T cell	nan	BM CD4 T cell	facs	18_47_F	1247648.0	3928.0	female	T cells	Marrow	nan	4	21
M1_B003007_B009008_S289			18	M1_B003007_B009008_S289	18_46_F	Thymus	False	1	False	M1_B003007_B009008_S289.mm10-plus-7-0	exact_library_id_plus_documented_alignment_suffix	M1_B003007_B009008_S289.mm10-plus-7-0-1	one_assay_suffix	18m	1	nan	DN4 thymocyte	nan	DN4 thymocyte	facs	18_46_F	1107924.0	1733.0	female	Thymus Flowthrough	Thymus	nan	6	5
M20_B000236_B009007_S308			18	M20_B000236_B009007_S308	18_53_M	Thymus	False	1	False	M20_B000236_B009007_S308.mm10-plus-8-0	exact_library_id_plus_documented_alignment_suffix	M20_B000236_B009007_S308.mm10-plus-8-0-1	one_assay_suffix	18m	1	nan	thymocyte	nan	DN to DP transition (most are Cd8+/ Cd4+, some undergoing VDJ recombination)	facs	18_53_M	689863.0	1809.0	male	Thymus Flowthrough	Thymus	nan	21	23
M20_B001369_B009009_S308			18	M20_B001369_B009009_S308	18_47_F	Thymus	False	1	False	M20_B001369_B009009_S308.mm10-plus-7-0	exact_library_id_plus_documented_alignment_suffix	M20_B001369_B009009_S308.mm10-plus-7-0-1	one_assay_suffix	18m	1	nan	DN4 thymocyte	nan	DN4 thymocyte	facs	18_47_F	314597.0	1769.0	female	Thymus Flowthrough	Thymus	nan	6	5
M20_B002459_B007461_S308	89.0	3.0	18	M20_B002459_B007461_S308	18_46_F	Marrow	True	2	True	M20_B002459_B007461_S308.mm10-plus-8-0	exact_library_id_plus_documented_alignment_suffix	M20_B002459_B007461_S308.mm10-plus-8-0-1	one_assay_suffix	18m	1	nan	granulocytopoietic cell	nan	granulocytopoietic cell	facs	18_46_F	1566354.0	4954.0	female	T cells	Marrow	nan	12	18
M20_B002828_B007462_S308			18	M20_B002828_B007462_S308	18_47_F	Marrow	False	1	False	M20_B002828_B007462_S308.mm10-plus-6-0	exact_library_id_plus_documented_alignment_suffix	M20_B002828_B007462_S308.mm10-plus-6-0-1	one_assay_suffix	18m	1	nan	mature alpha-beta T cell	nan	BM CD8 + CD4 T cell	facs	18_47_F	1139843.0	3701.0	female	T cells	Marrow	nan	4	48
M20_B003007_B009008_S308			18	M20_B003007_B009008_S308	18_46_F	Thymus	False	1	False	M20_B003007_B009008_S308.mm10-plus-7-0	exact_library_id_plus_documented_alignment_suffix	M20_B003007_B009008_S308.mm10-plus-7-0-1	one_assay_suffix	18m	1	nan	DN4 thymocyte	nan	DN4 thymocyte	facs	18_46_F	981008.0	1692.0	female	Thymus Flowthrough	Thymus	nan	4	9
M20_B003017_B009010_S308			18	M20_B003017_B009010_S308	18_45_M	Thymus	False	1	False	M20_B003017_B009010_S308.mm10-plus-7-0	exact_library_id_plus_documented_alignment_suffix	M20_B003017_B009010_S308.mm10-plus-7-0-1	one_assay_suffix	18m	1	nan	thymocyte	nan	DN to DP transition (most are Cd8+/ Cd4+, some undergoing VDJ recombination)	facs	18_45_M	402959.0	759.0	male	Thymus Flowthrough	Thymus	nan	21	23
M21_B001369_B009009_S309	11.0	2.0	18	M21_B001369_B009009_S309	18_47_F	Thymus	True	1	False	M21_B001369_B009009_S309.mm10-plus-7-0	exact_library_id_plus_documented_alignment_suffix	M21_B001369_B009009_S309.mm10-plus-7-0-1	one_assay_suffix	18m	1	nan	DN4 thymocyte	nan	DN4 thymocyte	facs	18_47_F	729437.0	2053.0	female	Thymus Flowthrough	Thymus	nan	4	21
M21_B002709_B009018_S309			18	M21_B002709_B009018_S309	18_53_M	Spleen	False	1	False	M21_B002709_B009018_S309.mm10-plus-7-0	exact_library_id_plus_documented_alignment_suffix	M21_B002709_B009018_S309.mm10-plus-7-0-1	one_assay_suffix	18m	1	nan	CD8-positive, alpha-beta T cell	nan	nan	facs	18_53_M	2337945.0	2073.0	male	nan	Spleen	nan	4	9
M21_B002828_B007462_S309			18	M21_B002828_B007462_S309	18_47_F	Marrow	False	1	False	M21_B002828_B007462_S309.mm10-plus-6-0	exact_library_id_plus_documented_alignment_suffix	M21_B002828_B007462_S309.mm10-plus-6-0-1	one_assay_suffix	18m	1	nan	mature alpha-beta T cell	nan	BM CD8 + CD4 T cell	facs	18_47_F	1429007.0	3394.0	female	T cells	Marrow	nan	4	9
M22_B000236_B009007_S310			18	M22_B000236_B009007_S310	18_53_M	Thymus	False	1	False	M22_B000236_B009007_S310.mm10-plus-8-0	exact_library_id_plus_documented_alignment_suffix	M22_B000236_B009007_S310.mm10-plus-8-0-1	one_assay_suffix	18m	1	nan	thymocyte	nan	DN to DP transition (most are Cd8+/ Cd4+, some undergoing VDJ recombination)	facs	18_53_M	184998.0	1119.0	male	Thymus Flowthrough	Thymus	nan	21	23
M22_B000491_B009016_S310			18	M22_B000491_B009016_S310	18_47_F	Thymus	False	1	False	M22_B000491_B009016_S310.mm10-plus-8-0	exact_library_id_plus_documented_alignment_suffix		unmatched																
M22_B001369_B009009_S310			18	M22_B001369_B009009_S310	18_47_F	Thymus	False	1	False	M22_B001369_B009009_S310.mm10-plus-7-0	exact_library_id_plus_documented_alignment_suffix	M22_B001369_B009009_S310.mm10-plus-7-0-1	one_assay_suffix	18m	1	nan	DN4 thymocyte	nan	DN4 thymocyte	facs	18_47_F	1895479.0	2185.0	female	Thymus Flowthrough	Thymus	nan	6	5
M22_B002452_B009020_S310			18	M22_B002452_B009020_S310	18_47_F	Spleen	False	1	False	M22_B002452_B009020_S310.mm10-plus-0-0	exact_library_id_plus_documented_alignment_suffix	M22_B002452_B009020_S310.mm10-plus-0-0-1	one_assay_suffix	18m	1	nan	CD4-positive, alpha-beta T cell	nan	Cd3e T cell	facs	18_47_F	2385895.0	2875.0	female	nan	Spleen	nan	4	21
M22_B003017_B009010_S310			18	M22_B003017_B009010_S310	18_45_M	Thymus	False	1	False	M22_B003017_B009010_S310.mm10-plus-7-0	exact_library_id_plus_documented_alignment_suffix	M22_B003017_B009010_S310.mm10-plus-7-0-1	one_assay_suffix	18m	1	nan	thymocyte	nan	DN to DP transition (most are Cd8+/ Cd4+, some undergoing VDJ recombination)	facs	18_45_M	862458.0	1082.0	male	Thymus Flowthrough	Thymus	nan	21	23
M2_B000236_B009007_S290			18	M2_B000236_B009007_S290	18_53_M	Thymus	False	1	False	M2_B000236_B009007_S290.mm10-plus-8-0	exact_library_id_plus_documented_alignment_suffix	M2_B000236_B009007_S290.mm10-plus-8-0-1	one_assay_suffix	18m	1	nan	DN4 thymocyte	nan	DN4 thymocyte	facs	18_53_M	536808.0	1918.0	male	Thymus Flowthrough	Thymus	nan	6	5
M2_B000490_B009961_S290			18	M2_B000490_B009961_S290	18_47_F	Heart	False	1	False	M2_B000490_B009961_S290.mm10-plus-6-0	exact_library_id_plus_documented_alignment_suffix	M2_B000490_B009961_S290.mm10-plus-6-0-1	one_assay_suffix	18m	1	nan	T cell	nan	T cell	facs	18_47_F	1115526.0	1980.0	female	LA	Heart	nan	4	9
M2_B001369_B009009_S290			18	M2_B001369_B009009_S290	18_47_F	Thymus	False	1	False	M2_B001369_B009009_S290.mm10-plus-7-0	exact_library_id_plus_documented_alignment_suffix	M2_B001369_B009009_S290.mm10-plus-7-0-1	one_assay_suffix	18m	1	nan	thymocyte	nan	DN to DP transition (most are Cd8+/ Cd4+, some undergoing VDJ recombination)	facs	18_47_F	955782.0	1721.0	female	Thymus Flowthrough	Thymus	nan	21	23
M2_B002709_B009018_S290			18	M2_B002709_B009018_S290	18_53_M	Spleen	False	1	False	M2_B002709_B009018_S290.mm10-plus-7-0	exact_library_id_plus_documented_alignment_suffix	M2_B002709_B009018_S290.mm10-plus-7-0-1	one_assay_suffix	18m	1	nan	CD4-positive, alpha-beta T cell	nan	Cd3e T cell	facs	18_53_M	1176440.0	1223.0	male	nan	Spleen	nan	6	5
M3_B000236_B009007_S291			18	M3_B000236_B009007_S291	18_53_M	Thymus	False	1	False	M3_B000236_B009007_S291.mm10-plus-8-0	exact_library_id_plus_documented_alignment_suffix	M3_B000236_B009007_S291.mm10-plus-8-0-1	one_assay_suffix	18m	1	nan	DN4 thymocyte	nan	DN4 thymocyte	facs	18_53_M	512266.0	1973.0	male	Thymus Flowthrough	Thymus	nan	6	5
M3_B000263_B007344_S291			18	M3_B000263_B007344_S291	18_46_F	Trachea	False	1	False	M3_B000263_B007344_S291.mm10-plus-7-0	exact_library_id_plus_documented_alignment_suffix	M3_B000263_B007344_S291.mm10-plus-7-0-1	one_assay_suffix	18m	1	nan	T cell	nan	nan	facs	18_46_F	2505574.0	2464.0	female	nan	Trachea	nan	4	9
M3_B001369_B009009_S291			18	M3_B001369_B009009_S291	18_47_F	Thymus	False	1	False	M3_B001369_B009009_S291.mm10-plus-7-0	exact_library_id_plus_documented_alignment_suffix	M3_B001369_B009009_S291.mm10-plus-7-0-1	one_assay_suffix	18m	1	nan	DN4 thymocyte	nan	DN4 thymocyte	facs	18_47_F	634820.0	2409.0	female	Thymus Flowthrough	Thymus	nan	6	5
M3_B002270_B009894_S291			18	M3_B002270_B009894_S291	18_45_M	Marrow	False	1	False	M3_B002270_B009894_S291.mm10-plus-4-0	exact_library_id_plus_documented_alignment_suffix	M3_B002270_B009894_S291.mm10-plus-4-0-1	one_assay_suffix	18m	1	nan	naive B cell	nan	naïve B cell	facs	18_45_M	885285.0	1326.0	male	B-cells	Marrow	nan	0	0
M3_B002452_B009020_S291	57.0	4.0	18	M3_B002452_B009020_S291	18_47_F	Spleen	True	2	True	M3_B002452_B009020_S291.mm10-plus-0-0	exact_library_id_plus_documented_alignment_suffix	M3_B002452_B009020_S291.mm10-plus-0-0-1	one_assay_suffix	18m	1	nan	NK cell	nan	nan	facs	18_47_F	653555.0	3767.0	female	nan	Spleen	nan	40	47
M3_B002459_B007461_S291	110.0	9.0	18	M3_B002459_B007461_S291	18_46_F	Marrow	True	6	True	M3_B002459_B007461_S291.mm10-plus-8-0	exact_library_id_plus_documented_alignment_suffix	M3_B002459_B007461_S291.mm10-plus-8-0-1	one_assay_suffix	18m	1	nan	mature alpha-beta T cell	nan	BM CD8 + CD4 T cell	facs	18_46_F	1844311.0	3393.0	female	T cells	Marrow	nan	4	48
M3_B002828_B007462_S291			18	M3_B002828_B007462_S291	18_47_F	Marrow	False	1	False	M3_B002828_B007462_S291.mm10-plus-6-0	exact_library_id_plus_documented_alignment_suffix	M3_B002828_B007462_S291.mm10-plus-6-0-1	one_assay_suffix	18m	1	nan	CD4-positive, alpha-beta T cell	nan	BM CD4 T cell	facs	18_47_F	676283.0	3142.0	female	T cells	Marrow	nan	4	21
M3_B003017_B009010_S291			18	M3_B003017_B009010_S291	18_45_M	Thymus	False	1	False	M3_B003017_B009010_S291.mm10-plus-7-0	exact_library_id_plus_documented_alignment_suffix	M3_B003017_B009010_S291.mm10-plus-7-0-1	one_assay_suffix	18m	1	nan	DN4 thymocyte	nan	DN4 thymocyte	facs	18_45_M	1022800.0	1062.0	male	Thymus Flowthrough	Thymus	nan	6	5
M3_D045342_B009019_S291			18	M3_D045342_B009019_S291	18_45_M	Spleen	False	1	False	M3_D045342_B009019_S291.mm10-plus-0-0	exact_library_id_plus_documented_alignment_suffix	M3_D045342_B009019_S291.mm10-plus-0-0-1	one_assay_suffix	18m	1	nan	CD4-positive, alpha-beta T cell	nan	Cd3e T cell	facs	18_45_M	1880807.0	1849.0	male	nan	Spleen	nan	4	21
M3_D045405_B009854_S291	130.0	2.0	18	M3_D045405_B009854_S291	18_45_M	Marrow	True	2	True	M3_D045405_B009854_S291.mm10-plus-6-0	exact_library_id_plus_documented_alignment_suffix	M3_D045405_B009854_S291.mm10-plus-6-0-1	one_assay_suffix	18m	1	nan	CD4-positive, alpha-beta T cell	nan	BM CD4 T cell	facs	18_45_M	4015356.0	4108.0	male	T cells	Marrow	nan	4	21
M4_B000767_B009945_S292	75.0	3.0	18	M4_B000767_B009945_S292	18_46_F	Liver	True	3	True	M4_B000767_B009945_S292.mm10-plus-4-0	exact_library_id_plus_documented_alignment_suffix	M4_B000767_B009945_S292.mm10-plus-4-0-1	one_assay_suffix	18m	1	nan	mature NK T cell	nan	nan	facs	18_46_F	1459081.0	1846.0	female	Liver non-hepato/SCs	Liver	nan	4	9
M4_B001369_B009009_S292			18	M4_B001369_B009009_S292	18_47_F	Thymus	False	1	False	M4_B001369_B009009_S292.mm10-plus-7-0	exact_library_id_plus_documented_alignment_suffix	M4_B001369_B009009_S292.mm10-plus-7-0-1	one_assay_suffix	18m	1	nan	DN4 thymocyte	nan	DN4 thymocyte	facs	18_47_F	825274.0	2546.0	female	Thymus Flowthrough	Thymus	nan	6	5
M4_B002709_B009018_S292			18	M4_B002709_B009018_S292	18_53_M	Spleen	False	1	False	M4_B002709_B009018_S292.mm10-plus-7-0	exact_library_id_plus_documented_alignment_suffix	M4_B002709_B009018_S292.mm10-plus-7-0-1	one_assay_suffix	18m	1	nan	CD8-positive, alpha-beta T cell	nan	nan	facs	18_53_M	1253334.0	2012.0	male	nan	Spleen	nan	4	9
M4_B003007_B009008_S292			18	M4_B003007_B009008_S292	18_46_F	Thymus	False	1	False	M4_B003007_B009008_S292.mm10-plus-7-0	exact_library_id_plus_documented_alignment_suffix	M4_B003007_B009008_S292.mm10-plus-7-0-1	one_assay_suffix	18m	1	nan	DN4 thymocyte	nan	DN4 thymocyte	facs	18_46_F	1410090.0	2479.0	female	Thymus Flowthrough	Thymus	nan	4	9
M5_B000236_B009007_S293			18	M5_B000236_B009007_S293	18_53_M	Thymus	False	1	False	M5_B000236_B009007_S293.mm10-plus-8-0	exact_library_id_plus_documented_alignment_suffix	M5_B000236_B009007_S293.mm10-plus-8-0-1	one_assay_suffix	18m	1	nan	thymocyte	nan	DN to DP transition (most are Cd8+/ Cd4+, some undergoing VDJ recombination)	facs	18_53_M	536491.0	1621.0	male	Thymus Flowthrough	Thymus	nan	21	23
M5_B000794_B008549_S293			18	M5_B000794_B008549_S293	18_47_F	GAT	False	1	False	M5_B000794_B008549_S293.mm10-plus-3-0	exact_library_id_plus_documented_alignment_suffix	M5_B000794_B008549_S293.mm10-plus-3-0-1	one_assay_suffix	18m	1	nan	CD4-positive, alpha-beta T cell	nan	nan	facs	18_47_F	1307188.0	1897.0	female	Fat	GAT	nan	4	21
M5_B001369_B009009_S293			18	M5_B001369_B009009_S293	18_47_F	Thymus	False	1	False	M5_B001369_B009009_S293.mm10-plus-7-0	exact_library_id_plus_documented_alignment_suffix	M5_B001369_B009009_S293.mm10-plus-7-0-1	one_assay_suffix	18m	1	nan	DN4 thymocyte	nan	DN4 thymocyte	facs	18_47_F	1794526.0	2951.0	female	Thymus Flowthrough	Thymus	nan	6	5
M5_B002459_B007461_S293			18	M5_B002459_B007461_S293	18_46_F	Marrow	False	1	False	M5_B002459_B007461_S293.mm10-plus-8-0	exact_library_id_plus_documented_alignment_suffix	M5_B002459_B007461_S293.mm10-plus-8-0-1	one_assay_suffix	18m	1	nan	promonocyte	nan	monocyte + promonocyte	facs	18_46_F	1266533.0	3901.0	female	T cells	Marrow	nan	2	17
M5_B003007_B009008_S293			18	M5_B003007_B009008_S293	18_46_F	Thymus	False	1	False	M5_B003007_B009008_S293.mm10-plus-7-0	exact_library_id_plus_documented_alignment_suffix	M5_B003007_B009008_S293.mm10-plus-7-0-1	one_assay_suffix	18m	1	nan	DN4 thymocyte	nan	DN4 thymocyte	facs	18_46_F	1072403.0	2183.0	female	Thymus Flowthrough	Thymus	nan	6	5
M5_D045405_B009854_S293	120.0	2.0	18	M5_D045405_B009854_S293	18_45_M	Marrow	True	2	True	M5_D045405_B009854_S293.mm10-plus-6-0	exact_library_id_plus_documented_alignment_suffix	M5_D045405_B009854_S293.mm10-plus-6-0-1	one_assay_suffix	18m	1	nan	mature alpha-beta T cell	nan	BM CD8 + CD4 T cell	facs	18_45_M	1023251.0	3515.0	male	T cells	Marrow	nan	4	9
M6_B001369_B009009_S294			18	M6_B001369_B009009_S294	18_47_F	Thymus	False	1	False	M6_B001369_B009009_S294.mm10-plus-7-0	exact_library_id_plus_documented_alignment_suffix	M6_B001369_B009009_S294.mm10-plus-7-0-1	one_assay_suffix	18m	1	nan	DN4 thymocyte	nan	DN4 thymocyte	facs	18_47_F	1583605.0	3051.0	female	Thymus Flowthrough	Thymus	nan	6	5
M6_B002673_B007460_S294			18	M6_B002673_B007460_S294	18_53_M	Marrow	False	1	False	M6_B002673_B007460_S294.mm10-plus-7-0	exact_library_id_plus_documented_alignment_suffix	M6_B002673_B007460_S294.mm10-plus-7-0-1	one_assay_suffix	18m	1	nan	CD4-positive, alpha-beta T cell	nan	BM CD4 T cell	facs	18_53_M	1519134.0	2446.0	male	T cells	Marrow	nan	4	21
M6_B002828_B007462_S294			18	M6_B002828_B007462_S294	18_47_F	Marrow	False	1	False	M6_B002828_B007462_S294.mm10-plus-6-0	exact_library_id_plus_documented_alignment_suffix	M6_B002828_B007462_S294.mm10-plus-6-0-1	one_assay_suffix	18m	1	nan	CD4-positive, alpha-beta T cell	nan	BM CD4 T cell	facs	18_47_F	496154.0	3191.0	female	T cells	Marrow	nan	4	21
M6_B003007_B009008_S294	95.0	5.0	18	M6_B003007_B009008_S294	18_46_F	Thymus	True	3	True	M6_B003007_B009008_S294.mm10-plus-7-0	exact_library_id_plus_documented_alignment_suffix	M6_B003007_B009008_S294.mm10-plus-7-0-1	one_assay_suffix	18m	1	nan	DN4 thymocyte	nan	DN4 thymocyte	facs	18_46_F	1553538.0	2651.0	female	Thymus Flowthrough	Thymus	nan	4	21
M6_B003017_B009010_S294			18	M6_B003017_B009010_S294	18_45_M	Thymus	False	1	False	M6_B003017_B009010_S294.mm10-plus-7-0	exact_library_id_plus_documented_alignment_suffix	M6_B003017_B009010_S294.mm10-plus-7-0-1	one_assay_suffix	18m	1	nan	thymocyte	nan	DN to DP transition (most are Cd8+/ Cd4+, some undergoing VDJ recombination)	facs	18_45_M	156759.0	865.0	male	Thymus Flowthrough	Thymus	nan	21	23
M6_D045342_B009019_S294			18	M6_D045342_B009019_S294	18_45_M	Spleen	False	1	False	M6_D045342_B009019_S294.mm10-plus-0-0	exact_library_id_plus_documented_alignment_suffix	M6_D045342_B009019_S294.mm10-plus-0-0-1	one_assay_suffix	18m	1	nan	CD8-positive, alpha-beta T cell	nan	nan	facs	18_45_M	2228959.0	2051.0	male	nan	Spleen	nan	4	9
M7_B002709_B009018_S295			18	M7_B002709_B009018_S295	18_53_M	Spleen	False	1	False	M7_B002709_B009018_S295.mm10-plus-7-0	exact_library_id_plus_documented_alignment_suffix	M7_B002709_B009018_S295.mm10-plus-7-0-1	one_assay_suffix	18m	1	nan	CD8-positive, alpha-beta T cell	nan	nan	facs	18_53_M	1541210.0	1601.0	male	nan	Spleen	nan	4	9
M7_B002828_B007462_S295			18	M7_B002828_B007462_S295	18_47_F	Marrow	False	1	False	M7_B002828_B007462_S295.mm10-plus-6-0	exact_library_id_plus_documented_alignment_suffix	M7_B002828_B007462_S295.mm10-plus-6-0-1	one_assay_suffix	18m	1	nan	mature alpha-beta T cell	nan	BM CD8 + CD4 T cell	facs	18_47_F	722812.0	4222.0	female	T cells	Marrow	nan	4	9
M7_B003007_B009008_S295			18	M7_B003007_B009008_S295	18_46_F	Thymus	False	1	False	M7_B003007_B009008_S295.mm10-plus-7-0	exact_library_id_plus_documented_alignment_suffix	M7_B003007_B009008_S295.mm10-plus-7-0-1	one_assay_suffix	18m	1	nan	DN4 thymocyte	nan	DN4 thymocyte	facs	18_46_F	1245293.0	1932.0	female	Thymus Flowthrough	Thymus	nan	6	5
M7_B003017_B009010_S295			18	M7_B003017_B009010_S295	18_45_M	Thymus	False	1	False	M7_B003017_B009010_S295.mm10-plus-7-0	exact_library_id_plus_documented_alignment_suffix	M7_B003017_B009010_S295.mm10-plus-7-0-1	one_assay_suffix	18m	1	nan	thymocyte	nan	DN to DP transition (most are Cd8+/ Cd4+, some undergoing VDJ recombination)	facs	18_45_M	1091654.0	925.0	male	Thymus Flowthrough	Thymus	nan	21	23
M8_B000268_B009896_S296	17.0	7.0	18	M8_B000268_B009896_S296	18_46_F	Lung	True	7	True	M8_B000268_B009896_S296.mm10-plus-4-0	exact_library_id_plus_documented_alignment_suffix		unmatched																
M8_B001369_B009009_S296			18	M8_B001369_B009009_S296	18_47_F	Thymus	False	1	False	M8_B001369_B009009_S296.mm10-plus-7-0	exact_library_id_plus_documented_alignment_suffix	M8_B001369_B009009_S296.mm10-plus-7-0-1	one_assay_suffix	18m	1	nan	DN4 thymocyte	nan	DN4 thymocyte	facs	18_47_F	874554.0	2266.0	female	Thymus Flowthrough	Thymus	nan	6	5
M8_B002452_B009020_S296			18	M8_B002452_B009020_S296	18_47_F	Spleen	False	1	False	M8_B002452_B009020_S296.mm10-plus-0-0	exact_library_id_plus_documented_alignment_suffix	M8_B002452_B009020_S296.mm10-plus-0-0-1	one_assay_suffix	18m	1	nan	CD4-positive, alpha-beta T cell	nan	Cd3e T cell	facs	18_47_F	670067.0	4724.0	female	nan	Spleen	nan	4	5
M8_B002828_B007462_S296			18	M8_B002828_B007462_S296	18_47_F	Marrow	False	1	False	M8_B002828_B007462_S296.mm10-plus-6-0	exact_library_id_plus_documented_alignment_suffix	M8_B002828_B007462_S296.mm10-plus-6-0-1	one_assay_suffix	18m	1	nan	mature alpha-beta T cell	nan	BM CD8 + CD4 T cell	facs	18_47_F	651868.0	3241.0	female	T cells	Marrow	nan	4	9
M8_B002843_B009897_S296			18	M8_B002843_B009897_S296	18_47_F	Lung	False	1	False	M8_B002843_B009897_S296.mm10-plus-6-0	exact_library_id_plus_documented_alignment_suffix	M8_B002843_B009897_S296.mm10-plus-6-0-1	one_assay_suffix	18m	1	nan	regulatory T cell	nan	Regulatory T	facs	18_47_F	888453.0	2505.0	female	EPCAM	Lung	nan	4	21
M8_B003007_B009008_S296			18	M8_B003007_B009008_S296	18_46_F	Thymus	False	1	False	M8_B003007_B009008_S296.mm10-plus-7-0	exact_library_id_plus_documented_alignment_suffix	M8_B003007_B009008_S296.mm10-plus-7-0-1	one_assay_suffix	18m	1	nan	DN4 thymocyte	nan	DN4 thymocyte	facs	18_46_F	1259167.0	2230.0	female	Thymus Flowthrough	Thymus	nan	6	5
M8_B003017_B009010_S296			18	M8_B003017_B009010_S296	18_45_M	Thymus	False	1	False	M8_B003017_B009010_S296.mm10-plus-7-0	exact_library_id_plus_documented_alignment_suffix	M8_B003017_B009010_S296.mm10-plus-7-0-1	one_assay_suffix	18m	1	nan	thymocyte	nan	DN to DP transition (most are Cd8+/ Cd4+, some undergoing VDJ recombination)	facs	18_45_M	2044426.0	1240.0	male	Thymus Flowthrough	Thymus	nan	21	23
M8_D045342_B009019_S296			18	M8_D045342_B009019_S296	18_45_M	Spleen	False	1	False	M8_D045342_B009019_S296.mm10-plus-0-0	exact_library_id_plus_documented_alignment_suffix	M8_D045342_B009019_S296.mm10-plus-0-0-1	one_assay_suffix	18m	1	nan	CD4-positive, alpha-beta T cell	nan	Cd3e T cell	facs	18_45_M	687041.0	1717.0	male	nan	Spleen	nan	6	5
M9_B000236_B009007_S297	109.0	2.0	18	M9_B000236_B009007_S297	18_53_M	Thymus	True	2	True	M9_B000236_B009007_S297.mm10-plus-8-0	exact_library_id_plus_documented_alignment_suffix	M9_B000236_B009007_S297.mm10-plus-8-0-1	one_assay_suffix	18m	1	nan	DN4 thymocyte	nan	DN4 thymocyte	facs	18_53_M	1457728.0	2426.0	male	Thymus Flowthrough	Thymus	nan	4	9
M9_B000794_B008549_S297			18	M9_B000794_B008549_S297	18_47_F	GAT	False	1	False	M9_B000794_B008549_S297.mm10-plus-3-0	exact_library_id_plus_documented_alignment_suffix	M9_B000794_B008549_S297.mm10-plus-3-0-1	one_assay_suffix	18m	1	nan	CD8-positive, alpha-beta T cell	nan	nan	facs	18_47_F	1815820.0	2264.0	female	Fat	GAT	nan	4	9
M9_B000808_B008541_S297	18.0	8.0	18	M9_B000808_B008541_S297	18_47_F	SCAT	True	3	True	M9_B000808_B008541_S297.mm10-plus-6-0	exact_library_id_plus_documented_alignment_suffix	M9_B000808_B008541_S297.mm10-plus-6-0-1	one_assay_suffix	18m	1	nan	NK cell	nan	nan	facs	18_47_F	1077175.0	2358.0	female	Fat	SCAT	nan	4	21
M9_B000809_B009956_S297			18	M9_B000809_B009956_S297	18_46_F	Heart	False	1	False	M9_B000809_B009956_S297.mm10-plus-6-0	exact_library_id_plus_documented_alignment_suffix	M9_B000809_B009956_S297.mm10-plus-6-0-1	one_assay_suffix	18m	1	nan	T cell	nan	T cell	facs	18_46_F	1268536.0	2430.0	female	LV	Heart	nan	4	5
M9_B001369_B009009_S297			18	M9_B001369_B009009_S297	18_47_F	Thymus	False	1	False	M9_B001369_B009009_S297.mm10-plus-7-0	exact_library_id_plus_documented_alignment_suffix	M9_B001369_B009009_S297.mm10-plus-7-0-1	one_assay_suffix	18m	1	nan	epithelial cell of thymus	nan	TECs	facs	18_47_F	415851.0	1565.0	female	Thymus Flowthrough	Thymus	nan	6	5
M9_B002452_B009020_S297			18	M9_B002452_B009020_S297	18_47_F	Spleen	False	1	False	M9_B002452_B009020_S297.mm10-plus-0-0	exact_library_id_plus_documented_alignment_suffix	M9_B002452_B009020_S297.mm10-plus-0-0-1	one_assay_suffix	18m	1	nan	CD4-positive, alpha-beta T cell	nan	Cd3e T cell	facs	18_47_F	631020.0	3543.0	female	nan	Spleen	nan	4	21
M9_B002828_B007462_S297			18	M9_B002828_B007462_S297	18_47_F	Marrow	False	1	False	M9_B002828_B007462_S297.mm10-plus-6-0	exact_library_id_plus_documented_alignment_suffix	M9_B002828_B007462_S297.mm10-plus-6-0-1	one_assay_suffix	18m	1	nan	mature alpha-beta T cell	nan	BM CD8 + CD4 T cell	facs	18_47_F	663079.0	3228.0	female	T cells	Marrow	nan	4	9
M9_B003007_B009008_S297			18	M9_B003007_B009008_S297	18_46_F	Thymus	False	1	False	M9_B003007_B009008_S297.mm10-plus-7-0	exact_library_id_plus_documented_alignment_suffix	M9_B003007_B009008_S297.mm10-plus-7-0-1	one_assay_suffix	18m	1	nan	DN4 thymocyte	nan	DN4 thymocyte	facs	18_46_F	1026496.0	2176.0	female	Thymus Flowthrough	Thymus	nan	6	5
M9_B003017_B009010_S297			18	M9_B003017_B009010_S297	18_45_M	Thymus	False	1	False	M9_B003017_B009010_S297.mm10-plus-7-0	exact_library_id_plus_documented_alignment_suffix	M9_B003017_B009010_S297.mm10-plus-7-0-1	one_assay_suffix	18m	1	nan	thymocyte	nan	proliferating thymocyte; DN to DP transition, dividing (some are Cd8+/ Cd4+, some undergoing VDJ recombination)	facs	18_45_M	3517338.0	2492.0	male	Thymus Flowthrough	Thymus	nan	21	23
M9_D045342_B009019_S297			18	M9_D045342_B009019_S297	18_45_M	Spleen	False	1	False	M9_D045342_B009019_S297.mm10-plus-0-0	exact_library_id_plus_documented_alignment_suffix	M9_D045342_B009019_S297.mm10-plus-0-0-1	one_assay_suffix	18m	1	nan	CD4-positive, alpha-beta T cell	nan	Cd3e T cell	facs	18_45_M	1344684.0	2159.0	male	nan	Spleen	nan	4	21
M9_D045405_B009854_S297			18	M9_D045405_B009854_S297	18_45_M	Marrow	False	1	False	M9_D045405_B009854_S297.mm10-plus-6-0	exact_library_id_plus_documented_alignment_suffix	M9_D045405_B009854_S297.mm10-plus-6-0-1	one_assay_suffix	18m	1	nan	NK cell	nan	NK cell	facs	18_45_M	786581.0	3636.0	male	T cells	Marrow	nan	4	9
N10_B000236_B009007_S322			18	N10_B000236_B009007_S322	18_53_M	Thymus	False	1	False	N10_B000236_B009007_S322.mm10-plus-8-0	exact_library_id_plus_documented_alignment_suffix	N10_B000236_B009007_S322.mm10-plus-8-0-1	one_assay_suffix	18m	1	nan	DN4 thymocyte	nan	DN4 thymocyte	facs	18_53_M	765689.0	1364.0	male	Thymus Flowthrough	Thymus	nan	6	5
N10_B000477_B008543_S322			18	N10_B000477_B008543_S322	18_53_M	MAT	False	1	False	N10_B000477_B008543_S322.mm10-plus-6-0	exact_library_id_plus_documented_alignment_suffix	N10_B000477_B008543_S322.mm10-plus-6-0-1	one_assay_suffix	18m	1	nan	CD8-positive, alpha-beta T cell	nan	nan	facs	18_53_M	213618.0	1356.0	male	Fat	MAT	nan	4	9
N10_B002828_B007462_S322			18	N10_B002828_B007462_S322	18_47_F	Marrow	False	1	False	N10_B002828_B007462_S322.mm10-plus-6-0	exact_library_id_plus_documented_alignment_suffix	N10_B002828_B007462_S322.mm10-plus-6-0-1	one_assay_suffix	18m	1	nan	CD4-positive, alpha-beta T cell	nan	BM CD4 T cell	facs	18_47_F	290327.0	3655.0	female	T cells	Marrow	nan	4	48
N10_B003007_B009008_S322			18	N10_B003007_B009008_S322	18_46_F	Thymus	False	1	False	N10_B003007_B009008_S322.mm10-plus-7-0	exact_library_id_plus_documented_alignment_suffix	N10_B003007_B009008_S322.mm10-plus-7-0-1	one_assay_suffix	18m	1	nan	DN4 thymocyte	nan	DN4 thymocyte	facs	18_46_F	1116750.0	2003.0	female	Thymus Flowthrough	Thymus	nan	4	21
N10_B003017_B009010_S322			18	N10_B003017_B009010_S322	18_45_M	Thymus	False	1	False	N10_B003017_B009010_S322.mm10-plus-7-0	exact_library_id_plus_documented_alignment_suffix	N10_B003017_B009010_S322.mm10-plus-7-0-1	one_assay_suffix	18m	1	nan	thymocyte	nan	proliferating thymocyte; DN to DP transition, dividing (some are Cd8+/ Cd4+, some undergoing VDJ recombination)	facs	18_45_M	3526354.0	2251.0	male	Thymus Flowthrough	Thymus	nan	21	23
N11_B000120_B007345_S323			18	N11_B000120_B007345_S323	18_47_F	Trachea	False	1	False	N11_B000120_B007345_S323.mm10-plus-7-0	exact_library_id_plus_documented_alignment_suffix	N11_B000120_B007345_S323.mm10-plus-7-0-1	one_assay_suffix	18m	1	nan	T cell	nan	nan	facs	18_47_F	899508.0	1596.0	female	nan	Trachea	nan	4	21
N11_B000236_B009007_S323			18	N11_B000236_B009007_S323	18_53_M	Thymus	False	1	False	N11_B000236_B009007_S323.mm10-plus-8-0	exact_library_id_plus_documented_alignment_suffix	N11_B000236_B009007_S323.mm10-plus-8-0-1	one_assay_suffix	18m	1	nan	DN4 thymocyte	nan	DN4 thymocyte	facs	18_53_M	1388552.0	1842.0	male	Thymus Flowthrough	Thymus	nan	6	5
N11_B000487_B008360_S323	120.0	2.0	18	N11_B000487_B008360_S323	18_45_M	BAT	True	2	True	N11_B000487_B008360_S323.mm10-plus-7-0	exact_library_id_plus_documented_alignment_suffix	N11_B000487_B008360_S323.mm10-plus-7-0-1	one_assay_suffix	18m	1	nan	T cell	nan	nan	facs	18_45_M	2549704.0	1410.0	male	Fat	BAT	nan	4	9
N11_B000795_B008545_S323			18	N11_B000795_B008545_S323	18_47_F	MAT	False	1	False	N11_B000795_B008545_S323.mm10-plus-3-0	exact_library_id_plus_documented_alignment_suffix	N11_B000795_B008545_S323.mm10-plus-3-0-1	one_assay_suffix	18m	1	nan	CD8-positive, alpha-beta T cell	nan	nan	facs	18_47_F	397067.0	2334.0	female	Fat	MAT	nan	6	5
N11_B001369_B009009_S323			18	N11_B001369_B009009_S323	18_47_F	Thymus	False	1	False	N11_B001369_B009009_S323.mm10-plus-7-0	exact_library_id_plus_documented_alignment_suffix	N11_B001369_B009009_S323.mm10-plus-7-0-1	one_assay_suffix	18m	1	nan	DN4 thymocyte	nan	DN4 thymocyte	facs	18_47_F	532246.0	2462.0	female	Thymus Flowthrough	Thymus	nan	6	5
N11_B002452_B009020_S323	111.0	2.0	18	N11_B002452_B009020_S323	18_47_F	Spleen	True	2	True	N11_B002452_B009020_S323.mm10-plus-0-0	exact_library_id_plus_documented_alignment_suffix	N11_B002452_B009020_S323.mm10-plus-0-0-1	one_assay_suffix	18m	1	nan	NK cell	nan	nan	facs	18_47_F	478192.0	3587.0	female	nan	Spleen	nan	40	47
N11_B002459_B007461_S323			18	N11_B002459_B007461_S323	18_46_F	Marrow	False	1	False	N11_B002459_B007461_S323.mm10-plus-8-0	exact_library_id_plus_documented_alignment_suffix	N11_B002459_B007461_S323.mm10-plus-8-0-1	one_assay_suffix	18m	1	nan	CD4-positive, alpha-beta T cell	nan	BM CD4 T cell	facs	18_46_F	398011.0	2767.0	female	T cells	Marrow	nan	4	21
N11_B002709_B009018_S323			18	N11_B002709_B009018_S323	18_53_M	Spleen	False	1	False	N11_B002709_B009018_S323.mm10-plus-7-0	exact_library_id_plus_documented_alignment_suffix	N11_B002709_B009018_S323.mm10-plus-7-0-1	one_assay_suffix	18m	1	nan	CD4-positive, alpha-beta T cell	nan	Cd3e T cell	facs	18_53_M	829580.0	1897.0	male	nan	Spleen	nan	4	5
N11_B003017_B009010_S323			18	N11_B003017_B009010_S323	18_45_M	Thymus	False	1	False	N11_B003017_B009010_S323.mm10-plus-7-0	exact_library_id_plus_documented_alignment_suffix	N11_B003017_B009010_S323.mm10-plus-7-0-1	one_assay_suffix	18m	1	nan	thymocyte	nan	DN to DP transition (most are Cd8+/ Cd4+, some undergoing VDJ recombination)	facs	18_45_M	1159193.0	921.0	male	Thymus Flowthrough	Thymus	nan	21	23
N11_D045405_B009854_S323			18	N11_D045405_B009854_S323	18_45_M	Marrow	False	1	False	N11_D045405_B009854_S323.mm10-plus-6-0	exact_library_id_plus_documented_alignment_suffix	N11_D045405_B009854_S323.mm10-plus-6-0-1	one_assay_suffix	18m	1	nan	CD4-positive, alpha-beta T cell	nan	BM CD4 T cell	facs	18_45_M	511048.0	1895.0	male	T cells	Marrow	nan	4	21
N12_B000236_B009007_S324			18	N12_B000236_B009007_S324	18_53_M	Thymus	False	1	False	N12_B000236_B009007_S324.mm10-plus-8-0	exact_library_id_plus_documented_alignment_suffix	N12_B000236_B009007_S324.mm10-plus-8-0-1	one_assay_suffix	18m	1	nan	thymocyte	nan	DN to DP transition (most are Cd8+/ Cd4+, some undergoing VDJ recombination)	facs	18_53_M	967606.0	1623.0	male	Thymus Flowthrough	Thymus	nan	21	23
N12_B000800_B008432_S324	35.0	2.0	18	N12_B000800_B008432_S324	18_47_F	BAT	True	1	False	N12_B000800_B008432_S324.mm10-plus-3-0	exact_library_id_plus_documented_alignment_suffix	N12_B000800_B008432_S324.mm10-plus-3-0-1	one_assay_suffix	18m	1	nan	T cell	nan	nan	facs	18_47_F	2082011.0	2297.0	female	Fat	BAT	nan	4	9
N12_D045405_B009854_S324			18	N12_D045405_B009854_S324	18_45_M	Marrow	False	1	False	N12_D045405_B009854_S324.mm10-plus-6-0	exact_library_id_plus_documented_alignment_suffix	N12_D045405_B009854_S324.mm10-plus-6-0-1	one_assay_suffix	18m	1	nan	CD4-positive, alpha-beta T cell	nan	BM CD4 T cell	facs	18_45_M	316177.0	1773.0	male	T cells	Marrow	nan	4	21
N13_B000236_B009007_S325			18	N13_B000236_B009007_S325	18_53_M	Thymus	False	1	False	N13_B000236_B009007_S325.mm10-plus-8-0	exact_library_id_plus_documented_alignment_suffix	N13_B000236_B009007_S325.mm10-plus-8-0-1	one_assay_suffix	18m	1	nan	thymocyte	nan	proliferating thymocyte; DN to DP transition, dividing (some are Cd8+/ Cd4+, some undergoing VDJ recombination)	facs	18_53_M	1709699.0	2610.0	male	Thymus Flowthrough	Thymus	nan	21	23
N14_B000236_B009007_S326			18	N14_B000236_B009007_S326	18_53_M	Thymus	False	1	False	N14_B000236_B009007_S326.mm10-plus-8-0	exact_library_id_plus_documented_alignment_suffix	N14_B000236_B009007_S326.mm10-plus-8-0-1	one_assay_suffix	18m	1	nan	thymocyte	nan	DN to DP transition (most are Cd8+/ Cd4+, some undergoing VDJ recombination)	facs	18_53_M	568222.0	1198.0	male	Thymus Flowthrough	Thymus	nan	21	23
N14_B000490_B009961_S326	1.0	3.0	18	N14_B000490_B009961_S326	18_47_F	Heart	True	3	True	N14_B000490_B009961_S326.mm10-plus-6-0	exact_library_id_plus_documented_alignment_suffix	N14_B000490_B009961_S326.mm10-plus-6-0-1	one_assay_suffix	18m	1	nan	T cell	nan	T cell	facs	18_47_F	538145.0	1480.0	female	LA	Heart	nan	4	9
N14_B000806_B008540_S326			18	N14_B000806_B008540_S326	18_46_F	MAT	False	1	False	N14_B000806_B008540_S326.mm10-plus-6-0	exact_library_id_plus_documented_alignment_suffix	N14_B000806_B008540_S326.mm10-plus-6-0-1	one_assay_suffix	18m	1	nan	CD4-positive, alpha-beta T cell	nan	nan	facs	18_46_F	491324.0	2019.0	female	Fat	MAT	nan	6	5
N14_B001369_B009009_S326			18	N14_B001369_B009009_S326	18_47_F	Thymus	False	1	False	N14_B001369_B009009_S326.mm10-plus-7-0	exact_library_id_plus_documented_alignment_suffix	N14_B001369_B009009_S326.mm10-plus-7-0-1	one_assay_suffix	18m	1	nan	DN4 thymocyte	nan	DN4 thymocyte	facs	18_47_F	2325167.0	2852.0	female	Thymus Flowthrough	Thymus	nan	6	5
N14_B002452_B009020_S326			18	N14_B002452_B009020_S326	18_47_F	Spleen	False	1	False	N14_B002452_B009020_S326.mm10-plus-0-0	exact_library_id_plus_documented_alignment_suffix	N14_B002452_B009020_S326.mm10-plus-0-0-1	one_assay_suffix	18m	1	nan	CD4-positive, alpha-beta T cell	nan	Cd3e T cell	facs	18_47_F	1310172.0	2963.0	female	nan	Spleen	nan	6	5
N14_B002755_B007347_S326	14.0	3.0	18	N14_B002755_B007347_S326	18_53_M	Tongue	True	2	True	N14_B002755_B007347_S326.mm10-plus-7-0	exact_library_id_plus_documented_alignment_suffix	N14_B002755_B007347_S326.mm10-plus-7-0-1	one_assay_suffix	18m	1	nan	basal cell of epidermis	nan	nan	facs	18_53_M	779147.0	3448.0	male	nan	Tongue	nan	5	3
N14_B003017_B009010_S326			18	N14_B003017_B009010_S326	18_45_M	Thymus	False	1	False	N14_B003017_B009010_S326.mm10-plus-7-0	exact_library_id_plus_documented_alignment_suffix	N14_B003017_B009010_S326.mm10-plus-7-0-1	one_assay_suffix	18m	1	nan	thymocyte	nan	DN to DP transition (most are Cd8+/ Cd4+, some undergoing VDJ recombination)	facs	18_45_M	911528.0	940.0	male	Thymus Flowthrough	Thymus	nan	21	23
N15_B000171_B009952_S327			18	N15_B000171_B009952_S327	18_53_M	Heart	False	1	False	N15_B000171_B009952_S327.mm10-plus-8-0	exact_library_id_plus_documented_alignment_suffix	N15_B000171_B009952_S327.mm10-plus-8-0-1	one_assay_suffix	18m	1	nan	T cell	nan	T cell	facs	18_53_M	843721.0	2942.0	male	RA	Heart	nan	4	9
N15_B000505_B008435_S327			18	N15_B000505_B008435_S327	18_45_M	GAT	False	1	False	N15_B000505_B008435_S327.mm10-plus-8-0	exact_library_id_plus_documented_alignment_suffix	N15_B000505_B008435_S327.mm10-plus-8-0-1	one_assay_suffix	18m	1	nan	CD8-positive, alpha-beta T cell	nan	nan	facs	18_45_M	1229473.0	1395.0	male	Fat	GAT	nan	4	5
N15_B000794_B008549_S327			18	N15_B000794_B008549_S327	18_47_F	GAT	False	1	False	N15_B000794_B008549_S327.mm10-plus-3-0	exact_library_id_plus_documented_alignment_suffix	N15_B000794_B008549_S327.mm10-plus-3-0-1	one_assay_suffix	18m	1	nan	CD8-positive, alpha-beta T cell	nan	nan	facs	18_47_F	1005746.0	1977.0	female	Fat	GAT	nan	4	9
N15_B000805_B008544_S327	34.0	10.0	18	N15_B000805_B008544_S327	18_46_F	SCAT	True	10	True	N15_B000805_B008544_S327.mm10-plus-3-0	exact_library_id_plus_documented_alignment_suffix	N15_B000805_B008544_S327.mm10-plus-3-0-1	one_assay_suffix	18m	1	nan	CD8-positive, alpha-beta T cell	nan	nan	facs	18_46_F	851640.0	2141.0	female	Fat	SCAT	nan	4	9
N15_B001369_B009009_S327			18	N15_B001369_B009009_S327	18_47_F	Thymus	False	1	False	N15_B001369_B009009_S327.mm10-plus-7-0	exact_library_id_plus_documented_alignment_suffix	N15_B001369_B009009_S327.mm10-plus-7-0-1	one_assay_suffix	18m	1	nan	DN4 thymocyte	nan	DN4 thymocyte	facs	18_47_F	623600.0	1794.0	female	Thymus Flowthrough	Thymus	nan	6	5
N15_B002452_B009020_S327			18	N15_B002452_B009020_S327	18_47_F	Spleen	False	1	False	N15_B002452_B009020_S327.mm10-plus-0-0	exact_library_id_plus_documented_alignment_suffix	N15_B002452_B009020_S327.mm10-plus-0-0-1	one_assay_suffix	18m	1	nan	CD4-positive, alpha-beta T cell	nan	Cd3e T cell	facs	18_47_F	732782.0	2715.0	female	nan	Spleen	nan	4	21
N15_B003007_B009008_S327			18	N15_B003007_B009008_S327	18_46_F	Thymus	False	1	False	N15_B003007_B009008_S327.mm10-plus-7-0	exact_library_id_plus_documented_alignment_suffix	N15_B003007_B009008_S327.mm10-plus-7-0-1	one_assay_suffix	18m	1	nan	DN4 thymocyte	nan	DN4 thymocyte	facs	18_46_F	1525783.0	2864.0	female	Thymus Flowthrough	Thymus	nan	4	9
N15_B003017_B009010_S327			18	N15_B003017_B009010_S327	18_45_M	Thymus	False	1	False	N15_B003017_B009010_S327.mm10-plus-7-0	exact_library_id_plus_documented_alignment_suffix	N15_B003017_B009010_S327.mm10-plus-7-0-1	one_assay_suffix	18m	1	nan	thymocyte	nan	proliferating thymocyte; DN to DP transition, dividing (some are Cd8+/ Cd4+, some undergoing VDJ recombination)	facs	18_45_M	663244.0	2801.0	male	Thymus Flowthrough	Thymus	nan	21	23
N16_B000236_B009007_S328			18	N16_B000236_B009007_S328	18_53_M	Thymus	False	1	False	N16_B000236_B009007_S328.mm10-plus-8-0	exact_library_id_plus_documented_alignment_suffix	N16_B000236_B009007_S328.mm10-plus-8-0-1	one_assay_suffix	18m	1	nan	thymocyte	nan	DN to DP transition (most are Cd8+/ Cd4+, some undergoing VDJ recombination)	facs	18_53_M	451792.0	1024.0	male	Thymus Flowthrough	Thymus	nan	21	23
N16_B000794_B008549_S328	100.0	7.0	18	N16_B000794_B008549_S328	18_47_F	GAT	True	6	True	N16_B000794_B008549_S328.mm10-plus-3-0	exact_library_id_plus_documented_alignment_suffix	N16_B000794_B008549_S328.mm10-plus-3-0-1	one_assay_suffix	18m	1	nan	CD8-positive, alpha-beta T cell	nan	nan	facs	18_47_F	876984.0	1756.0	female	Fat	GAT	nan	4	9
N16_B000805_B008544_S328			18	N16_B000805_B008544_S328	18_46_F	SCAT	False	1	False	N16_B000805_B008544_S328.mm10-plus-3-0	exact_library_id_plus_documented_alignment_suffix	N16_B000805_B008544_S328.mm10-plus-3-0-1	one_assay_suffix	18m	1	nan	CD8-positive, alpha-beta T cell	nan	nan	facs	18_46_F	2784716.0	3035.0	female	Fat	SCAT	nan	4	9
N16_B002459_B007461_S328			18	N16_B002459_B007461_S328	18_46_F	Marrow	False	1	False	N16_B002459_B007461_S328.mm10-plus-8-0	exact_library_id_plus_documented_alignment_suffix	N16_B002459_B007461_S328.mm10-plus-8-0-1	one_assay_suffix	18m	1	nan	CD4-positive, alpha-beta T cell	nan	BM CD4 T cell	facs	18_46_F	417383.0	1807.0	female	T cells	Marrow	nan	4	21
N16_B002755_B007347_S328	14.0	3.0	18	N16_B002755_B007347_S328	18_53_M	Tongue	True	2	True	N16_B002755_B007347_S328.mm10-plus-7-0	exact_library_id_plus_documented_alignment_suffix	N16_B002755_B007347_S328.mm10-plus-7-0-1	one_assay_suffix	18m	1	nan	basal cell of epidermis	nan	nan	facs	18_53_M	1059208.0	4491.0	male	nan	Tongue	nan	5	3
N17_B000236_B009007_S329			18	N17_B000236_B009007_S329	18_53_M	Thymus	False	1	False	N17_B000236_B009007_S329.mm10-plus-8-0	exact_library_id_plus_documented_alignment_suffix	N17_B000236_B009007_S329.mm10-plus-8-0-1	one_assay_suffix	18m	1	nan	thymocyte	nan	DN to DP transition (most are Cd8+/ Cd4+, some undergoing VDJ recombination)	facs	18_53_M	684277.0	1215.0	male	Thymus Flowthrough	Thymus	nan	21	23
N17_B002459_B007461_S329			18	N17_B002459_B007461_S329	18_46_F	Marrow	False	1	False	N17_B002459_B007461_S329.mm10-plus-8-0	exact_library_id_plus_documented_alignment_suffix	N17_B002459_B007461_S329.mm10-plus-8-0-1	one_assay_suffix	18m	1	nan	CD4-positive, alpha-beta T cell	nan	BM CD4 T cell	facs	18_46_F	236406.0	1370.0	female	T cells	Marrow	nan	4	21
N17_B002709_B009018_S329			18	N17_B002709_B009018_S329	18_53_M	Spleen	False	1	False	N17_B002709_B009018_S329.mm10-plus-7-0	exact_library_id_plus_documented_alignment_suffix	N17_B002709_B009018_S329.mm10-plus-7-0-1	one_assay_suffix	18m	1	nan	CD8-positive, alpha-beta T cell	nan	nan	facs	18_53_M	1144114.0	2185.0	male	nan	Spleen	nan	4	9
N17_B003007_B009008_S329			18	N17_B003007_B009008_S329	18_46_F	Thymus	False	1	False	N17_B003007_B009008_S329.mm10-plus-7-0	exact_library_id_plus_documented_alignment_suffix	N17_B003007_B009008_S329.mm10-plus-7-0-1	one_assay_suffix	18m	1	nan	DN4 thymocyte	nan	DN4 thymocyte	facs	18_46_F	1089399.0	1846.0	female	Thymus Flowthrough	Thymus	nan	6	5
N17_B003017_B009010_S329			18	N17_B003017_B009010_S329	18_45_M	Thymus	False	1	False	N17_B003017_B009010_S329.mm10-plus-7-0	exact_library_id_plus_documented_alignment_suffix	N17_B003017_B009010_S329.mm10-plus-7-0-1	one_assay_suffix	18m	1	nan	thymocyte	nan	DN to DP transition (most are Cd8+/ Cd4+, some undergoing VDJ recombination)	facs	18_45_M	807584.0	1038.0	male	Thymus Flowthrough	Thymus	nan	21	23
N17_D045405_B009854_S329	59.0	2.0	18	N17_D045405_B009854_S329	18_45_M	Marrow	True	2	True	N17_D045405_B009854_S329.mm10-plus-6-0	exact_library_id_plus_documented_alignment_suffix	N17_D045405_B009854_S329.mm10-plus-6-0-1	one_assay_suffix	18m	1	nan	mature alpha-beta T cell	nan	BM CD8 + CD4 T cell	facs	18_45_M	489072.0	2227.0	male	T cells	Marrow	nan	4	9
N18_B000236_B009007_S330			18	N18_B000236_B009007_S330	18_53_M	Thymus	False	1	False	N18_B000236_B009007_S330.mm10-plus-8-0	exact_library_id_plus_documented_alignment_suffix	N18_B000236_B009007_S330.mm10-plus-8-0-1	one_assay_suffix	18m	1	nan	thymocyte	nan	DN to DP transition (most are Cd8+/ Cd4+, some undergoing VDJ recombination)	facs	18_53_M	492040.0	970.0	male	Thymus Flowthrough	Thymus	nan	21	23
N18_B002828_B007462_S330			18	N18_B002828_B007462_S330	18_47_F	Marrow	False	1	False	N18_B002828_B007462_S330.mm10-plus-6-0	exact_library_id_plus_documented_alignment_suffix	N18_B002828_B007462_S330.mm10-plus-6-0-1	one_assay_suffix	18m	1	nan	CD4-positive, alpha-beta T cell	nan	BM CD4 T cell	facs	18_47_F	1785922.0	4087.0	female	T cells	Marrow	nan	4	21
N18_B002843_B009897_S330	40.0	5.0	18	N18_B002843_B009897_S330	18_47_F	Lung	True	3	True	N18_B002843_B009897_S330.mm10-plus-6-0	exact_library_id_plus_documented_alignment_suffix		unmatched																
N18_B003007_B009008_S330	53.0	3.0	18	N18_B003007_B009008_S330	18_46_F	Thymus	True	3	True	N18_B003007_B009008_S330.mm10-plus-7-0	exact_library_id_plus_documented_alignment_suffix	N18_B003007_B009008_S330.mm10-plus-7-0-1	one_assay_suffix	18m	1	nan	DN4 thymocyte	nan	DN4 thymocyte	facs	18_46_F	1969221.0	3512.0	female	Thymus Flowthrough	Thymus	nan	4	21
N19_B001369_B009009_S331			18	N19_B001369_B009009_S331	18_47_F	Thymus	False	1	False	N19_B001369_B009009_S331.mm10-plus-7-0	exact_library_id_plus_documented_alignment_suffix	N19_B001369_B009009_S331.mm10-plus-7-0-1	one_assay_suffix	18m	1	nan	DN4 thymocyte	nan	DN4 thymocyte	facs	18_47_F	752874.0	1962.0	female	Thymus Flowthrough	Thymus	nan	4	5
N1_B002452_B009020_S313	57.0	4.0	18	N1_B002452_B009020_S313	18_47_F	Spleen	True	2	True	N1_B002452_B009020_S313.mm10-plus-0-0	exact_library_id_plus_documented_alignment_suffix	N1_B002452_B009020_S313.mm10-plus-0-0-1	one_assay_suffix	18m	1	nan	CD8-positive, alpha-beta T cell	nan	nan	facs	18_47_F	980255.0	2693.0	female	nan	Spleen	nan	4	9
N1_B002459_B007461_S313			18	N1_B002459_B007461_S313	18_46_F	Marrow	False	1	False	N1_B002459_B007461_S313.mm10-plus-8-0	exact_library_id_plus_documented_alignment_suffix	N1_B002459_B007461_S313.mm10-plus-8-0-1	one_assay_suffix	18m	1	nan	NK cell	nan	NK cell	facs	18_46_F	1500226.0	2826.0	female	T cells	Marrow	nan	4	9
N1_B002828_B007462_S313			18	N1_B002828_B007462_S313	18_47_F	Marrow	False	1	False	N1_B002828_B007462_S313.mm10-plus-6-0	exact_library_id_plus_documented_alignment_suffix	N1_B002828_B007462_S313.mm10-plus-6-0-1	one_assay_suffix	18m	1	nan	CD4-positive, alpha-beta T cell	nan	BM CD4 T cell	facs	18_47_F	1589888.0	5143.0	female	T cells	Marrow	nan	4	21
N1_B003007_B009008_S313	4.0	4.0	18	N1_B003007_B009008_S313	18_46_F	Thymus	True	2	True	N1_B003007_B009008_S313.mm10-plus-7-0	exact_library_id_plus_documented_alignment_suffix	N1_B003007_B009008_S313.mm10-plus-7-0-1	one_assay_suffix	18m	1	nan	DN4 thymocyte	nan	DN4 thymocyte	facs	18_46_F	492693.0	1581.0	female	Thymus Flowthrough	Thymus	nan	4	9
N20_B000236_B009007_S332			18	N20_B000236_B009007_S332	18_53_M	Thymus	False	1	False	N20_B000236_B009007_S332.mm10-plus-8-0	exact_library_id_plus_documented_alignment_suffix	N20_B000236_B009007_S332.mm10-plus-8-0-1	one_assay_suffix	18m	1	nan	thymocyte	nan	DN to DP transition (most are Cd8+/ Cd4+, some undergoing VDJ recombination)	facs	18_53_M	695599.0	1093.0	male	Thymus Flowthrough	Thymus	nan	21	23
N20_B002459_B007461_S332			18	N20_B002459_B007461_S332	18_46_F	Marrow	False	1	False	N20_B002459_B007461_S332.mm10-plus-8-0	exact_library_id_plus_documented_alignment_suffix	N20_B002459_B007461_S332.mm10-plus-8-0-1	one_assay_suffix	18m	1	nan	CD4-positive, alpha-beta T cell	nan	BM CD4 T cell	facs	18_46_F	1141475.0	3119.0	female	T cells	Marrow	nan	4	21
N20_B002466_B009898_S332			18	N20_B002466_B009898_S332	18_45_M	Lung	False	1	False	N20_B002466_B009898_S332.mm10-plus-4-0	exact_library_id_plus_documented_alignment_suffix	N20_B002466_B009898_S332.mm10-plus-4-0-1	one_assay_suffix	18m	1	nan	CD8-positive, alpha-beta T cell	nan	CD8+ T	facs	18_45_M	2394538.0	1438.0	male	EPCAM	Lung	nan	4	9
N20_D045372_B009292_S140	107.0	4.0	18	N20_D045372_B009292_S140	18_45_M	Brain_Non-Myeloid	True	1	False	N20_D045372_B009292_S140.mm10-plus-1-0	exact_library_id_plus_documented_alignment_suffix	N20_D045372_B009292_S140.mm10-plus-1-0-1	one_assay_suffix	18m	1	nan	CD8-positive, alpha-beta T cell	nan	nan	facs	18_45_M	3246934.0	1690.0	male	Cortex 	Brain_Non-Myeloid	nan	4	9
N21_B000236_B009007_S333			18	N21_B000236_B009007_S333	18_53_M	Thymus	False	1	False	N21_B000236_B009007_S333.mm10-plus-8-0	exact_library_id_plus_documented_alignment_suffix	N21_B000236_B009007_S333.mm10-plus-8-0-1	one_assay_suffix	18m	1	nan	thymocyte	nan	proliferating thymocyte; DN to DP transition, dividing (some are Cd8+/ Cd4+, some undergoing VDJ recombination)	facs	18_53_M	2273550.0	2832.0	male	Thymus Flowthrough	Thymus	nan	21	23
N21_B000248_B009895_S333			18	N21_B000248_B009895_S333	18_53_M	Lung	False	1	False	N21_B000248_B009895_S333.mm10-plus-4-0	exact_library_id_plus_documented_alignment_suffix		unmatched																
N21_B001369_B009009_S333			18	N21_B001369_B009009_S333	18_47_F	Thymus	False	1	False	N21_B001369_B009009_S333.mm10-plus-7-0	exact_library_id_plus_documented_alignment_suffix	N21_B001369_B009009_S333.mm10-plus-7-0-1	one_assay_suffix	18m	1	nan	DN4 thymocyte	nan	DN4 thymocyte	facs	18_47_F	2211477.0	2372.0	female	Thymus Flowthrough	Thymus	nan	6	5
N21_B002459_B007461_S333			18	N21_B002459_B007461_S333	18_46_F	Marrow	False	1	False	N21_B002459_B007461_S333.mm10-plus-8-0	exact_library_id_plus_documented_alignment_suffix	N21_B002459_B007461_S333.mm10-plus-8-0-1	one_assay_suffix	18m	1	nan	mature alpha-beta T cell	nan	BM CD8 + CD4 T cell	facs	18_46_F	1113608.0	1998.0	female	T cells	Marrow	nan	4	9
N21_B003007_B009008_S333			18	N21_B003007_B009008_S333	18_46_F	Thymus	False	1	False	N21_B003007_B009008_S333.mm10-plus-7-0	exact_library_id_plus_documented_alignment_suffix	N21_B003007_B009008_S333.mm10-plus-7-0-1	one_assay_suffix	18m	1	nan	thymocyte	nan	DN to DP transition (most are Cd8+/ Cd4+, some undergoing VDJ recombination)	facs	18_46_F	1115784.0	2314.0	female	Thymus Flowthrough	Thymus	nan	21	23
N21_B003017_B009010_S333			18	N21_B003017_B009010_S333	18_45_M	Thymus	False	1	False	N21_B003017_B009010_S333.mm10-plus-7-0	exact_library_id_plus_documented_alignment_suffix	N21_B003017_B009010_S333.mm10-plus-7-0-1	one_assay_suffix	18m	1	nan	thymocyte	nan	DN to DP transition (most are Cd8+/ Cd4+, some undergoing VDJ recombination)	facs	18_45_M	1215279.0	1062.0	male	Thymus Flowthrough	Thymus	nan	21	23
N22_B000236_B009007_S334			18	N22_B000236_B009007_S334	18_53_M	Thymus	False	1	False	N22_B000236_B009007_S334.mm10-plus-8-0	exact_library_id_plus_documented_alignment_suffix	N22_B000236_B009007_S334.mm10-plus-8-0-1	one_assay_suffix	18m	1	nan	thymocyte	nan	DN to DP transition (most are Cd8+/ Cd4+, some undergoing VDJ recombination)	facs	18_53_M	823716.0	1162.0	male	Thymus Flowthrough	Thymus	nan	21	23
N22_B003007_B009008_S334			18	N22_B003007_B009008_S334	18_46_F	Thymus	False	1	False	N22_B003007_B009008_S334.mm10-plus-7-0	exact_library_id_plus_documented_alignment_suffix	N22_B003007_B009008_S334.mm10-plus-7-0-1	one_assay_suffix	18m	1	nan	DN4 thymocyte	nan	DN4 thymocyte	facs	18_46_F	1624870.0	2306.0	female	Thymus Flowthrough	Thymus	nan	4	21
N22_B003017_B009010_S334			18	N22_B003017_B009010_S334	18_45_M	Thymus	False	1	False	N22_B003017_B009010_S334.mm10-plus-7-0	exact_library_id_plus_documented_alignment_suffix	N22_B003017_B009010_S334.mm10-plus-7-0-1	one_assay_suffix	18m	1	nan	thymocyte	nan	DN to DP transition (most are Cd8+/ Cd4+, some undergoing VDJ recombination)	facs	18_45_M	489520.0	917.0	male	Thymus Flowthrough	Thymus	nan	21	23
N2_B001369_B009009_S314			18	N2_B001369_B009009_S314	18_47_F	Thymus	False	1	False	N2_B001369_B009009_S314.mm10-plus-7-0	exact_library_id_plus_documented_alignment_suffix	N2_B001369_B009009_S314.mm10-plus-7-0-1	one_assay_suffix	18m	1	nan	DN4 thymocyte	nan	DN4 thymocyte	facs	18_47_F	1217200.0	2208.0	female	Thymus Flowthrough	Thymus	nan	6	5
N2_B002459_B007461_S314			18	N2_B002459_B007461_S314	18_46_F	Marrow	False	1	False	N2_B002459_B007461_S314.mm10-plus-8-0	exact_library_id_plus_documented_alignment_suffix	N2_B002459_B007461_S314.mm10-plus-8-0-1	one_assay_suffix	18m	1	nan	NK cell	nan	NK cell	facs	18_46_F	1027070.0	2992.0	female	T cells	Marrow	nan	4	9
N2_B002673_B007460_S314			18	N2_B002673_B007460_S314	18_53_M	Marrow	False	1	False	N2_B002673_B007460_S314.mm10-plus-7-0	exact_library_id_plus_documented_alignment_suffix	N2_B002673_B007460_S314.mm10-plus-7-0-1	one_assay_suffix	18m	1	nan	CD4-positive, alpha-beta T cell	nan	BM CD4 T cell	facs	18_53_M	983742.0	3389.0	male	T cells	Marrow	nan	4	21
N2_B002709_B009018_S314			18	N2_B002709_B009018_S314	18_53_M	Spleen	False	1	False	N2_B002709_B009018_S314.mm10-plus-7-0	exact_library_id_plus_documented_alignment_suffix	N2_B002709_B009018_S314.mm10-plus-7-0-1	one_assay_suffix	18m	1	nan	CD4-positive, alpha-beta T cell	nan	Cd3e T cell	facs	18_53_M	728996.0	1771.0	male	nan	Spleen	nan	4	21
N2_B003007_B009008_S314			18	N2_B003007_B009008_S314	18_46_F	Thymus	False	1	False	N2_B003007_B009008_S314.mm10-plus-7-0	exact_library_id_plus_documented_alignment_suffix	N2_B003007_B009008_S314.mm10-plus-7-0-1	one_assay_suffix	18m	1	nan	DN4 thymocyte	nan	DN4 thymocyte	facs	18_46_F	1195431.0	1776.0	female	Thymus Flowthrough	Thymus	nan	6	5
N2_B003017_B009010_S314			18	N2_B003017_B009010_S314	18_45_M	Thymus	False	1	False	N2_B003017_B009010_S314.mm10-plus-7-0	exact_library_id_plus_documented_alignment_suffix	N2_B003017_B009010_S314.mm10-plus-7-0-1	one_assay_suffix	18m	1	nan	DN4 thymocyte	nan	DN4 thymocyte	facs	18_45_M	1681346.0	1040.0	male	Thymus Flowthrough	Thymus	nan	6	5
N3_B001369_B009009_S315			18	N3_B001369_B009009_S315	18_47_F	Thymus	False	1	False	N3_B001369_B009009_S315.mm10-plus-7-0	exact_library_id_plus_documented_alignment_suffix	N3_B001369_B009009_S315.mm10-plus-7-0-1	one_assay_suffix	18m	1	nan	DN4 thymocyte	nan	DN4 thymocyte	facs	18_47_F	276827.0	2053.0	female	Thymus Flowthrough	Thymus	nan	6	5
N3_B002341_B009297_S243			18	N3_B002341_B009297_S243	18_46_F	Brain_Non-Myeloid	False	1	False	N3_B002341_B009297_S243.mm10-plus-1-0	exact_library_id_plus_documented_alignment_suffix	N3_B002341_B009297_S243.mm10-plus-1-0-1	one_assay_suffix	18m	1	nan	CD8-positive, alpha-beta T cell	nan	nan	facs	18_46_F	4095534.0	1748.0	female	Cortex 	Brain_Non-Myeloid	nan	4	9
N3_B002459_B007461_S315			18	N3_B002459_B007461_S315	18_46_F	Marrow	False	1	False	N3_B002459_B007461_S315.mm10-plus-8-0	exact_library_id_plus_documented_alignment_suffix	N3_B002459_B007461_S315.mm10-plus-8-0-1	one_assay_suffix	18m	1	nan	CD4-positive, alpha-beta T cell	nan	BM CD4 T cell	facs	18_46_F	1490448.0	3357.0	female	T cells	Marrow	nan	4	48
N3_B003007_B009008_S315	93.0	7.0	18	N3_B003007_B009008_S315	18_46_F	Thymus	True	5	True	N3_B003007_B009008_S315.mm10-plus-7-0	exact_library_id_plus_documented_alignment_suffix	N3_B003007_B009008_S315.mm10-plus-7-0-1	one_assay_suffix	18m	1	nan	DN4 thymocyte	nan	DN4 thymocyte	facs	18_46_F	1590233.0	2000.0	female	Thymus Flowthrough	Thymus	nan	4	9
N3_D045342_B009019_S315			18	N3_D045342_B009019_S315	18_45_M	Spleen	False	1	False	N3_D045342_B009019_S315.mm10-plus-0-0	exact_library_id_plus_documented_alignment_suffix	N3_D045342_B009019_S315.mm10-plus-0-0-1	one_assay_suffix	18m	1	nan	CD4-positive, alpha-beta T cell	nan	Cd3e T cell	facs	18_45_M	2572662.0	2284.0	male	nan	Spleen	nan	4	21
N4_B000236_B009007_S316			18	N4_B000236_B009007_S316	18_53_M	Thymus	False	1	False	N4_B000236_B009007_S316.mm10-plus-8-0	exact_library_id_plus_documented_alignment_suffix	N4_B000236_B009007_S316.mm10-plus-8-0-1	one_assay_suffix	18m	1	nan	DN4 thymocyte	nan	DN4 thymocyte	facs	18_53_M	758492.0	1620.0	male	Thymus Flowthrough	Thymus	nan	4	9
N4_B001369_B009009_S316			18	N4_B001369_B009009_S316	18_47_F	Thymus	False	1	False	N4_B001369_B009009_S316.mm10-plus-7-0	exact_library_id_plus_documented_alignment_suffix	N4_B001369_B009009_S316.mm10-plus-7-0-1	one_assay_suffix	18m	1	nan	DN4 thymocyte	nan	DN4 thymocyte	facs	18_47_F	731181.0	2579.0	female	Thymus Flowthrough	Thymus	nan	6	5
N4_B003017_B009010_S316			18	N4_B003017_B009010_S316	18_45_M	Thymus	False	1	False	N4_B003017_B009010_S316.mm10-plus-7-0	exact_library_id_plus_documented_alignment_suffix	N4_B003017_B009010_S316.mm10-plus-7-0-1	one_assay_suffix	18m	1	nan	thymocyte	nan	DN to DP transition (most are Cd8+/ Cd4+, some undergoing VDJ recombination)	facs	18_45_M	1049987.0	943.0	male	Thymus Flowthrough	Thymus	nan	21	23
N5_B000236_B009007_S317	114.0	3.0	18	N5_B000236_B009007_S317	18_53_M	Thymus	True	1	False	N5_B000236_B009007_S317.mm10-plus-8-0	exact_library_id_plus_documented_alignment_suffix	N5_B000236_B009007_S317.mm10-plus-8-0-1	one_assay_suffix	18m	1	nan	DN4 thymocyte	nan	DN4 thymocyte	facs	18_53_M	469258.0	1968.0	male	Thymus Flowthrough	Thymus	nan	6	5
N5_B000263_B007344_S317	10.0	18.0	18	N5_B000263_B007344_S317	18_46_F	Trachea	True	18	True	N5_B000263_B007344_S317.mm10-plus-7-0	exact_library_id_plus_documented_alignment_suffix	N5_B000263_B007344_S317.mm10-plus-7-0-1	one_assay_suffix	18m	1	nan	T cell	nan	nan	facs	18_46_F	3052471.0	2054.0	female	nan	Trachea	nan	4	9
N5_B000814_B008548_S317			18	N5_B000814_B008548_S317	18_46_F	GAT	False	1	False	N5_B000814_B008548_S317.mm10-plus-6-0	exact_library_id_plus_documented_alignment_suffix	N5_B000814_B008548_S317.mm10-plus-6-0-1	one_assay_suffix	18m	1	nan	CD4-positive, alpha-beta T cell	nan	nan	facs	18_46_F	342495.0	2326.0	female	Fat	GAT	nan	4	21
N5_B001369_B009009_S317			18	N5_B001369_B009009_S317	18_47_F	Thymus	False	1	False	N5_B001369_B009009_S317.mm10-plus-7-0	exact_library_id_plus_documented_alignment_suffix	N5_B001369_B009009_S317.mm10-plus-7-0-1	one_assay_suffix	18m	1	nan	thymocyte	nan	DN to DP transition (most are Cd8+/ Cd4+, some undergoing VDJ recombination)	facs	18_47_F	1042713.0	1700.0	female	Thymus Flowthrough	Thymus	nan	21	23
N5_B002452_B009020_S317	128.0	2.0	18	N5_B002452_B009020_S317	18_47_F	Spleen	True	2	True	N5_B002452_B009020_S317.mm10-plus-0-0	exact_library_id_plus_documented_alignment_suffix	N5_B002452_B009020_S317.mm10-plus-0-0-1	one_assay_suffix	18m	1	nan	B cell	nan	CD79a B cell	facs	18_47_F	530152.0	3888.0	female	nan	Spleen	nan	0	0
N5_B002550_S317			18	N5_B002550_S317			False	1	False	__unmatched__N5_B002550_S317	unmatched_library		unmatched																
N5_B002828_B007462_S317			18	N5_B002828_B007462_S317	18_47_F	Marrow	False	1	False	N5_B002828_B007462_S317.mm10-plus-6-0	exact_library_id_plus_documented_alignment_suffix	N5_B002828_B007462_S317.mm10-plus-6-0-1	one_assay_suffix	18m	1	nan	CD4-positive, alpha-beta T cell	nan	BM CD4 T cell	facs	18_47_F	713030.0	3337.0	female	T cells	Marrow	nan	4	9
N5_B003017_B009010_S317			18	N5_B003017_B009010_S317	18_45_M	Thymus	False	1	False	N5_B003017_B009010_S317.mm10-plus-7-0	exact_library_id_plus_documented_alignment_suffix	N5_B003017_B009010_S317.mm10-plus-7-0-1	one_assay_suffix	18m	1	nan	thymocyte	nan	DN to DP transition (most are Cd8+/ Cd4+, some undergoing VDJ recombination)	facs	18_45_M	863099.0	942.0	male	Thymus Flowthrough	Thymus	nan	21	23
N5_D045405_B009854_S317			18	N5_D045405_B009854_S317	18_45_M	Marrow	False	1	False	N5_D045405_B009854_S317.mm10-plus-6-0	exact_library_id_plus_documented_alignment_suffix	N5_D045405_B009854_S317.mm10-plus-6-0-1	one_assay_suffix	18m	1	nan	mature alpha-beta T cell	nan	BM CD8 + CD4 T cell	facs	18_45_M	664655.0	1910.0	male	T cells	Marrow	nan	4	9
N6_B000236_B009007_S318			18	N6_B000236_B009007_S318	18_53_M	Thymus	False	1	False	N6_B000236_B009007_S318.mm10-plus-8-0	exact_library_id_plus_documented_alignment_suffix	N6_B000236_B009007_S318.mm10-plus-8-0-1	one_assay_suffix	18m	1	nan	DN4 thymocyte	nan	DN4 thymocyte	facs	18_53_M	919108.0	1690.0	male	Thymus Flowthrough	Thymus	nan	6	5
N6_B001369_B009009_S318			18	N6_B001369_B009009_S318	18_47_F	Thymus	False	1	False	N6_B001369_B009009_S318.mm10-plus-7-0	exact_library_id_plus_documented_alignment_suffix	N6_B001369_B009009_S318.mm10-plus-7-0-1	one_assay_suffix	18m	1	nan	DN4 thymocyte	nan	DN4 thymocyte	facs	18_47_F	1158633.0	2090.0	female	Thymus Flowthrough	Thymus	nan	6	5
N6_B002459_B007461_S318			18	N6_B002459_B007461_S318	18_46_F	Marrow	False	1	False	N6_B002459_B007461_S318.mm10-plus-8-0	exact_library_id_plus_documented_alignment_suffix	N6_B002459_B007461_S318.mm10-plus-8-0-1	one_assay_suffix	18m	1	nan	mature alpha-beta T cell	nan	BM CD8 + CD4 T cell	facs	18_46_F	1585489.0	2495.0	female	T cells	Marrow	nan	4	9
N6_B003017_B009010_S318			18	N6_B003017_B009010_S318	18_45_M	Thymus	False	1	False	N6_B003017_B009010_S318.mm10-plus-7-0	exact_library_id_plus_documented_alignment_suffix	N6_B003017_B009010_S318.mm10-plus-7-0-1	one_assay_suffix	18m	1	nan	thymocyte	nan	DN to DP transition (most are Cd8+/ Cd4+, some undergoing VDJ recombination)	facs	18_45_M	1592520.0	1185.0	male	Thymus Flowthrough	Thymus	nan	21	23
N7_B001369_B009009_S319			18	N7_B001369_B009009_S319	18_47_F	Thymus	False	1	False	N7_B001369_B009009_S319.mm10-plus-7-0	exact_library_id_plus_documented_alignment_suffix	N7_B001369_B009009_S319.mm10-plus-7-0-1	one_assay_suffix	18m	1	nan	epithelial cell of thymus	nan	TECs	facs	18_47_F	203916.0	651.0	female	Thymus Flowthrough	Thymus	nan	6	5
N7_B002828_B007462_S319			18	N7_B002828_B007462_S319	18_47_F	Marrow	False	1	False	N7_B002828_B007462_S319.mm10-plus-6-0	exact_library_id_plus_documented_alignment_suffix	N7_B002828_B007462_S319.mm10-plus-6-0-1	one_assay_suffix	18m	1	nan	NK cell	nan	Klrb1a/b/c(-) NK cell	facs	18_47_F	397862.0	3652.0	female	T cells	Marrow	nan	4	9
N7_B003007_B009008_S319			18	N7_B003007_B009008_S319	18_46_F	Thymus	False	1	False	N7_B003007_B009008_S319.mm10-plus-7-0	exact_library_id_plus_documented_alignment_suffix	N7_B003007_B009008_S319.mm10-plus-7-0-1	one_assay_suffix	18m	1	nan	DN4 thymocyte	nan	DN4 thymocyte	facs	18_46_F	990656.0	1932.0	female	Thymus Flowthrough	Thymus	nan	6	5
N7_B003017_B009010_S319			18	N7_B003017_B009010_S319	18_45_M	Thymus	False	1	False	N7_B003017_B009010_S319.mm10-plus-7-0	exact_library_id_plus_documented_alignment_suffix	N7_B003017_B009010_S319.mm10-plus-7-0-1	one_assay_suffix	18m	1	nan	thymocyte	nan	DN to DP transition (most are Cd8+/ Cd4+, some undergoing VDJ recombination)	facs	18_45_M	1201011.0	921.0	male	Thymus Flowthrough	Thymus	nan	21	23
N8_B000236_B009007_S320			18	N8_B000236_B009007_S320	18_53_M	Thymus	False	1	False	N8_B000236_B009007_S320.mm10-plus-8-0	exact_library_id_plus_documented_alignment_suffix	N8_B000236_B009007_S320.mm10-plus-8-0-1	one_assay_suffix	18m	1	nan	DN4 thymocyte	nan	DN4 thymocyte	facs	18_53_M	72586.0	1385.0	male	Thymus Flowthrough	Thymus	nan	4	21
N8_B000795_B008545_S320	70.0	2.0	18	N8_B000795_B008545_S320	18_47_F	MAT	True	2	True	N8_B000795_B008545_S320.mm10-plus-3-0	exact_library_id_plus_documented_alignment_suffix	N8_B000795_B008545_S320.mm10-plus-3-0-1	one_assay_suffix	18m	1	nan	CD4-positive, alpha-beta T cell	nan	nan	facs	18_47_F	1731648.0	2175.0	female	Fat	MAT	nan	4	21
N8_B000814_B008548_S320			18	N8_B000814_B008548_S320	18_46_F	GAT	False	1	False	N8_B000814_B008548_S320.mm10-plus-6-0	exact_library_id_plus_documented_alignment_suffix	N8_B000814_B008548_S320.mm10-plus-6-0-1	one_assay_suffix	18m	1	nan	CD4-positive, alpha-beta T cell	nan	nan	facs	18_46_F	303975.0	1921.0	female	Fat	GAT	nan	4	21
N8_B002828_B007462_S320			18	N8_B002828_B007462_S320	18_47_F	Marrow	False	1	False	N8_B002828_B007462_S320.mm10-plus-6-0	exact_library_id_plus_documented_alignment_suffix	N8_B002828_B007462_S320.mm10-plus-6-0-1	one_assay_suffix	18m	1	nan	mature alpha-beta T cell	nan	BM CD8 + CD4 T cell	facs	18_47_F	584297.0	3649.0	female	T cells	Marrow	nan	4	9
N8_B003017_B009010_S320			18	N8_B003017_B009010_S320	18_45_M	Thymus	False	1	False	N8_B003017_B009010_S320.mm10-plus-7-0	exact_library_id_plus_documented_alignment_suffix	N8_B003017_B009010_S320.mm10-plus-7-0-1	one_assay_suffix	18m	1	nan	thymocyte	nan	DN to DP transition (most are Cd8+/ Cd4+, some undergoing VDJ recombination)	facs	18_45_M	1847203.0	1195.0	male	Thymus Flowthrough	Thymus	nan	21	23
N8_D045342_B009019_S320			18	N8_D045342_B009019_S320	18_45_M	Spleen	False	1	False	N8_D045342_B009019_S320.mm10-plus-0-0	exact_library_id_plus_documented_alignment_suffix	N8_D045342_B009019_S320.mm10-plus-0-0-1	one_assay_suffix	18m	1	nan	CD4-positive, alpha-beta T cell	nan	Cd3e T cell	facs	18_45_M	1142375.0	1882.0	male	nan	Spleen	nan	4	21
N9_B000814_B008548_S321	123.0	4.0	18	N9_B000814_B008548_S321	18_46_F	GAT	True	3	True	N9_B000814_B008548_S321.mm10-plus-6-0	exact_library_id_plus_documented_alignment_suffix	N9_B000814_B008548_S321.mm10-plus-6-0-1	one_assay_suffix	18m	1	nan	CD8-positive, alpha-beta T cell	nan	nan	facs	18_46_F	336728.0	1697.0	female	Fat	GAT	nan	4	9
N9_B001369_B009009_S321			18	N9_B001369_B009009_S321	18_47_F	Thymus	False	1	False	N9_B001369_B009009_S321.mm10-plus-7-0	exact_library_id_plus_documented_alignment_suffix	N9_B001369_B009009_S321.mm10-plus-7-0-1	one_assay_suffix	18m	1	nan	DN4 thymocyte	nan	DN4 thymocyte	facs	18_47_F	1638999.0	2037.0	female	Thymus Flowthrough	Thymus	nan	6	5
N9_B002459_B007461_S321	6.0	2.0	18	N9_B002459_B007461_S321	18_46_F	Marrow	True	1	False	N9_B002459_B007461_S321.mm10-plus-8-0	exact_library_id_plus_documented_alignment_suffix	N9_B002459_B007461_S321.mm10-plus-8-0-1	one_assay_suffix	18m	1	nan	mature alpha-beta T cell	nan	BM CD8 + CD4 T cell	facs	18_46_F	182493.0	3058.0	female	T cells	Marrow	nan	4	48
N9_B003017_B009010_S321			18	N9_B003017_B009010_S321	18_45_M	Thymus	False	1	False	N9_B003017_B009010_S321.mm10-plus-7-0	exact_library_id_plus_documented_alignment_suffix	N9_B003017_B009010_S321.mm10-plus-7-0-1	one_assay_suffix	18m	1	nan	thymocyte	nan	DN to DP transition (most are Cd8+/ Cd4+, some undergoing VDJ recombination)	facs	18_45_M	1423927.0	1010.0	male	Thymus Flowthrough	Thymus	nan	21	23
O10_B000236_B009007_S346			18	O10_B000236_B009007_S346	18_53_M	Thymus	False	1	False	O10_B000236_B009007_S346.mm10-plus-8-0	exact_library_id_plus_documented_alignment_suffix	O10_B000236_B009007_S346.mm10-plus-8-0-1	one_assay_suffix	18m	1	nan	DN4 thymocyte	nan	DN4 thymocyte	facs	18_53_M	1181590.0	1391.0	male	Thymus Flowthrough	Thymus	nan	6	5
O10_B000808_B008541_S346			18	O10_B000808_B008541_S346	18_47_F	SCAT	False	1	False	O10_B000808_B008541_S346.mm10-plus-6-0	exact_library_id_plus_documented_alignment_suffix	O10_B000808_B008541_S346.mm10-plus-6-0-1	one_assay_suffix	18m	1	nan	T cell	nan	nan	facs	18_47_F	463423.0	1468.0	female	Fat	SCAT	nan	4	9
O10_B002459_B007461_S346			18	O10_B002459_B007461_S346	18_46_F	Marrow	False	1	False	O10_B002459_B007461_S346.mm10-plus-8-0	exact_library_id_plus_documented_alignment_suffix	O10_B002459_B007461_S346.mm10-plus-8-0-1	one_assay_suffix	18m	1	nan	CD4-positive, alpha-beta T cell	nan	BM CD4 T cell	facs	18_46_F	1286563.0	3170.0	female	T cells	Marrow	nan	4	48
O10_B003007_B009008_S346			18	O10_B003007_B009008_S346	18_46_F	Thymus	False	1	False	O10_B003007_B009008_S346.mm10-plus-7-0	exact_library_id_plus_documented_alignment_suffix	O10_B003007_B009008_S346.mm10-plus-7-0-1	one_assay_suffix	18m	1	nan	DN4 thymocyte	nan	DN4 thymocyte	facs	18_46_F	1559218.0	1952.0	female	Thymus Flowthrough	Thymus	nan	4	9
O10_B003017_B009010_S346			18	O10_B003017_B009010_S346	18_45_M	Thymus	False	1	False	O10_B003017_B009010_S346.mm10-plus-7-0	exact_library_id_plus_documented_alignment_suffix	O10_B003017_B009010_S346.mm10-plus-7-0-1	one_assay_suffix	18m	1	nan	thymocyte	nan	DN to DP transition (most are Cd8+/ Cd4+, some undergoing VDJ recombination)	facs	18_45_M	1399603.0	1250.0	male	Thymus Flowthrough	Thymus	nan	21	23
O10_B003263_B007458_S346			18	O10_B003263_B007458_S346	18_45_M	Limb_Muscle	False	1	False	O10_B003263_B007458_S346.mm10-plus-0-0	exact_library_id_plus_documented_alignment_suffix	O10_B003263_B007458_S346.mm10-plus-0-0-1	one_assay_suffix	18m	1	nan	T cell	nan	nan	facs	18_45_M	1413950.0	1306.0	male	forelimb and hindlimb	Limb_Muscle	nan	6	5
O11_B000236_B009007_S347			18	O11_B000236_B009007_S347	18_53_M	Thymus	False	1	False	O11_B000236_B009007_S347.mm10-plus-8-0	exact_library_id_plus_documented_alignment_suffix	O11_B000236_B009007_S347.mm10-plus-8-0-1	one_assay_suffix	18m	1	nan	DN4 thymocyte	nan	DN4 thymocyte	facs	18_53_M	888194.0	1660.0	male	Thymus Flowthrough	Thymus	nan	6	5
O11_B000800_B008432_S347	138.0	2.0	18	O11_B000800_B008432_S347	18_47_F	BAT	True	1	False	O11_B000800_B008432_S347.mm10-plus-3-0	exact_library_id_plus_documented_alignment_suffix	O11_B000800_B008432_S347.mm10-plus-3-0-1	one_assay_suffix	18m	1	nan	T cell	nan	nan	facs	18_47_F	1690782.0	2579.0	female	Fat	BAT	nan	4	9
O11_B000805_B008544_S347	82.0	2.0	18	O11_B000805_B008544_S347	18_46_F	SCAT	True	2	True	O11_B000805_B008544_S347.mm10-plus-3-0	exact_library_id_plus_documented_alignment_suffix	O11_B000805_B008544_S347.mm10-plus-3-0-1	one_assay_suffix	18m	1	nan	CD8-positive, alpha-beta T cell	nan	nan	facs	18_46_F	828797.0	2815.0	female	Fat	SCAT	nan	4	9
O11_B000806_B008540_S347			18	O11_B000806_B008540_S347	18_46_F	MAT	False	1	False	O11_B000806_B008540_S347.mm10-plus-6-0	exact_library_id_plus_documented_alignment_suffix	O11_B000806_B008540_S347.mm10-plus-6-0-1	one_assay_suffix	18m	1	nan	CD8-positive, alpha-beta T cell	nan	nan	facs	18_46_F	1013134.0	2169.0	female	Fat	MAT	nan	4	9
O11_B000814_B008548_S347	21.0	10.0	18	O11_B000814_B008548_S347	18_46_F	GAT	True	7	True	O11_B000814_B008548_S347.mm10-plus-6-0	exact_library_id_plus_documented_alignment_suffix	O11_B000814_B008548_S347.mm10-plus-6-0-1	one_assay_suffix	18m	1	nan	CD8-positive, alpha-beta T cell	nan	nan	facs	18_46_F	350868.0	1679.0	female	Fat	GAT	nan	4	9
O11_B001369_B009009_S347			18	O11_B001369_B009009_S347	18_47_F	Thymus	False	1	False	O11_B001369_B009009_S347.mm10-plus-7-0	exact_library_id_plus_documented_alignment_suffix		unmatched																
O11_B002459_B007461_S347			18	O11_B002459_B007461_S347	18_46_F	Marrow	False	1	False	O11_B002459_B007461_S347.mm10-plus-8-0	exact_library_id_plus_documented_alignment_suffix	O11_B002459_B007461_S347.mm10-plus-8-0-1	one_assay_suffix	18m	1	nan	NK cell	nan	Klrb1a/b/c(-) NK cell	facs	18_46_F	837148.0	3193.0	female	T cells	Marrow	nan	4	9
O11_B002673_B007460_S347			18	O11_B002673_B007460_S347	18_53_M	Marrow	False	1	False	O11_B002673_B007460_S347.mm10-plus-7-0	exact_library_id_plus_documented_alignment_suffix	O11_B002673_B007460_S347.mm10-plus-7-0-1	one_assay_suffix	18m	1	nan	CD4-positive, alpha-beta T cell	nan	BM CD4 T cell	facs	18_53_M	427521.0	1536.0	male	T cells	Marrow	nan	4	21
O11_B002709_B009018_S347			18	O11_B002709_B009018_S347	18_53_M	Spleen	False	1	False	O11_B002709_B009018_S347.mm10-plus-7-0	exact_library_id_plus_documented_alignment_suffix	O11_B002709_B009018_S347.mm10-plus-7-0-1	one_assay_suffix	18m	1	nan	CD8-positive, alpha-beta T cell	nan	nan	facs	18_53_M	1634154.0	2222.0	male	nan	Spleen	nan	4	9
O12_B002459_B007461_S348	21.0	10.0	18	O12_B002459_B007461_S348	18_46_F	Marrow	True	7	True	O12_B002459_B007461_S348.mm10-plus-8-0	exact_library_id_plus_documented_alignment_suffix	O12_B002459_B007461_S348.mm10-plus-8-0-1	one_assay_suffix	18m	1	nan	NK cell	nan	Klrb1a/b/c(-) NK cell	facs	18_46_F	1055582.0	3033.0	female	T cells	Marrow	nan	43	8
O12_B003262_B007459_S348			18	O12_B003262_B007459_S348	18_45_M	Diaphragm	False	1	False	O12_B003262_B007459_S348.mm10-plus-0-0	exact_library_id_plus_documented_alignment_suffix	O12_B003262_B007459_S348.mm10-plus-0-0-1	one_assay_suffix	18m	1	nan	T cell	nan	nan	facs	18_45_M	2474591.0	2380.0	male	Limb_Muscle	Diaphragm	nan	4	9
O12_B003263_B007458_S348			18	O12_B003263_B007458_S348	18_45_M	Limb_Muscle	False	1	False	O12_B003263_B007458_S348.mm10-plus-0-0	exact_library_id_plus_documented_alignment_suffix	O12_B003263_B007458_S348.mm10-plus-0-0-1	one_assay_suffix	18m	1	nan	T cell	nan	nan	facs	18_45_M	426859.0	906.0	male	forelimb and hindlimb	Limb_Muscle	nan	6	5
O13_B000236_B009007_S349			18	O13_B000236_B009007_S349	18_53_M	Thymus	False	1	False	O13_B000236_B009007_S349.mm10-plus-8-0	exact_library_id_plus_documented_alignment_suffix	O13_B000236_B009007_S349.mm10-plus-8-0-1	one_assay_suffix	18m	1	nan	thymocyte	nan	DN to DP transition (most are Cd8+/ Cd4+, some undergoing VDJ recombination)	facs	18_53_M	1246958.0	1205.0	male	Thymus Flowthrough	Thymus	nan	21	23
O13_B000805_B008544_S349			18	O13_B000805_B008544_S349	18_46_F	SCAT	False	1	False	O13_B000805_B008544_S349.mm10-plus-3-0	exact_library_id_plus_documented_alignment_suffix	O13_B000805_B008544_S349.mm10-plus-3-0-1	one_assay_suffix	18m	1	nan	CD8-positive, alpha-beta T cell	nan	nan	facs	18_46_F	2581446.0	3592.0	female	Fat	SCAT	nan	4	9
O13_B000814_B008548_S349			18	O13_B000814_B008548_S349	18_46_F	GAT	False	1	False	O13_B000814_B008548_S349.mm10-plus-6-0	exact_library_id_plus_documented_alignment_suffix	O13_B000814_B008548_S349.mm10-plus-6-0-1	one_assay_suffix	18m	1	nan	CD8-positive, alpha-beta T cell	nan	nan	facs	18_46_F	834594.0	1855.0	female	Fat	GAT	nan	4	21
O13_B001369_B009009_S349			18	O13_B001369_B009009_S349	18_47_F	Thymus	False	1	False	O13_B001369_B009009_S349.mm10-plus-7-0	exact_library_id_plus_documented_alignment_suffix	O13_B001369_B009009_S349.mm10-plus-7-0-1	one_assay_suffix	18m	1	nan	DN4 thymocyte	nan	DN4 thymocyte	facs	18_47_F	1839196.0	1990.0	female	Thymus Flowthrough	Thymus	nan	6	5
O13_B002828_B007462_S349	101.0	6.0	18	O13_B002828_B007462_S349	18_47_F	Marrow	True	6	True	O13_B002828_B007462_S349.mm10-plus-6-0	exact_library_id_plus_documented_alignment_suffix	O13_B002828_B007462_S349.mm10-plus-6-0-1	one_assay_suffix	18m	1	nan	mature alpha-beta T cell	nan	BM CD8 + CD4 T cell	facs	18_47_F	1488743.0	2366.0	female	T cells	Marrow	nan	4	9
O13_B003017_B009010_S349			18	O13_B003017_B009010_S349	18_45_M	Thymus	False	1	False	O13_B003017_B009010_S349.mm10-plus-7-0	exact_library_id_plus_documented_alignment_suffix	O13_B003017_B009010_S349.mm10-plus-7-0-1	one_assay_suffix	18m	1	nan	thymocyte	nan	DN to DP transition (most are Cd8+/ Cd4+, some undergoing VDJ recombination)	facs	18_45_M	1430720.0	939.0	male	Thymus Flowthrough	Thymus	nan	21	23
O13_B003262_B007459_S349			18	O13_B003262_B007459_S349	18_45_M	Diaphragm	False	1	False	O13_B003262_B007459_S349.mm10-plus-0-0	exact_library_id_plus_documented_alignment_suffix	O13_B003262_B007459_S349.mm10-plus-0-0-1	one_assay_suffix	18m	1	nan	T cell	nan	nan	facs	18_45_M	2376154.0	2187.0	male	Limb_Muscle	Diaphragm	nan	4	21
O13_B003294_B007450_S349			18	O13_B003294_B007450_S349	18_47_F	Limb_Muscle	False	1	False	O13_B003294_B007450_S349.mm10-plus-0-0	exact_library_id_plus_documented_alignment_suffix	O13_B003294_B007450_S349.mm10-plus-0-0-1	one_assay_suffix	18m	1	nan	T cell	nan	nan	facs	18_47_F	1342029.0	1996.0	female	Muscle forelimb and hindlimb	Limb_Muscle	nan	4	21
O13_D045405_B009854_S349			18	O13_D045405_B009854_S349	18_45_M	Marrow	False	1	False	O13_D045405_B009854_S349.mm10-plus-6-0	exact_library_id_plus_documented_alignment_suffix	O13_D045405_B009854_S349.mm10-plus-6-0-1	one_assay_suffix	18m	1	nan	NK cell	nan	NK cell	facs	18_45_M	186373.0	1633.0	male	T cells	Marrow	nan	4	9
O14_B000236_B009007_S350			18	O14_B000236_B009007_S350	18_53_M	Thymus	False	1	False	O14_B000236_B009007_S350.mm10-plus-8-0	exact_library_id_plus_documented_alignment_suffix	O14_B000236_B009007_S350.mm10-plus-8-0-1	one_assay_suffix	18m	1	nan	thymocyte	nan	DN to DP transition (most are Cd8+/ Cd4+, some undergoing VDJ recombination)	facs	18_53_M	889139.0	1125.0	male	Thymus Flowthrough	Thymus	nan	21	23
O14_B000477_B008543_S350			18	O14_B000477_B008543_S350	18_53_M	MAT	False	1	False	O14_B000477_B008543_S350.mm10-plus-6-0	exact_library_id_plus_documented_alignment_suffix	O14_B000477_B008543_S350.mm10-plus-6-0-1	one_assay_suffix	18m	1	nan	myeloid cell	nan	nan	facs	18_53_M	3346657.0	2625.0	male	Fat	MAT	nan	43	8
O14_B001369_B009009_S350			18	O14_B001369_B009009_S350	18_47_F	Thymus	False	1	False	O14_B001369_B009009_S350.mm10-plus-7-0	exact_library_id_plus_documented_alignment_suffix	O14_B001369_B009009_S350.mm10-plus-7-0-1	one_assay_suffix	18m	1	nan	DN4 thymocyte	nan	DN4 thymocyte	facs	18_47_F	1021352.0	1736.0	female	Thymus Flowthrough	Thymus	nan	6	5
O14_B002709_B009018_S350			18	O14_B002709_B009018_S350	18_53_M	Spleen	False	1	False	O14_B002709_B009018_S350.mm10-plus-7-0	exact_library_id_plus_documented_alignment_suffix	O14_B002709_B009018_S350.mm10-plus-7-0-1	one_assay_suffix	18m	1	nan	CD8-positive, alpha-beta T cell	nan	nan	facs	18_53_M	2037749.0	2020.0	male	nan	Spleen	nan	4	9
O14_B003007_B009008_S350			18	O14_B003007_B009008_S350	18_46_F	Thymus	False	1	False	O14_B003007_B009008_S350.mm10-plus-7-0	exact_library_id_plus_documented_alignment_suffix	O14_B003007_B009008_S350.mm10-plus-7-0-1	one_assay_suffix	18m	1	nan	DN4 thymocyte	nan	DN4 thymocyte	facs	18_46_F	1376805.0	1719.0	female	Thymus Flowthrough	Thymus	nan	6	5
O14_B003017_B009010_S350			18	O14_B003017_B009010_S350	18_45_M	Thymus	False	1	False	O14_B003017_B009010_S350.mm10-plus-7-0	exact_library_id_plus_documented_alignment_suffix	O14_B003017_B009010_S350.mm10-plus-7-0-1	one_assay_suffix	18m	1	nan	thymocyte	nan	DN to DP transition (most are Cd8+/ Cd4+, some undergoing VDJ recombination)	facs	18_45_M	913448.0	692.0	male	Thymus Flowthrough	Thymus	nan	21	23
O14_B003022_B008546_S350	69.0	2.0	18	O14_B003022_B008546_S350	18_45_M	MAT	True	2	True	O14_B003022_B008546_S350.mm10-plus-7-0	exact_library_id_plus_documented_alignment_suffix	O14_B003022_B008546_S350.mm10-plus-7-0-1	one_assay_suffix	18m	1	nan	CD8-positive, alpha-beta T cell	nan	nan	facs	18_45_M	249460.0	1356.0	male	Fat	MAT	nan	4	9
O15_B000236_B009007_S351			18	O15_B000236_B009007_S351	18_53_M	Thymus	False	1	False	O15_B000236_B009007_S351.mm10-plus-8-0	exact_library_id_plus_documented_alignment_suffix	O15_B000236_B009007_S351.mm10-plus-8-0-1	one_assay_suffix	18m	1	nan	thymocyte	nan	DN to DP transition (most are Cd8+/ Cd4+, some undergoing VDJ recombination)	facs	18_53_M	384830.0	802.0	male	Thymus Flowthrough	Thymus	nan	6	5
O15_B000477_B008543_S351			18	O15_B000477_B008543_S351	18_53_M	MAT	False	1	False	O15_B000477_B008543_S351.mm10-plus-6-0	exact_library_id_plus_documented_alignment_suffix	O15_B000477_B008543_S351.mm10-plus-6-0-1	one_assay_suffix	18m	1	nan	CD4-positive, alpha-beta T cell	nan	nan	facs	18_53_M	457509.0	1493.0	male	Fat	MAT	nan	4	21
O15_B000814_B008548_S351	47.0	9.0	18	O15_B000814_B008548_S351	18_46_F	GAT	True	8	True	O15_B000814_B008548_S351.mm10-plus-6-0	exact_library_id_plus_documented_alignment_suffix	O15_B000814_B008548_S351.mm10-plus-6-0-1	one_assay_suffix	18m	1	nan	CD8-positive, alpha-beta T cell	nan	nan	facs	18_46_F	548418.0	1896.0	female	Fat	GAT	nan	4	9
O15_B002828_B007462_S351			18	O15_B002828_B007462_S351	18_47_F	Marrow	False	1	False	O15_B002828_B007462_S351.mm10-plus-6-0	exact_library_id_plus_documented_alignment_suffix	O15_B002828_B007462_S351.mm10-plus-6-0-1	one_assay_suffix	18m	1	nan	CD4-positive, alpha-beta T cell	nan	BM CD4 T cell	facs	18_47_F	829538.0	2228.0	female	T cells	Marrow	nan	4	21
O15_B003017_B009010_S351			18	O15_B003017_B009010_S351	18_45_M	Thymus	False	1	False	O15_B003017_B009010_S351.mm10-plus-7-0	exact_library_id_plus_documented_alignment_suffix	O15_B003017_B009010_S351.mm10-plus-7-0-1	one_assay_suffix	18m	1	nan	thymocyte	nan	DN to DP transition (most are Cd8+/ Cd4+, some undergoing VDJ recombination)	facs	18_45_M	1246239.0	870.0	male	Thymus Flowthrough	Thymus	nan	21	23
O16_B000236_B009007_S352			18	O16_B000236_B009007_S352	18_53_M	Thymus	False	1	False	O16_B000236_B009007_S352.mm10-plus-8-0	exact_library_id_plus_documented_alignment_suffix	O16_B000236_B009007_S352.mm10-plus-8-0-1	one_assay_suffix	18m	1	nan	thymocyte	nan	DN to DP transition (most are Cd8+/ Cd4+, some undergoing VDJ recombination)	facs	18_53_M	602288.0	1074.0	male	Thymus Flowthrough	Thymus	nan	6	23
O16_B000477_B008543_S352			18	O16_B000477_B008543_S352	18_53_M	MAT	False	1	False	O16_B000477_B008543_S352.mm10-plus-6-0	exact_library_id_plus_documented_alignment_suffix	O16_B000477_B008543_S352.mm10-plus-6-0-1	one_assay_suffix	18m	1	nan	CD8-positive, alpha-beta T cell	nan	nan	facs	18_53_M	1505824.0	2373.0	male	Fat	MAT	nan	4	9
O16_B000795_B008545_S352			18	O16_B000795_B008545_S352	18_47_F	MAT	False	1	False	O16_B000795_B008545_S352.mm10-plus-3-0	exact_library_id_plus_documented_alignment_suffix	O16_B000795_B008545_S352.mm10-plus-3-0-1	one_assay_suffix	18m	1	nan	CD8-positive, alpha-beta T cell	nan	nan	facs	18_47_F	184308.0	3324.0	female	Fat	MAT	nan	4	9
O16_B002459_B007461_S352			18	O16_B002459_B007461_S352	18_46_F	Marrow	False	1	False	O16_B002459_B007461_S352.mm10-plus-8-0	exact_library_id_plus_documented_alignment_suffix	O16_B002459_B007461_S352.mm10-plus-8-0-1	one_assay_suffix	18m	1	nan	NK cell	nan	NK cell	facs	18_46_F	1116062.0	3290.0	female	T cells	Marrow	nan	4	9
O16_B002828_B007462_S352	125.0	2.0	18	O16_B002828_B007462_S352	18_47_F	Marrow	True	2	True	O16_B002828_B007462_S352.mm10-plus-6-0	exact_library_id_plus_documented_alignment_suffix	O16_B002828_B007462_S352.mm10-plus-6-0-1	one_assay_suffix	18m	1	nan	CD4-positive, alpha-beta T cell	nan	BM CD4 T cell	facs	18_47_F	1171669.0	2933.0	female	T cells	Marrow	nan	4	21
O16_B003007_B009008_S352			18	O16_B003007_B009008_S352	18_46_F	Thymus	False	1	False	O16_B003007_B009008_S352.mm10-plus-7-0	exact_library_id_plus_documented_alignment_suffix	O16_B003007_B009008_S352.mm10-plus-7-0-1	one_assay_suffix	18m	1	nan	thymocyte	nan	DN to DP transition (most are Cd8+/ Cd4+, some undergoing VDJ recombination)	facs	18_46_F	683600.0	2634.0	female	Thymus Flowthrough	Thymus	nan	21	23
O16_B003017_B009010_S352			18	O16_B003017_B009010_S352	18_45_M	Thymus	False	1	False	O16_B003017_B009010_S352.mm10-plus-7-0	exact_library_id_plus_documented_alignment_suffix	O16_B003017_B009010_S352.mm10-plus-7-0-1	one_assay_suffix	18m	1	nan	DN4 thymocyte	nan	DN4 thymocyte	facs	18_45_M	1496428.0	1144.0	male	Thymus Flowthrough	Thymus	nan	6	5
O16_B003294_B007450_S352			18	O16_B003294_B007450_S352	18_47_F	Limb_Muscle	False	1	False	O16_B003294_B007450_S352.mm10-plus-0-0	exact_library_id_plus_documented_alignment_suffix	O16_B003294_B007450_S352.mm10-plus-0-0-1	one_assay_suffix	18m	1	nan	T cell	nan	nan	facs	18_47_F	1746093.0	3390.0	female	Muscle forelimb and hindlimb	Limb_Muscle	nan	4	21
O17_B000236_B009007_S353			18	O17_B000236_B009007_S353	18_53_M	Thymus	False	1	False	O17_B000236_B009007_S353.mm10-plus-8-0	exact_library_id_plus_documented_alignment_suffix	O17_B000236_B009007_S353.mm10-plus-8-0-1	one_assay_suffix	18m	1	nan	thymocyte	nan	DN to DP transition (most are Cd8+/ Cd4+, some undergoing VDJ recombination)	facs	18_53_M	858168.0	1042.0	male	Thymus Flowthrough	Thymus	nan	21	23
O17_B002452_B009020_S353	110.0	9.0	18	O17_B002452_B009020_S353	18_47_F	Spleen	True	3	True	O17_B002452_B009020_S353.mm10-plus-0-0	exact_library_id_plus_documented_alignment_suffix	O17_B002452_B009020_S353.mm10-plus-0-0-1	one_assay_suffix	18m	1	nan	CD8-positive, alpha-beta T cell	nan	nan	facs	18_47_F	2266849.0	2067.0	female	nan	Spleen	nan	4	9
O17_B002459_B007461_S353	8.0	3.0	18	O17_B002459_B007461_S353	18_46_F	Marrow	True	3	True	O17_B002459_B007461_S353.mm10-plus-8-0	exact_library_id_plus_documented_alignment_suffix	O17_B002459_B007461_S353.mm10-plus-8-0-1	one_assay_suffix	18m	1	nan	mature alpha-beta T cell	nan	BM CD8 + CD4 T cell	facs	18_46_F	806336.0	2880.0	female	T cells	Marrow	nan	4	48
O17_B002681_B009943_S353			18	O17_B002681_B009943_S353	18_53_M	Liver	False	1	False	O17_B002681_B009943_S353.mm10-plus-4-0	exact_library_id_plus_documented_alignment_suffix	O17_B002681_B009943_S353.mm10-plus-4-0-1	one_assay_suffix	18m	1	nan	mature NK T cell	nan	nan	facs	18_53_M	1469537.0	863.0	male	Liver non-hepato/SCs	Liver	nan	4	9
O17_B003007_B009008_S353			18	O17_B003007_B009008_S353	18_46_F	Thymus	False	1	False	O17_B003007_B009008_S353.mm10-plus-7-0	exact_library_id_plus_documented_alignment_suffix	O17_B003007_B009008_S353.mm10-plus-7-0-1	one_assay_suffix	18m	1	nan	DN4 thymocyte	nan	DN4 thymocyte	facs	18_46_F	1309919.0	2140.0	female	Thymus Flowthrough	Thymus	nan	6	5
O17_B003017_B009010_S353			18	O17_B003017_B009010_S353	18_45_M	Thymus	False	1	False	O17_B003017_B009010_S353.mm10-plus-7-0	exact_library_id_plus_documented_alignment_suffix	O17_B003017_B009010_S353.mm10-plus-7-0-1	one_assay_suffix	18m	1	nan	thymocyte	nan	DN to DP transition (most are Cd8+/ Cd4+, some undergoing VDJ recombination)	facs	18_45_M	853637.0	814.0	male	Thymus Flowthrough	Thymus	nan	21	23
O18_B000236_B009007_S354			18	O18_B000236_B009007_S354	18_53_M	Thymus	False	1	False	O18_B000236_B009007_S354.mm10-plus-8-0	exact_library_id_plus_documented_alignment_suffix	O18_B000236_B009007_S354.mm10-plus-8-0-1	one_assay_suffix	18m	1	nan	thymocyte	nan	DN to DP transition (most are Cd8+/ Cd4+, some undergoing VDJ recombination)	facs	18_53_M	569564.0	912.0	male	Thymus Flowthrough	Thymus	nan	21	23
O18_B001369_B009009_S354			18	O18_B001369_B009009_S354	18_47_F	Thymus	False	1	False	O18_B001369_B009009_S354.mm10-plus-7-0	exact_library_id_plus_documented_alignment_suffix	O18_B001369_B009009_S354.mm10-plus-7-0-1	one_assay_suffix	18m	1	nan	DN4 thymocyte	nan	DN4 thymocyte	facs	18_47_F	2535369.0	2148.0	female	Thymus Flowthrough	Thymus	nan	6	5
O18_B002828_B007462_S354			18	O18_B002828_B007462_S354	18_47_F	Marrow	False	1	False	O18_B002828_B007462_S354.mm10-plus-6-0	exact_library_id_plus_documented_alignment_suffix	O18_B002828_B007462_S354.mm10-plus-6-0-1	one_assay_suffix	18m	1	nan	mature alpha-beta T cell	nan	BM CD8 + CD4 T cell	facs	18_47_F	1518879.0	1878.0	female	T cells	Marrow	nan	4	9
O18_B003007_B009008_S354			18	O18_B003007_B009008_S354	18_46_F	Thymus	False	1	False	O18_B003007_B009008_S354.mm10-plus-7-0	exact_library_id_plus_documented_alignment_suffix	O18_B003007_B009008_S354.mm10-plus-7-0-1	one_assay_suffix	18m	1	nan	DN4 thymocyte	nan	DN4 thymocyte	facs	18_46_F	1060219.0	1482.0	female	Thymus Flowthrough	Thymus	nan	4	21
O18_B003294_B007450_S354			18	O18_B003294_B007450_S354	18_47_F	Limb_Muscle	False	1	False	O18_B003294_B007450_S354.mm10-plus-0-0	exact_library_id_plus_documented_alignment_suffix	O18_B003294_B007450_S354.mm10-plus-0-0-1	one_assay_suffix	18m	1	nan	T cell	nan	nan	facs	18_47_F	917404.0	1523.0	female	Muscle forelimb and hindlimb	Limb_Muscle	nan	4	21
O18_D045405_B009854_S354			18	O18_D045405_B009854_S354	18_45_M	Marrow	False	1	False	O18_D045405_B009854_S354.mm10-plus-6-0	exact_library_id_plus_documented_alignment_suffix	O18_D045405_B009854_S354.mm10-plus-6-0-1	one_assay_suffix	18m	1	nan	promonocyte	nan	monocyte + promonocyte	facs	18_45_M	2494085.0	3061.0	male	T cells	Marrow	nan	2	4
O19_B000236_B009007_S355			18	O19_B000236_B009007_S355	18_53_M	Thymus	False	1	False	O19_B000236_B009007_S355.mm10-plus-8-0	exact_library_id_plus_documented_alignment_suffix	O19_B000236_B009007_S355.mm10-plus-8-0-1	one_assay_suffix	18m	1	nan	thymocyte	nan	DN to DP transition (most are Cd8+/ Cd4+, some undergoing VDJ recombination)	facs	18_53_M	530640.0	1151.0	male	Thymus Flowthrough	Thymus	nan	21	23
O19_B000248_B009895_S355			18	O19_B000248_B009895_S355	18_53_M	Lung	False	1	False	O19_B000248_B009895_S355.mm10-plus-4-0	exact_library_id_plus_documented_alignment_suffix		unmatched																
O19_B001369_B009009_S355			18	O19_B001369_B009009_S355	18_47_F	Thymus	False	1	False	O19_B001369_B009009_S355.mm10-plus-7-0	exact_library_id_plus_documented_alignment_suffix	O19_B001369_B009009_S355.mm10-plus-7-0-1	one_assay_suffix	18m	1	nan	DN4 thymocyte	nan	DN4 thymocyte	facs	18_47_F	766601.0	2404.0	female	Thymus Flowthrough	Thymus	nan	6	5
O19_B002452_B009020_S355			18	O19_B002452_B009020_S355	18_47_F	Spleen	False	1	False	O19_B002452_B009020_S355.mm10-plus-0-0	exact_library_id_plus_documented_alignment_suffix	O19_B002452_B009020_S355.mm10-plus-0-0-1	one_assay_suffix	18m	1	nan	CD8-positive, alpha-beta T cell	nan	Cd3e T cell	facs	18_47_F	3440812.0	2686.0	female	nan	Spleen	nan	6	5
O19_B002828_B007462_S355	2.0	11.0	18	O19_B002828_B007462_S355	18_47_F	Marrow	True	11	True	O19_B002828_B007462_S355.mm10-plus-6-0	exact_library_id_plus_documented_alignment_suffix	O19_B002828_B007462_S355.mm10-plus-6-0-1	one_assay_suffix	18m	1	nan	CD4-positive, alpha-beta T cell	nan	BM CD4 T cell	facs	18_47_F	925633.0	1943.0	female	T cells	Marrow	nan	4	21
O19_B002843_B009897_S355	45.0	2.0	18	O19_B002843_B009897_S355	18_47_F	Lung	True	2	True	O19_B002843_B009897_S355.mm10-plus-6-0	exact_library_id_plus_documented_alignment_suffix		unmatched																
O19_B003017_B009010_S355			18	O19_B003017_B009010_S355	18_45_M	Thymus	False	1	False	O19_B003017_B009010_S355.mm10-plus-7-0	exact_library_id_plus_documented_alignment_suffix	O19_B003017_B009010_S355.mm10-plus-7-0-1	one_assay_suffix	18m	1	nan	thymocyte	nan	DN to DP transition (most are Cd8+/ Cd4+, some undergoing VDJ recombination)	facs	18_45_M	661620.0	788.0	male	Thymus Flowthrough	Thymus	nan	21	23
O19_D045405_B009854_S355			18	O19_D045405_B009854_S355	18_45_M	Marrow	False	1	False	O19_D045405_B009854_S355.mm10-plus-6-0	exact_library_id_plus_documented_alignment_suffix	O19_D045405_B009854_S355.mm10-plus-6-0-1	one_assay_suffix	18m	1	nan	NK cell	nan	NK cell	facs	18_45_M	1024472.0	2253.0	male	T cells	Marrow	nan	4	9
O1_B001369_B009009_S337			18	O1_B001369_B009009_S337	18_47_F	Thymus	False	1	False	O1_B001369_B009009_S337.mm10-plus-7-0	exact_library_id_plus_documented_alignment_suffix	O1_B001369_B009009_S337.mm10-plus-7-0-1	one_assay_suffix	18m	1	nan	DN4 thymocyte	nan	DN4 thymocyte	facs	18_47_F	979087.0	1924.0	female	Thymus Flowthrough	Thymus	nan	6	5
O1_B002459_B007461_S337	8.0	3.0	18	O1_B002459_B007461_S337	18_46_F	Marrow	True	3	True	O1_B002459_B007461_S337.mm10-plus-8-0	exact_library_id_plus_documented_alignment_suffix	O1_B002459_B007461_S337.mm10-plus-8-0-1	one_assay_suffix	18m	1	nan	CD4-positive, alpha-beta T cell	nan	BM CD4 T cell	facs	18_46_F	613996.0	1999.0	female	T cells	Marrow	nan	4	21
O1_B002828_B007462_S337			18	O1_B002828_B007462_S337	18_47_F	Marrow	False	1	False	O1_B002828_B007462_S337.mm10-plus-6-0	exact_library_id_plus_documented_alignment_suffix	O1_B002828_B007462_S337.mm10-plus-6-0-1	one_assay_suffix	18m	1	nan	mature alpha-beta T cell	nan	BM CD8 + CD4 T cell	facs	18_47_F	1092956.0	2008.0	female	T cells	Marrow	nan	4	9
O1_B003017_B009010_S337	14.0	3.0	18	O1_B003017_B009010_S337	18_45_M	Thymus	True	1	False	O1_B003017_B009010_S337.mm10-plus-7-0	exact_library_id_plus_documented_alignment_suffix	O1_B003017_B009010_S337.mm10-plus-7-0-1	one_assay_suffix	18m	1	nan	thymocyte	nan	DN to DP transition (most are Cd8+/ Cd4+, some undergoing VDJ recombination)	facs	18_45_M	839442.0	862.0	male	Thymus Flowthrough	Thymus	nan	21	23
O20_B000236_B009007_S356			18	O20_B000236_B009007_S356	18_53_M	Thymus	False	1	False	O20_B000236_B009007_S356.mm10-plus-8-0	exact_library_id_plus_documented_alignment_suffix	O20_B000236_B009007_S356.mm10-plus-8-0-1	one_assay_suffix	18m	1	nan	thymocyte	nan	DN to DP transition (most are Cd8+/ Cd4+, some undergoing VDJ recombination)	facs	18_53_M	660670.0	1064.0	male	Thymus Flowthrough	Thymus	nan	21	23
O20_B001369_B009009_S356			18	O20_B001369_B009009_S356	18_47_F	Thymus	False	1	False	O20_B001369_B009009_S356.mm10-plus-7-0	exact_library_id_plus_documented_alignment_suffix	O20_B001369_B009009_S356.mm10-plus-7-0-1	one_assay_suffix	18m	1	nan	DN4 thymocyte	nan	DN4 thymocyte	facs	18_47_F	906243.0	1934.0	female	Thymus Flowthrough	Thymus	nan	6	5
O20_B002459_B007461_S356			18	O20_B002459_B007461_S356	18_46_F	Marrow	False	1	False	O20_B002459_B007461_S356.mm10-plus-8-0	exact_library_id_plus_documented_alignment_suffix	O20_B002459_B007461_S356.mm10-plus-8-0-1	one_assay_suffix	18m	1	nan	promonocyte	nan	monocyte + promonocyte	facs	18_46_F	1278853.0	4685.0	female	T cells	Marrow	nan	2	17
O20_B002828_B007462_S356			18	O20_B002828_B007462_S356	18_47_F	Marrow	False	1	False	O20_B002828_B007462_S356.mm10-plus-6-0	exact_library_id_plus_documented_alignment_suffix	O20_B002828_B007462_S356.mm10-plus-6-0-1	one_assay_suffix	18m	1	nan	CD4-positive, alpha-beta T cell	nan	BM CD4 T cell	facs	18_47_F	901255.0	2197.0	female	T cells	Marrow	nan	4	21
O20_B002843_B009897_S356	97.0	6.0	18	O20_B002843_B009897_S356	18_47_F	Lung	True	6	True	O20_B002843_B009897_S356.mm10-plus-6-0	exact_library_id_plus_documented_alignment_suffix	O20_B002843_B009897_S356.mm10-plus-6-0-1	one_assay_suffix	18m	1	nan	CD8-positive, alpha-beta T cell	nan	CD8+ T	facs	18_47_F	177779.0	1716.0	female	EPCAM	Lung	nan	4	9
O20_B003017_B009010_S356			18	O20_B003017_B009010_S356	18_45_M	Thymus	False	1	False	O20_B003017_B009010_S356.mm10-plus-7-0	exact_library_id_plus_documented_alignment_suffix	O20_B003017_B009010_S356.mm10-plus-7-0-1	one_assay_suffix	18m	1	nan	thymocyte	nan	proliferating thymocyte; DN to DP transition, dividing (some are Cd8+/ Cd4+, some undergoing VDJ recombination)	facs	18_45_M	3470232.0	2612.0	male	Thymus Flowthrough	Thymus	nan	21	23
O21_B000236_B009007_S357			18	O21_B000236_B009007_S357	18_53_M	Thymus	False	1	False	O21_B000236_B009007_S357.mm10-plus-8-0	exact_library_id_plus_documented_alignment_suffix	O21_B000236_B009007_S357.mm10-plus-8-0-1	one_assay_suffix	18m	1	nan	thymocyte	nan	DN to DP transition (most are Cd8+/ Cd4+, some undergoing VDJ recombination)	facs	18_53_M	1268237.0	1048.0	male	Thymus Flowthrough	Thymus	nan	21	23
O21_B002673_B007460_S357			18	O21_B002673_B007460_S357	18_53_M	Marrow	False	1	False	O21_B002673_B007460_S357.mm10-plus-7-0	exact_library_id_plus_documented_alignment_suffix	O21_B002673_B007460_S357.mm10-plus-7-0-1	one_assay_suffix	18m	1	nan	CD4-positive, alpha-beta T cell	nan	BM CD4 T cell	facs	18_53_M	558418.0	1406.0	male	T cells	Marrow	nan	4	21
O21_B002843_B009897_S357			18	O21_B002843_B009897_S357	18_47_F	Lung	False	1	False	O21_B002843_B009897_S357.mm10-plus-6-0	exact_library_id_plus_documented_alignment_suffix		unmatched																
O21_B003007_B009008_S357			18	O21_B003007_B009008_S357	18_46_F	Thymus	False	1	False	O21_B003007_B009008_S357.mm10-plus-7-0	exact_library_id_plus_documented_alignment_suffix	O21_B003007_B009008_S357.mm10-plus-7-0-1	one_assay_suffix	18m	1	nan	thymocyte	nan	DN to DP transition (most are Cd8+/ Cd4+, some undergoing VDJ recombination)	facs	18_46_F	503485.0	1667.0	female	Thymus Flowthrough	Thymus	nan	21	23
O21_B003017_B009010_S357			18	O21_B003017_B009010_S357	18_45_M	Thymus	False	1	False	O21_B003017_B009010_S357.mm10-plus-7-0	exact_library_id_plus_documented_alignment_suffix	O21_B003017_B009010_S357.mm10-plus-7-0-1	one_assay_suffix	18m	1	nan	DN4 thymocyte	nan	DN4 thymocyte	facs	18_45_M	566254.0	516.0	male	Thymus Flowthrough	Thymus	nan	21	23
O22_B000236_B009007_S358			18	O22_B000236_B009007_S358	18_53_M	Thymus	False	1	False	O22_B000236_B009007_S358.mm10-plus-8-0	exact_library_id_plus_documented_alignment_suffix	O22_B000236_B009007_S358.mm10-plus-8-0-1	one_assay_suffix	18m	1	nan	thymocyte	nan	DN to DP transition (most are Cd8+/ Cd4+, some undergoing VDJ recombination)	facs	18_53_M	779140.0	969.0	male	Thymus Flowthrough	Thymus	nan	21	23
O22_B000750_B007346_S358	55.0	2.0	18	O22_B000750_B007346_S358	18_45_M	Trachea	True	2	True	O22_B000750_B007346_S358.mm10-plus-8-0	exact_library_id_plus_documented_alignment_suffix	O22_B000750_B007346_S358.mm10-plus-8-0-1	one_assay_suffix	18m	1	nan	T cell	nan	nan	facs	18_45_M	844345.0	1130.0	male	nan	Trachea	nan	4	21
O22_B001369_B009009_S358			18	O22_B001369_B009009_S358	18_47_F	Thymus	False	1	False	O22_B001369_B009009_S358.mm10-plus-7-0	exact_library_id_plus_documented_alignment_suffix	O22_B001369_B009009_S358.mm10-plus-7-0-1	one_assay_suffix	18m	1	nan	DN4 thymocyte	nan	DN4 thymocyte	facs	18_47_F	2670004.0	2429.0	female	Thymus Flowthrough	Thymus	nan	6	5
O22_B002459_B007461_S358			18	O22_B002459_B007461_S358	18_46_F	Marrow	False	1	False	O22_B002459_B007461_S358.mm10-plus-8-0	exact_library_id_plus_documented_alignment_suffix	O22_B002459_B007461_S358.mm10-plus-8-0-1	one_assay_suffix	18m	1	nan	CD4-positive, alpha-beta T cell	nan	BM CD4 T cell	facs	18_46_F	1816021.0	3019.0	female	T cells	Marrow	nan	4	21
O2_B000472_B009891_S338	16.0	6.0	18	O2_B000472_B009891_S338	18_53_M	Marrow	True	6	True	O2_B000472_B009891_S338.mm10-plus-6-0	exact_library_id_plus_documented_alignment_suffix	O2_B000472_B009891_S338.mm10-plus-6-0-1	one_assay_suffix	18m	1	nan	NK cell	nan	NK cell	facs	18_53_M	48952.0	896.0	male	B-cells	Marrow	nan	4	9
O2_B001369_B009009_S338			18	O2_B001369_B009009_S338	18_47_F	Thymus	False	1	False	O2_B001369_B009009_S338.mm10-plus-7-0	exact_library_id_plus_documented_alignment_suffix	O2_B001369_B009009_S338.mm10-plus-7-0-1	one_assay_suffix	18m	1	nan	DN4 thymocyte	nan	DN4 thymocyte	facs	18_47_F	1634425.0	2711.0	female	Thymus Flowthrough	Thymus	nan	6	5
O2_B002459_B007461_S338	34.0	10.0	18	O2_B002459_B007461_S338	18_46_F	Marrow	True	10	True	O2_B002459_B007461_S338.mm10-plus-8-0	exact_library_id_plus_documented_alignment_suffix	O2_B002459_B007461_S338.mm10-plus-8-0-1	one_assay_suffix	18m	1	nan	mature alpha-beta T cell	nan	BM CD8 + CD4 T cell	facs	18_46_F	662948.0	2595.0	female	T cells	Marrow	nan	4	9
O2_B002828_B007462_S338	131.0	2.0	18	O2_B002828_B007462_S338	18_47_F	Marrow	True	1	False	O2_B002828_B007462_S338.mm10-plus-6-0	exact_library_id_plus_documented_alignment_suffix	O2_B002828_B007462_S338.mm10-plus-6-0-1	one_assay_suffix	18m	1	nan	mature alpha-beta T cell	nan	BM CD8 + CD4 T cell	facs	18_47_F	1544590.0	3358.0	female	T cells	Marrow	nan	0	48
O2_B003007_B009008_S338			18	O2_B003007_B009008_S338	18_46_F	Thymus	False	1	False	O2_B003007_B009008_S338.mm10-plus-7-0	exact_library_id_plus_documented_alignment_suffix	O2_B003007_B009008_S338.mm10-plus-7-0-1	one_assay_suffix	18m	1	nan	DN4 thymocyte	nan	DN4 thymocyte	facs	18_46_F	295976.0	1272.0	female	Thymus Flowthrough	Thymus	nan	6	5
O2_B003294_B007450_S338			18	O2_B003294_B007450_S338	18_47_F	Limb_Muscle	False	1	False	O2_B003294_B007450_S338.mm10-plus-0-0	exact_library_id_plus_documented_alignment_suffix	O2_B003294_B007450_S338.mm10-plus-0-0-1	one_assay_suffix	18m	1	nan	T cell	nan	nan	facs	18_47_F	1856156.0	2141.0	female	Muscle forelimb and hindlimb	Limb_Muscle	nan	4	21
O3_B001369_B009009_S339			18	O3_B001369_B009009_S339	18_47_F	Thymus	False	1	False	O3_B001369_B009009_S339.mm10-plus-7-0	exact_library_id_plus_documented_alignment_suffix	O3_B001369_B009009_S339.mm10-plus-7-0-1	one_assay_suffix	18m	1	nan	DN4 thymocyte	nan	DN4 thymocyte	facs	18_47_F	838392.0	3086.0	female	Thymus Flowthrough	Thymus	nan	6	5
O3_B002341_B009297_S267			18	O3_B002341_B009297_S267	18_46_F	Brain_Non-Myeloid	False	1	False	O3_B002341_B009297_S267.mm10-plus-1-0	exact_library_id_plus_documented_alignment_suffix	O3_B002341_B009297_S267.mm10-plus-1-0-1	one_assay_suffix	18m	1	nan	CD8-positive, alpha-beta T cell	nan	nan	facs	18_46_F	937939.0	1084.0	female	Cortex 	Brain_Non-Myeloid	nan	4	9
O3_B002452_B009020_S339	32.0	2.0	18	O3_B002452_B009020_S339	18_47_F	Spleen	True	2	True	O3_B002452_B009020_S339.mm10-plus-0-0	exact_library_id_plus_documented_alignment_suffix	O3_B002452_B009020_S339.mm10-plus-0-0-1	one_assay_suffix	18m	1	nan	B cell	nan	CD79a B cell	facs	18_47_F	1659894.0	4595.0	female	nan	Spleen	nan	0	48
O3_B002459_B007461_S339			18	O3_B002459_B007461_S339	18_46_F	Marrow	False	1	False	O3_B002459_B007461_S339.mm10-plus-8-0	exact_library_id_plus_documented_alignment_suffix	O3_B002459_B007461_S339.mm10-plus-8-0-1	one_assay_suffix	18m	1	nan	promonocyte	nan	monocyte + promonocyte	facs	18_46_F	1745213.0	4823.0	female	T cells	Marrow	nan	2	17
O3_B003007_B009008_S339	46.0	5.0	18	O3_B003007_B009008_S339	18_46_F	Thymus	True	3	True	O3_B003007_B009008_S339.mm10-plus-7-0	exact_library_id_plus_documented_alignment_suffix	O3_B003007_B009008_S339.mm10-plus-7-0-1	one_assay_suffix	18m	1	nan	DN4 thymocyte	nan	DN4 thymocyte	facs	18_46_F	372291.0	1495.0	female	Thymus Flowthrough	Thymus	nan	4	9
O3_B003017_B009010_S339			18	O3_B003017_B009010_S339	18_45_M	Thymus	False	1	False	O3_B003017_B009010_S339.mm10-plus-7-0	exact_library_id_plus_documented_alignment_suffix	O3_B003017_B009010_S339.mm10-plus-7-0-1	one_assay_suffix	18m	1	nan	thymocyte	nan	DN to DP transition (most are Cd8+/ Cd4+, some undergoing VDJ recombination)	facs	18_45_M	1637313.0	1043.0	male	Thymus Flowthrough	Thymus	nan	21	23
O3_B003263_B007458_S339			18	O3_B003263_B007458_S339	18_45_M	Limb_Muscle	False	1	False	O3_B003263_B007458_S339.mm10-plus-0-0	exact_library_id_plus_documented_alignment_suffix	O3_B003263_B007458_S339.mm10-plus-0-0-1	one_assay_suffix	18m	1	nan	T cell	nan	nan	facs	18_45_M	1494078.0	1247.0	male	forelimb and hindlimb	Limb_Muscle	nan	4	9
O3_D045405_B009854_S339			18	O3_D045405_B009854_S339	18_45_M	Marrow	False	1	False	O3_D045405_B009854_S339.mm10-plus-6-0	exact_library_id_plus_documented_alignment_suffix	O3_D045405_B009854_S339.mm10-plus-6-0-1	one_assay_suffix	18m	1	nan	promonocyte	nan	monocyte + promonocyte	facs	18_45_M	3009339.0	3779.0	male	T cells	Marrow	nan	2	17
O4_B000767_B009945_S340	17.0	7.0	18	O4_B000767_B009945_S340	18_46_F	Liver	True	7	True	O4_B000767_B009945_S340.mm10-plus-4-0	exact_library_id_plus_documented_alignment_suffix	O4_B000767_B009945_S340.mm10-plus-4-0-1	one_assay_suffix	18m	1	nan	mature NK T cell	nan	nan	facs	18_46_F	1730919.0	1619.0	female	Liver non-hepato/SCs	Liver	nan	40	47
O4_B001369_B009009_S340			18	O4_B001369_B009009_S340	18_47_F	Thymus	False	1	False	O4_B001369_B009009_S340.mm10-plus-7-0	exact_library_id_plus_documented_alignment_suffix	O4_B001369_B009009_S340.mm10-plus-7-0-1	one_assay_suffix	18m	1	nan	DN4 thymocyte	nan	DN4 thymocyte	facs	18_47_F	635290.0	1846.0	female	Thymus Flowthrough	Thymus	nan	6	5
O4_B002452_B009020_S340	128.0	2.0	18	O4_B002452_B009020_S340	18_47_F	Spleen	True	2	True	O4_B002452_B009020_S340.mm10-plus-0-0	exact_library_id_plus_documented_alignment_suffix	O4_B002452_B009020_S340.mm10-plus-0-0-1	one_assay_suffix	18m	1	nan	CD8-positive, alpha-beta T cell	nan	Cd3e T cell	facs	18_47_F	2420738.0	3943.0	female	nan	Spleen	nan	6	5
O4_B003262_B007459_S340	118.0	2.0	18	O4_B003262_B007459_S340	18_45_M	Diaphragm	True	2	True	O4_B003262_B007459_S340.mm10-plus-0-0	exact_library_id_plus_documented_alignment_suffix	O4_B003262_B007459_S340.mm10-plus-0-0-1	one_assay_suffix	18m	1	nan	T cell	nan	nan	facs	18_45_M	1631125.0	2035.0	male	Limb_Muscle	Diaphragm	nan	4	9
O4_B003294_B007450_S340			18	O4_B003294_B007450_S340	18_47_F	Limb_Muscle	False	1	False	O4_B003294_B007450_S340.mm10-plus-0-0	exact_library_id_plus_documented_alignment_suffix	O4_B003294_B007450_S340.mm10-plus-0-0-1	one_assay_suffix	18m	1	nan	T cell	nan	nan	facs	18_47_F	523608.0	1697.0	female	Muscle forelimb and hindlimb	Limb_Muscle	nan	6	5
O5_B000236_B009007_S341			18	O5_B000236_B009007_S341	18_53_M	Thymus	False	1	False	O5_B000236_B009007_S341.mm10-plus-8-0	exact_library_id_plus_documented_alignment_suffix	O5_B000236_B009007_S341.mm10-plus-8-0-1	one_assay_suffix	18m	1	nan	DN4 thymocyte	nan	DN4 thymocyte	facs	18_53_M	1444556.0	2093.0	male	Thymus Flowthrough	Thymus	nan	6	5
O5_B000263_B007344_S341	94.0	9.0	18	O5_B000263_B007344_S341	18_46_F	Trachea	True	5	True	O5_B000263_B007344_S341.mm10-plus-7-0	exact_library_id_plus_documented_alignment_suffix	O5_B000263_B007344_S341.mm10-plus-7-0-1	one_assay_suffix	18m	1	nan	T cell	nan	nan	facs	18_46_F	2489624.0	2480.0	female	nan	Trachea	nan	4	21
O5_B001369_B009009_S341			18	O5_B001369_B009009_S341	18_47_F	Thymus	False	1	False	O5_B001369_B009009_S341.mm10-plus-7-0	exact_library_id_plus_documented_alignment_suffix	O5_B001369_B009009_S341.mm10-plus-7-0-1	one_assay_suffix	18m	1	nan	DN4 thymocyte	nan	DN4 thymocyte	facs	18_47_F	2027509.0	2678.0	female	Thymus Flowthrough	Thymus	nan	6	5
O5_B003007_B009008_S341			18	O5_B003007_B009008_S341	18_46_F	Thymus	False	1	False	O5_B003007_B009008_S341.mm10-plus-7-0	exact_library_id_plus_documented_alignment_suffix	O5_B003007_B009008_S341.mm10-plus-7-0-1	one_assay_suffix	18m	1	nan	DN4 thymocyte	nan	DN4 thymocyte	facs	18_46_F	915617.0	1990.0	female	Thymus Flowthrough	Thymus	nan	6	5
O5_B003017_B009010_S341			18	O5_B003017_B009010_S341	18_45_M	Thymus	False	1	False	O5_B003017_B009010_S341.mm10-plus-7-0	exact_library_id_plus_documented_alignment_suffix	O5_B003017_B009010_S341.mm10-plus-7-0-1	one_assay_suffix	18m	1	nan	thymocyte	nan	DN to DP transition (most are Cd8+/ Cd4+, some undergoing VDJ recombination)	facs	18_45_M	857017.0	729.0	male	Thymus Flowthrough	Thymus	nan	21	23
O6_B000236_B009007_S342			18	O6_B000236_B009007_S342	18_53_M	Thymus	False	1	False	O6_B000236_B009007_S342.mm10-plus-8-0	exact_library_id_plus_documented_alignment_suffix	O6_B000236_B009007_S342.mm10-plus-8-0-1	one_assay_suffix	18m	1	nan	DN4 thymocyte	nan	DN4 thymocyte	facs	18_53_M	754956.0	1631.0	male	Thymus Flowthrough	Thymus	nan	6	5
O6_B002459_B007461_S342			18	O6_B002459_B007461_S342	18_46_F	Marrow	False	1	False	O6_B002459_B007461_S342.mm10-plus-8-0	exact_library_id_plus_documented_alignment_suffix	O6_B002459_B007461_S342.mm10-plus-8-0-1	one_assay_suffix	18m	1	nan	CD4-positive, alpha-beta T cell	nan	BM CD4 T cell	facs	18_46_F	1125930.0	2450.0	female	T cells	Marrow	nan	4	21
O6_B003017_B009010_S342			18	O6_B003017_B009010_S342	18_45_M	Thymus	False	1	False	O6_B003017_B009010_S342.mm10-plus-7-0	exact_library_id_plus_documented_alignment_suffix	O6_B003017_B009010_S342.mm10-plus-7-0-1	one_assay_suffix	18m	1	nan	thymocyte	nan	DN to DP transition (most are Cd8+/ Cd4+, some undergoing VDJ recombination)	facs	18_45_M	909816.0	875.0	male	Thymus Flowthrough	Thymus	nan	21	23
O7_B000236_B009007_S343			18	O7_B000236_B009007_S343	18_53_M	Thymus	False	1	False	O7_B000236_B009007_S343.mm10-plus-8-0	exact_library_id_plus_documented_alignment_suffix	O7_B000236_B009007_S343.mm10-plus-8-0-1	one_assay_suffix	18m	1	nan	DN4 thymocyte	nan	DN4 thymocyte	facs	18_53_M	497960.0	1862.0	male	Thymus Flowthrough	Thymus	nan	6	5
O7_B001369_B009009_S343			18	O7_B001369_B009009_S343	18_47_F	Thymus	False	1	False	O7_B001369_B009009_S343.mm10-plus-7-0	exact_library_id_plus_documented_alignment_suffix	O7_B001369_B009009_S343.mm10-plus-7-0-1	one_assay_suffix	18m	1	nan	DN4 thymocyte	nan	DN4 thymocyte	facs	18_47_F	195071.0	1564.0	female	Thymus Flowthrough	Thymus	nan	6	23
O7_B002673_B007460_S343			18	O7_B002673_B007460_S343	18_53_M	Marrow	False	1	False	O7_B002673_B007460_S343.mm10-plus-7-0	exact_library_id_plus_documented_alignment_suffix	O7_B002673_B007460_S343.mm10-plus-7-0-1	one_assay_suffix	18m	1	nan	CD4-positive, alpha-beta T cell	nan	BM CD4 T cell	facs	18_53_M	940397.0	1230.0	male	T cells	Marrow	nan	4	5
O8_B000171_B009952_S344	29.0	7.0	18	O8_B000171_B009952_S344	18_53_M	Heart	True	7	True	O8_B000171_B009952_S344.mm10-plus-8-0	exact_library_id_plus_documented_alignment_suffix	O8_B000171_B009952_S344.mm10-plus-8-0-1	one_assay_suffix	18m	1	nan	T cell	nan	T cell	facs	18_53_M	1011117.0	2442.0	male	RA	Heart	nan	4	9
O8_B000236_B009007_S344	135.0	2.0	18	O8_B000236_B009007_S344	18_53_M	Thymus	True	2	True	O8_B000236_B009007_S344.mm10-plus-8-0	exact_library_id_plus_documented_alignment_suffix	O8_B000236_B009007_S344.mm10-plus-8-0-1	one_assay_suffix	18m	1	nan	DN4 thymocyte	nan	DN4 thymocyte	facs	18_53_M	215505.0	1507.0	male	Thymus Flowthrough	Thymus	nan	4	9
O8_B002452_B009020_S344			18	O8_B002452_B009020_S344	18_47_F	Spleen	False	1	False	O8_B002452_B009020_S344.mm10-plus-0-0	exact_library_id_plus_documented_alignment_suffix	O8_B002452_B009020_S344.mm10-plus-0-0-1	one_assay_suffix	18m	1	nan	CD8-positive, alpha-beta T cell	nan	Cd3e T cell	facs	18_47_F	1540644.0	2192.0	female	nan	Spleen	nan	6	5
O8_B002828_B007462_S344	1.0	3.0	18	O8_B002828_B007462_S344	18_47_F	Marrow	True	3	True	O8_B002828_B007462_S344.mm10-plus-6-0	exact_library_id_plus_documented_alignment_suffix	O8_B002828_B007462_S344.mm10-plus-6-0-1	one_assay_suffix	18m	1	nan	mature alpha-beta T cell	nan	BM CD8 + CD4 T cell	facs	18_47_F	1111166.0	1731.0	female	T cells	Marrow	nan	4	9
O8_D045342_B009019_S344			18	O8_D045342_B009019_S344	18_45_M	Spleen	False	1	False	O8_D045342_B009019_S344.mm10-plus-0-0	exact_library_id_plus_documented_alignment_suffix	O8_D045342_B009019_S344.mm10-plus-0-0-1	one_assay_suffix	18m	1	nan	CD4-positive, alpha-beta T cell	nan	Cd3e T cell	facs	18_45_M	1412039.0	1345.0	male	nan	Spleen	nan	4	21
O9_B000806_B008540_S345	10.0	18.0	18	O9_B000806_B008540_S345	18_46_F	MAT	True	18	True	O9_B000806_B008540_S345.mm10-plus-6-0	exact_library_id_plus_documented_alignment_suffix	O9_B000806_B008540_S345.mm10-plus-6-0-1	one_assay_suffix	18m	1	nan	CD8-positive, alpha-beta T cell	nan	nan	facs	18_46_F	663942.0	1778.0	female	Fat	MAT	nan	4	9
O9_B001369_B009009_S345			18	O9_B001369_B009009_S345	18_47_F	Thymus	False	1	False	O9_B001369_B009009_S345.mm10-plus-7-0	exact_library_id_plus_documented_alignment_suffix	O9_B001369_B009009_S345.mm10-plus-7-0-1	one_assay_suffix	18m	1	nan	DN4 thymocyte	nan	DN4 thymocyte	facs	18_47_F	1387025.0	2353.0	female	Thymus Flowthrough	Thymus	nan	6	5
O9_B002452_B009020_S345			18	O9_B002452_B009020_S345	18_47_F	Spleen	False	1	False	O9_B002452_B009020_S345.mm10-plus-0-0	exact_library_id_plus_documented_alignment_suffix	O9_B002452_B009020_S345.mm10-plus-0-0-1	one_assay_suffix	18m	1	nan	CD8-positive, alpha-beta T cell	nan	nan	facs	18_47_F	1065533.0	2140.0	female	nan	Spleen	nan	4	9
O9_B002828_B007462_S345	6.0	2.0	18	O9_B002828_B007462_S345	18_47_F	Marrow	True	1	False	O9_B002828_B007462_S345.mm10-plus-6-0	exact_library_id_plus_documented_alignment_suffix	O9_B002828_B007462_S345.mm10-plus-6-0-1	one_assay_suffix	18m	1	nan	mature alpha-beta T cell	nan	BM CD8 + CD4 T cell	facs	18_47_F	851058.0	2141.0	female	T cells	Marrow	nan	4	9
P10_B000236_B009007_S370	13.0	18.0	18	P10_B000236_B009007_S370	18_53_M	Thymus	True	17	True	P10_B000236_B009007_S370.mm10-plus-8-0	exact_library_id_plus_documented_alignment_suffix	P10_B000236_B009007_S370.mm10-plus-8-0-1	one_assay_suffix	18m	1	nan	DN4 thymocyte	nan	DN4 thymocyte	facs	18_53_M	1268135.0	1769.0	male	Thymus Flowthrough	Thymus	nan	4	21
P10_B000477_B008543_S370	24.0	11.0	18	P10_B000477_B008543_S370	18_53_M	MAT	True	11	True	P10_B000477_B008543_S370.mm10-plus-6-0	exact_library_id_plus_documented_alignment_suffix	P10_B000477_B008543_S370.mm10-plus-6-0-1	one_assay_suffix	18m	1	nan	CD8-positive, alpha-beta T cell	nan	nan	facs	18_53_M	527814.0	1731.0	male	Fat	MAT	nan	4	9
P10_B000505_B008435_S370	65.0	7.0	18	P10_B000505_B008435_S370	18_45_M	GAT	True	7	True	P10_B000505_B008435_S370.mm10-plus-8-0	exact_library_id_plus_documented_alignment_suffix	P10_B000505_B008435_S370.mm10-plus-8-0-1	one_assay_suffix	18m	1	nan	CD4-positive, alpha-beta T cell	nan	nan	facs	18_45_M	322146.0	1581.0	male	Fat	GAT	nan	4	21
P10_B000800_B008432_S370			18	P10_B000800_B008432_S370	18_47_F	BAT	False	1	False	P10_B000800_B008432_S370.mm10-plus-3-0	exact_library_id_plus_documented_alignment_suffix	P10_B000800_B008432_S370.mm10-plus-3-0-1	one_assay_suffix	18m	1	nan	T cell	nan	nan	facs	18_47_F	3075526.0	2226.0	female	Fat	BAT	nan	4	21
P10_B000808_B008541_S370			18	P10_B000808_B008541_S370	18_47_F	SCAT	False	1	False	P10_B000808_B008541_S370.mm10-plus-6-0	exact_library_id_plus_documented_alignment_suffix	P10_B000808_B008541_S370.mm10-plus-6-0-1	one_assay_suffix	18m	1	nan	NK cell	nan	nan	facs	18_47_F	621162.0	1641.0	female	Fat	SCAT	nan	4	21
P10_B001369_B009009_S370			18	P10_B001369_B009009_S370	18_47_F	Thymus	False	1	False	P10_B001369_B009009_S370.mm10-plus-7-0	exact_library_id_plus_documented_alignment_suffix	P10_B001369_B009009_S370.mm10-plus-7-0-1	one_assay_suffix	18m	1	nan	thymocyte	nan	DN to DP transition (most are Cd8+/ Cd4+, some undergoing VDJ recombination)	facs	18_47_F	748274.0	1541.0	female	Thymus Flowthrough	Thymus	nan	21	23
P10_B002459_B007461_S370			18	P10_B002459_B007461_S370	18_46_F	Marrow	False	1	False	P10_B002459_B007461_S370.mm10-plus-8-0	exact_library_id_plus_documented_alignment_suffix	P10_B002459_B007461_S370.mm10-plus-8-0-1	one_assay_suffix	18m	1	nan	mature alpha-beta T cell	nan	BM CD8 + CD4 T cell	facs	18_46_F	298009.0	2297.0	female	T cells	Marrow	nan	4	9
P10_B002828_B007462_S370	98.0	5.0	18	P10_B002828_B007462_S370	18_47_F	Marrow	True	2	True	P10_B002828_B007462_S370.mm10-plus-6-0	exact_library_id_plus_documented_alignment_suffix	P10_B002828_B007462_S370.mm10-plus-6-0-1	one_assay_suffix	18m	1	nan	CD4-positive, alpha-beta T cell	nan	BM CD4 T cell	facs	18_47_F	1877930.0	2921.0	female	T cells	Marrow	nan	4	21
P11_B000171_B009952_S371	84.0	6.0	18	P11_B000171_B009952_S371	18_53_M	Heart	True	6	True	P11_B000171_B009952_S371.mm10-plus-8-0	exact_library_id_plus_documented_alignment_suffix	P11_B000171_B009952_S371.mm10-plus-8-0-1	one_assay_suffix	18m	1	nan	T cell	nan	T cell	facs	18_53_M	215258.0	2285.0	male	RA	Heart	nan	4	9
P11_B000236_B009007_S371	13.0	18.0	18	P11_B000236_B009007_S371	18_53_M	Thymus	True	17	True	P11_B000236_B009007_S371.mm10-plus-8-0	exact_library_id_plus_documented_alignment_suffix	P11_B000236_B009007_S371.mm10-plus-8-0-1	one_assay_suffix	18m	1	nan	DN4 thymocyte	nan	DN4 thymocyte	facs	18_53_M	888800.0	1763.0	male	Thymus Flowthrough	Thymus	nan	4	21
P11_B000490_B009961_S371	9.0	9.0	18	P11_B000490_B009961_S371	18_47_F	Heart	True	8	True	P11_B000490_B009961_S371.mm10-plus-6-0	exact_library_id_plus_documented_alignment_suffix	P11_B000490_B009961_S371.mm10-plus-6-0-1	one_assay_suffix	18m	1	nan	T cell	nan	T cell	facs	18_47_F	401291.0	1564.0	female	LA	Heart	nan	4	9
P11_B000814_B008548_S371			18	P11_B000814_B008548_S371	18_46_F	GAT	False	1	False	P11_B000814_B008548_S371.mm10-plus-6-0	exact_library_id_plus_documented_alignment_suffix	P11_B000814_B008548_S371.mm10-plus-6-0-1	one_assay_suffix	18m	1	nan	CD8-positive, alpha-beta T cell	nan	nan	facs	18_46_F	434923.0	2126.0	female	Fat	GAT	nan	6	5
P11_B001369_B009009_S371	107.0	4.0	18	P11_B001369_B009009_S371	18_47_F	Thymus	True	3	True	P11_B001369_B009009_S371.mm10-plus-7-0	exact_library_id_plus_documented_alignment_suffix	P11_B001369_B009009_S371.mm10-plus-7-0-1	one_assay_suffix	18m	1	nan	DN4 thymocyte	nan	DN4 thymocyte	facs	18_47_F	507234.0	2032.0	female	Thymus Flowthrough	Thymus	nan	6	5
P11_B002452_B009020_S371			18	P11_B002452_B009020_S371	18_47_F	Spleen	False	1	False	P11_B002452_B009020_S371.mm10-plus-0-0	exact_library_id_plus_documented_alignment_suffix	P11_B002452_B009020_S371.mm10-plus-0-0-1	one_assay_suffix	18m	1	nan	CD4-positive, alpha-beta T cell	nan	Cd3e T cell	facs	18_47_F	3452479.0	2322.0	female	nan	Spleen	nan	4	21
P11_B002459_B007461_S371	50.0	2.0	18	P11_B002459_B007461_S371	18_46_F	Marrow	True	2	True	P11_B002459_B007461_S371.mm10-plus-8-0	exact_library_id_plus_documented_alignment_suffix	P11_B002459_B007461_S371.mm10-plus-8-0-1	one_assay_suffix	18m	1	nan	mature alpha-beta T cell	nan	BM CD8 + CD4 T cell	facs	18_46_F	850019.0	2745.0	female	T cells	Marrow	nan	4	9
P11_B003007_B009008_S371	46.0	5.0	18	P11_B003007_B009008_S371	18_46_F	Thymus	True	3	True	P11_B003007_B009008_S371.mm10-plus-7-0	exact_library_id_plus_documented_alignment_suffix	P11_B003007_B009008_S371.mm10-plus-7-0-1	one_assay_suffix	18m	1	nan	DN4 thymocyte	nan	DN4 thymocyte	facs	18_46_F	417527.0	1721.0	female	Thymus Flowthrough	Thymus	nan	4	9
P11_B003294_B007450_S371			18	P11_B003294_B007450_S371	18_47_F	Limb_Muscle	False	1	False	P11_B003294_B007450_S371.mm10-plus-0-0	exact_library_id_plus_documented_alignment_suffix	P11_B003294_B007450_S371.mm10-plus-0-0-1	one_assay_suffix	18m	1	nan	T cell	nan	nan	facs	18_47_F	1502394.0	1573.0	female	Muscle forelimb and hindlimb	Limb_Muscle	nan	4	21
P12_B000171_B009952_S372	135.0	2.0	18	P12_B000171_B009952_S372	18_53_M	Heart	True	2	True	P12_B000171_B009952_S372.mm10-plus-8-0	exact_library_id_plus_documented_alignment_suffix	P12_B000171_B009952_S372.mm10-plus-8-0-1	one_assay_suffix	18m	1	nan	T cell	nan	T cell	facs	18_53_M	531042.0	3867.0	male	RA	Heart	nan	4	9
P12_B000236_B009007_S372	13.0	18.0	18	P12_B000236_B009007_S372	18_53_M	Thymus	True	17	True	P12_B000236_B009007_S372.mm10-plus-8-0	exact_library_id_plus_documented_alignment_suffix	P12_B000236_B009007_S372.mm10-plus-8-0-1	one_assay_suffix	18m	1	nan	thymocyte	nan	DN to DP transition (most are Cd8+/ Cd4+, some undergoing VDJ recombination)	facs	18_53_M	335442.0	1434.0	male	Thymus Flowthrough	Thymus	nan	21	23
P12_B000794_B008549_S372			18	P12_B000794_B008549_S372	18_47_F	GAT	False	1	False	P12_B000794_B008549_S372.mm10-plus-3-0	exact_library_id_plus_documented_alignment_suffix	P12_B000794_B008549_S372.mm10-plus-3-0-1	one_assay_suffix	18m	1	nan	epithelial cell	nan	nan	facs	18_47_F	897597.0	3800.0	female	Fat	GAT	nan	6	5
P12_B001369_B009009_S372			18	P12_B001369_B009009_S372	18_47_F	Thymus	False	1	False	P12_B001369_B009009_S372.mm10-plus-7-0	exact_library_id_plus_documented_alignment_suffix	P12_B001369_B009009_S372.mm10-plus-7-0-1	one_assay_suffix	18m	1	nan	DN4 thymocyte	nan	DN4 thymocyte	facs	18_47_F	279642.0	2052.0	female	Thymus Flowthrough	Thymus	nan	6	5
P12_B002338_B009294_S48	127.0	2.0	18	P12_B002338_B009294_S48	18_47_F	Brain_Non-Myeloid	True	2	True	P12_B002338_B009294_S48.mm10-plus-1-0	exact_library_id_plus_documented_alignment_suffix	P12_B002338_B009294_S48.mm10-plus-1-0-1	one_assay_suffix	18m	1	nan	mature NK T cell	nan	nan	facs	18_47_F	2070635.0	2338.0	female	Cortex 	Brain_Non-Myeloid	nan	40	47
P12_B002828_B007462_S372			18	P12_B002828_B007462_S372	18_47_F	Marrow	False	1	False	P12_B002828_B007462_S372.mm10-plus-6-0	exact_library_id_plus_documented_alignment_suffix	P12_B002828_B007462_S372.mm10-plus-6-0-1	one_assay_suffix	18m	1	nan	CD4-positive, alpha-beta T cell	nan	BM CD4 T cell	facs	18_47_F	924531.0	2473.0	female	T cells	Marrow	nan	4	21
P12_B003017_B009010_S372			18	P12_B003017_B009010_S372	18_45_M	Thymus	False	1	False	P12_B003017_B009010_S372.mm10-plus-7-0	exact_library_id_plus_documented_alignment_suffix	P12_B003017_B009010_S372.mm10-plus-7-0-1	one_assay_suffix	18m	1	nan	thymocyte	nan	DN to DP transition (most are Cd8+/ Cd4+, some undergoing VDJ recombination)	facs	18_45_M	1199712.0	919.0	male	Thymus Flowthrough	Thymus	nan	21	23
P13_B000236_B009007_S373	13.0	18.0	18	P13_B000236_B009007_S373	18_53_M	Thymus	True	17	True	P13_B000236_B009007_S373.mm10-plus-8-0	exact_library_id_plus_documented_alignment_suffix	P13_B000236_B009007_S373.mm10-plus-8-0-1	one_assay_suffix	18m	1	nan	thymocyte	nan	proliferating thymocyte; DN to DP transition, dividing (some are Cd8+/ Cd4+, some undergoing VDJ recombination)	facs	18_53_M	2730987.0	3198.0	male	Thymus Flowthrough	Thymus	nan	21	23
P13_B000795_B008545_S373			18	P13_B000795_B008545_S373	18_47_F	MAT	False	1	False	P13_B000795_B008545_S373.mm10-plus-3-0	exact_library_id_plus_documented_alignment_suffix	P13_B000795_B008545_S373.mm10-plus-3-0-1	one_assay_suffix	18m	1	nan	CD8-positive, alpha-beta T cell	nan	nan	facs	18_47_F	278482.0	2031.0	female	Fat	MAT	nan	4	21
P13_B000806_B008540_S373			18	P13_B000806_B008540_S373	18_46_F	MAT	False	1	False	P13_B000806_B008540_S373.mm10-plus-6-0	exact_library_id_plus_documented_alignment_suffix	P13_B000806_B008540_S373.mm10-plus-6-0-1	one_assay_suffix	18m	1	nan	CD8-positive, alpha-beta T cell	nan	nan	facs	18_46_F	128128.0	1731.0	female	Fat	MAT	nan	6	5
P13_B001369_B009009_S373			18	P13_B001369_B009009_S373	18_47_F	Thymus	False	1	False	P13_B001369_B009009_S373.mm10-plus-7-0	exact_library_id_plus_documented_alignment_suffix	P13_B001369_B009009_S373.mm10-plus-7-0-1	one_assay_suffix	18m	1	nan	DN4 thymocyte	nan	DN4 thymocyte	facs	18_47_F	3936309.0	2883.0	female	Thymus Flowthrough	Thymus	nan	6	5
P13_B002828_B007462_S373			18	P13_B002828_B007462_S373	18_47_F	Marrow	False	1	False	P13_B002828_B007462_S373.mm10-plus-6-0	exact_library_id_plus_documented_alignment_suffix	P13_B002828_B007462_S373.mm10-plus-6-0-1	one_assay_suffix	18m	1	nan	mature alpha-beta T cell	nan	BM CD8 + CD4 T cell	facs	18_47_F	1544088.0	2363.0	female	T cells	Marrow	nan	4	9
P13_B003007_B009008_S373			18	P13_B003007_B009008_S373	18_46_F	Thymus	False	1	False	P13_B003007_B009008_S373.mm10-plus-7-0	exact_library_id_plus_documented_alignment_suffix	P13_B003007_B009008_S373.mm10-plus-7-0-1	one_assay_suffix	18m	1	nan	DN4 thymocyte	nan	DN4 thymocyte	facs	18_46_F	1157512.0	2090.0	female	Thymus Flowthrough	Thymus	nan	6	9
P13_B003017_B009010_S373			18	P13_B003017_B009010_S373	18_45_M	Thymus	False	1	False	P13_B003017_B009010_S373.mm10-plus-7-0	exact_library_id_plus_documented_alignment_suffix	P13_B003017_B009010_S373.mm10-plus-7-0-1	one_assay_suffix	18m	1	nan	thymocyte	nan	DN to DP transition (most are Cd8+/ Cd4+, some undergoing VDJ recombination)	facs	18_45_M	858050.0	768.0	male	Thymus Flowthrough	Thymus	nan	6	23
P13_D045405_B009854_S373			18	P13_D045405_B009854_S373	18_45_M	Marrow	False	1	False	P13_D045405_B009854_S373.mm10-plus-6-0	exact_library_id_plus_documented_alignment_suffix	P13_D045405_B009854_S373.mm10-plus-6-0-1	one_assay_suffix	18m	1	nan	NK cell	nan	NK cell	facs	18_45_M	395427.0	1248.0	male	T cells	Marrow	nan	4	9
P14_B000236_B009007_S374			18	P14_B000236_B009007_S374	18_53_M	Thymus	False	1	False	P14_B000236_B009007_S374.mm10-plus-8-0	exact_library_id_plus_documented_alignment_suffix	P14_B000236_B009007_S374.mm10-plus-8-0-1	one_assay_suffix	18m	1	nan	thymocyte	nan	proliferating thymocyte; DN to DP transition, dividing (some are Cd8+/ Cd4+, some undergoing VDJ recombination)	facs	18_53_M	1068322.0	2312.0	male	Thymus Flowthrough	Thymus	nan	21	23
P14_B000477_B008543_S374	12.0	4.0	18	P14_B000477_B008543_S374	18_53_M	MAT	True	4	True	P14_B000477_B008543_S374.mm10-plus-6-0	exact_library_id_plus_documented_alignment_suffix	P14_B000477_B008543_S374.mm10-plus-6-0-1	one_assay_suffix	18m	1	nan	CD8-positive, alpha-beta T cell	nan	nan	facs	18_53_M	853560.0	1153.0	male	Fat	MAT	nan	4	9
P14_B000515_B008434_S374	12.0	4.0	18	P14_B000515_B008434_S374	18_53_M	BAT	True	4	True	P14_B000515_B008434_S374.mm10-plus-3-0	exact_library_id_plus_documented_alignment_suffix	P14_B000515_B008434_S374.mm10-plus-3-0-1	one_assay_suffix	18m	1	nan	T cell	nan	nan	facs	18_53_M	3307430.0	738.0	male	Fat	BAT	nan	4	9
P14_B000795_B008545_S374			18	P14_B000795_B008545_S374	18_47_F	MAT	False	1	False	P14_B000795_B008545_S374.mm10-plus-3-0	exact_library_id_plus_documented_alignment_suffix	P14_B000795_B008545_S374.mm10-plus-3-0-1	one_assay_suffix	18m	1	nan	CD8-positive, alpha-beta T cell	nan	nan	facs	18_47_F	426497.0	2096.0	female	Fat	MAT	nan	6	5
P14_B002828_B007462_S374			18	P14_B002828_B007462_S374	18_47_F	Marrow	False	1	False	P14_B002828_B007462_S374.mm10-plus-6-0	exact_library_id_plus_documented_alignment_suffix	P14_B002828_B007462_S374.mm10-plus-6-0-1	one_assay_suffix	18m	1	nan	CD4-positive, alpha-beta T cell	nan	BM CD4 T cell	facs	18_47_F	1794864.0	2682.0	female	T cells	Marrow	nan	4	21
P14_B003007_B009008_S374			18	P14_B003007_B009008_S374	18_46_F	Thymus	False	1	False	P14_B003007_B009008_S374.mm10-plus-7-0	exact_library_id_plus_documented_alignment_suffix	P14_B003007_B009008_S374.mm10-plus-7-0-1	one_assay_suffix	18m	1	nan	DN4 thymocyte	nan	DN4 thymocyte	facs	18_46_F	1598462.0	2536.0	female	Thymus Flowthrough	Thymus	nan	4	21
P14_B003017_B009010_S374			18	P14_B003017_B009010_S374	18_45_M	Thymus	False	1	False	P14_B003017_B009010_S374.mm10-plus-7-0	exact_library_id_plus_documented_alignment_suffix	P14_B003017_B009010_S374.mm10-plus-7-0-1	one_assay_suffix	18m	1	nan	thymocyte	nan	proliferating thymocyte; DN to DP transition, dividing (some are Cd8+/ Cd4+, some undergoing VDJ recombination)	facs	18_45_M	3290994.0	2139.0	male	Thymus Flowthrough	Thymus	nan	21	23
P15_B000236_B009007_S375	13.0	18.0	18	P15_B000236_B009007_S375	18_53_M	Thymus	True	17	True	P15_B000236_B009007_S375.mm10-plus-8-0	exact_library_id_plus_documented_alignment_suffix	P15_B000236_B009007_S375.mm10-plus-8-0-1	one_assay_suffix	18m	1	nan	thymocyte	nan	DN to DP transition (most are Cd8+/ Cd4+, some undergoing VDJ recombination)	facs	18_53_M	458164.0	1536.0	male	Thymus Flowthrough	Thymus	nan	21	23
P15_B000472_B009891_S375	16.0	6.0	18	P15_B000472_B009891_S375	18_53_M	Marrow	True	6	True	P15_B000472_B009891_S375.mm10-plus-6-0	exact_library_id_plus_documented_alignment_suffix	P15_B000472_B009891_S375.mm10-plus-6-0-1	one_assay_suffix	18m	1	nan	NK cell	nan	NK cell	facs	18_53_M	688844.0	1942.0	male	B-cells	Marrow	nan	40	47
P15_B000795_B008545_S375			18	P15_B000795_B008545_S375	18_47_F	MAT	False	1	False	P15_B000795_B008545_S375.mm10-plus-3-0	exact_library_id_plus_documented_alignment_suffix	P15_B000795_B008545_S375.mm10-plus-3-0-1	one_assay_suffix	18m	1	nan	CD8-positive, alpha-beta T cell	nan	nan	facs	18_47_F	473288.0	2311.0	female	Fat	MAT	nan	4	9
P15_B000805_B008544_S375			18	P15_B000805_B008544_S375	18_46_F	SCAT	False	1	False	P15_B000805_B008544_S375.mm10-plus-3-0	exact_library_id_plus_documented_alignment_suffix	P15_B000805_B008544_S375.mm10-plus-3-0-1	one_assay_suffix	18m	1	nan	CD8-positive, alpha-beta T cell	nan	nan	facs	18_46_F	2201868.0	2392.0	female	Fat	SCAT	nan	4	9
P15_B003007_B009008_S375	93.0	7.0	18	P15_B003007_B009008_S375	18_46_F	Thymus	True	5	True	P15_B003007_B009008_S375.mm10-plus-7-0	exact_library_id_plus_documented_alignment_suffix	P15_B003007_B009008_S375.mm10-plus-7-0-1	one_assay_suffix	18m	1	nan	DN4 thymocyte	nan	DN4 thymocyte	facs	18_46_F	381132.0	1597.0	female	Thymus Flowthrough	Thymus	nan	4	9
P15_B003017_B009010_S375			18	P15_B003017_B009010_S375	18_45_M	Thymus	False	1	False	P15_B003017_B009010_S375.mm10-plus-7-0	exact_library_id_plus_documented_alignment_suffix	P15_B003017_B009010_S375.mm10-plus-7-0-1	one_assay_suffix	18m	1	nan	thymocyte	nan	DN to DP transition (most are Cd8+/ Cd4+, some undergoing VDJ recombination)	facs	18_45_M	652118.0	713.0	male	Thymus Flowthrough	Thymus	nan	21	23
P16_B000236_B009007_S376	13.0	18.0	18	P16_B000236_B009007_S376	18_53_M	Thymus	True	17	True	P16_B000236_B009007_S376.mm10-plus-8-0	exact_library_id_plus_documented_alignment_suffix	P16_B000236_B009007_S376.mm10-plus-8-0-1	one_assay_suffix	18m	1	nan	DN4 thymocyte	nan	DN4 thymocyte	facs	18_53_M	34027.0	1098.0	male	Thymus Flowthrough	Thymus	nan	6	5
P16_B000795_B008545_S376	15.0	2.0	18	P16_B000795_B008545_S376	18_47_F	MAT	True	2	True	P16_B000795_B008545_S376.mm10-plus-3-0	exact_library_id_plus_documented_alignment_suffix	P16_B000795_B008545_S376.mm10-plus-3-0-1	one_assay_suffix	18m	1	nan	CD8-positive, alpha-beta T cell	nan	nan	facs	18_47_F	229419.0	2075.0	female	Fat	MAT	nan	4	9
P16_B000808_B008541_S376			18	P16_B000808_B008541_S376	18_47_F	SCAT	False	1	False	P16_B000808_B008541_S376.mm10-plus-6-0	exact_library_id_plus_documented_alignment_suffix	P16_B000808_B008541_S376.mm10-plus-6-0-1	one_assay_suffix	18m	1	nan	CD8-positive, alpha-beta T cell	nan	nan	facs	18_47_F	1598051.0	3296.0	female	Fat	SCAT	nan	4	9
P16_B000814_B008548_S376			18	P16_B000814_B008548_S376	18_46_F	GAT	False	1	False	P16_B000814_B008548_S376.mm10-plus-6-0	exact_library_id_plus_documented_alignment_suffix	P16_B000814_B008548_S376.mm10-plus-6-0-1	one_assay_suffix	18m	1	nan	CD4-positive, alpha-beta T cell	nan	nan	facs	18_46_F	617429.0	1834.0	female	Fat	GAT	nan	4	21
P16_B001363_B009260_S16	10.0	18.0	18	P16_B001363_B009260_S16	18_46_F	Brain_Non-Myeloid	True	18	True	P16_B001363_B009260_S16.mm10-plus-1-0	exact_library_id_plus_documented_alignment_suffix	P16_B001363_B009260_S16.mm10-plus-1-0-1	one_assay_suffix	18m	1	nan	CD8-positive, alpha-beta T cell	nan	nan	facs	18_46_F	664048.0	1398.0	female	Cerebellum 	Brain_Non-Myeloid	nan	4	9
P16_B002673_B007460_S376			18	P16_B002673_B007460_S376	18_53_M	Marrow	False	1	False	P16_B002673_B007460_S376.mm10-plus-7-0	exact_library_id_plus_documented_alignment_suffix	P16_B002673_B007460_S376.mm10-plus-7-0-1	one_assay_suffix	18m	1	nan	CD4-positive, alpha-beta T cell	nan	BM CD4 T cell	facs	18_53_M	181273.0	3191.0	male	T cells	Marrow	nan	4	21
P16_B002828_B007462_S376			18	P16_B002828_B007462_S376	18_47_F	Marrow	False	1	False	P16_B002828_B007462_S376.mm10-plus-6-0	exact_library_id_plus_documented_alignment_suffix	P16_B002828_B007462_S376.mm10-plus-6-0-1	one_assay_suffix	18m	1	nan	CD4-positive, alpha-beta T cell	nan	BM CD4 T cell	facs	18_47_F	671012.0	1937.0	female	T cells	Marrow	nan	4	21
P16_B003007_B009008_S376	49.0	4.0	18	P16_B003007_B009008_S376	18_46_F	Thymus	True	1	False	P16_B003007_B009008_S376.mm10-plus-7-0	exact_library_id_plus_documented_alignment_suffix	P16_B003007_B009008_S376.mm10-plus-7-0-1	one_assay_suffix	18m	1	nan	DN4 thymocyte	nan	DN4 thymocyte	facs	18_46_F	451910.0	2274.0	female	Thymus Flowthrough	Thymus	nan	4	9
P16_B003017_B009010_S376			18	P16_B003017_B009010_S376	18_45_M	Thymus	False	1	False	P16_B003017_B009010_S376.mm10-plus-7-0	exact_library_id_plus_documented_alignment_suffix	P16_B003017_B009010_S376.mm10-plus-7-0-1	one_assay_suffix	18m	1	nan	thymocyte	nan	DN to DP transition (most are Cd8+/ Cd4+, some undergoing VDJ recombination)	facs	18_45_M	1293363.0	928.0	male	Thymus Flowthrough	Thymus	nan	21	23
P17_B000236_B009007_S377	13.0	18.0	18	P17_B000236_B009007_S377	18_53_M	Thymus	True	17	True	P17_B000236_B009007_S377.mm10-plus-8-0	exact_library_id_plus_documented_alignment_suffix	P17_B000236_B009007_S377.mm10-plus-8-0-1	one_assay_suffix	18m	1	nan	DN4 thymocyte	nan	DN4 thymocyte	facs	18_53_M	43079.0	1223.0	male	Thymus Flowthrough	Thymus	nan	6	5
P17_B000767_B009945_S377	75.0	3.0	18	P17_B000767_B009945_S377	18_46_F	Liver	True	3	True	P17_B000767_B009945_S377.mm10-plus-4-0	exact_library_id_plus_documented_alignment_suffix	P17_B000767_B009945_S377.mm10-plus-4-0-1	one_assay_suffix	18m	1	nan	mature NK T cell	nan	nan	facs	18_46_F	2644318.0	1716.0	female	Liver non-hepato/SCs	Liver	nan	40	47
P17_B002459_B007461_S377	119.0	2.0	18	P17_B002459_B007461_S377	18_46_F	Marrow	True	2	True	P17_B002459_B007461_S377.mm10-plus-8-0	exact_library_id_plus_documented_alignment_suffix	P17_B002459_B007461_S377.mm10-plus-8-0-1	one_assay_suffix	18m	1	nan	NK cell	nan	NK cell	facs	18_46_F	357077.0	2286.0	female	T cells	Marrow	nan	40	9
P17_B003007_B009008_S377			18	P17_B003007_B009008_S377	18_46_F	Thymus	False	1	False	P17_B003007_B009008_S377.mm10-plus-7-0	exact_library_id_plus_documented_alignment_suffix	P17_B003007_B009008_S377.mm10-plus-7-0-1	one_assay_suffix	18m	1	nan	DN4 thymocyte	nan	DN4 thymocyte	facs	18_46_F	1073320.0	1532.0	female	Thymus Flowthrough	Thymus	nan	6	5
P17_B003017_B009010_S377			18	P17_B003017_B009010_S377	18_45_M	Thymus	False	1	False	P17_B003017_B009010_S377.mm10-plus-7-0	exact_library_id_plus_documented_alignment_suffix	P17_B003017_B009010_S377.mm10-plus-7-0-1	one_assay_suffix	18m	1	nan	thymocyte	nan	DN to DP transition (most are Cd8+/ Cd4+, some undergoing VDJ recombination)	facs	18_45_M	615395.0	715.0	male	Thymus Flowthrough	Thymus	nan	21	23
P17_D045405_B009854_S377			18	P17_D045405_B009854_S377	18_45_M	Marrow	False	1	False	P17_D045405_B009854_S377.mm10-plus-6-0	exact_library_id_plus_documented_alignment_suffix	P17_D045405_B009854_S377.mm10-plus-6-0-1	one_assay_suffix	18m	1	nan	mature alpha-beta T cell	nan	BM CD8 + CD4 T cell	facs	18_45_M	255871.0	902.0	male	T cells	Marrow	nan	4	9
P18_B000171_B009952_S378	12.0	4.0	18	P18_B000171_B009952_S378	18_53_M	Heart	True	4	True	P18_B000171_B009952_S378.mm10-plus-8-0	exact_library_id_plus_documented_alignment_suffix	P18_B000171_B009952_S378.mm10-plus-8-0-1	one_assay_suffix	18m	1	nan	T cell	nan	T cell	facs	18_53_M	942782.0	4185.0	male	RA	Heart	nan	4	9
P18_B000236_B009007_S378	13.0	18.0	18	P18_B000236_B009007_S378	18_53_M	Thymus	True	17	True	P18_B000236_B009007_S378.mm10-plus-8-0	exact_library_id_plus_documented_alignment_suffix	P18_B000236_B009007_S378.mm10-plus-8-0-1	one_assay_suffix	18m	1	nan	DN4 thymocyte	nan	DN4 thymocyte	facs	18_53_M	22837.0	1473.0	male	Thymus Flowthrough	Thymus	nan	6	5
P18_B002459_B007461_S378	110.0	9.0	18	P18_B002459_B007461_S378	18_46_F	Marrow	True	6	True	P18_B002459_B007461_S378.mm10-plus-8-0	exact_library_id_plus_documented_alignment_suffix	P18_B002459_B007461_S378.mm10-plus-8-0-1	one_assay_suffix	18m	1	nan	mature alpha-beta T cell	nan	BM CD8 + CD4 T cell	facs	18_46_F	466486.0	1947.0	female	T cells	Marrow	nan	4	9
P18_B002709_B009018_S378	126.0	2.0	18	P18_B002709_B009018_S378	18_53_M	Spleen	True	1	False	P18_B002709_B009018_S378.mm10-plus-7-0	exact_library_id_plus_documented_alignment_suffix	P18_B002709_B009018_S378.mm10-plus-7-0-1	one_assay_suffix	18m	1	nan	CD8-positive, alpha-beta T cell	nan	Cd3e T cell	facs	18_53_M	1051024.0	2165.0	male	nan	Spleen	nan	6	5
P18_B003007_B009008_S378			18	P18_B003007_B009008_S378	18_46_F	Thymus	False	1	False	P18_B003007_B009008_S378.mm10-plus-7-0	exact_library_id_plus_documented_alignment_suffix	P18_B003007_B009008_S378.mm10-plus-7-0-1	one_assay_suffix	18m	1	nan	DN4 thymocyte	nan	DN4 thymocyte	facs	18_46_F	866232.0	1559.0	female	Thymus Flowthrough	Thymus	nan	6	5
P18_B003017_B009010_S378			18	P18_B003017_B009010_S378	18_45_M	Thymus	False	1	False	P18_B003017_B009010_S378.mm10-plus-7-0	exact_library_id_plus_documented_alignment_suffix	P18_B003017_B009010_S378.mm10-plus-7-0-1	one_assay_suffix	18m	1	nan	thymocyte	nan	DN to DP transition (most are Cd8+/ Cd4+, some undergoing VDJ recombination)	facs	18_45_M	741931.0	830.0	male	Thymus Flowthrough	Thymus	nan	21	23
P19_B000236_B009007_S379	13.0	18.0	18	P19_B000236_B009007_S379	18_53_M	Thymus	True	17	True	P19_B000236_B009007_S379.mm10-plus-8-0	exact_library_id_plus_documented_alignment_suffix	P19_B000236_B009007_S379.mm10-plus-8-0-1	one_assay_suffix	18m	1	nan	DN4 thymocyte	nan	DN4 thymocyte	facs	18_53_M	8497.0	1119.0	male	Thymus Flowthrough	Thymus	nan	4	21
P19_B002459_B007461_S379			18	P19_B002459_B007461_S379	18_46_F	Marrow	False	1	False	P19_B002459_B007461_S379.mm10-plus-8-0	exact_library_id_plus_documented_alignment_suffix	P19_B002459_B007461_S379.mm10-plus-8-0-1	one_assay_suffix	18m	1	nan	promonocyte	nan	monocyte + promonocyte	facs	18_46_F	1409076.0	4568.0	female	T cells	Marrow	nan	2	17
P19_B002828_B007462_S379	141.0	3.0	18	P19_B002828_B007462_S379	18_47_F	Marrow	True	3	True	P19_B002828_B007462_S379.mm10-plus-6-0	exact_library_id_plus_documented_alignment_suffix	P19_B002828_B007462_S379.mm10-plus-6-0-1	one_assay_suffix	18m	1	nan	mature alpha-beta T cell	nan	BM CD8 + CD4 T cell	facs	18_47_F	1501858.0	2320.0	female	T cells	Marrow	nan	4	9
P19_B003007_B009008_S379			18	P19_B003007_B009008_S379	18_46_F	Thymus	False	1	False	P19_B003007_B009008_S379.mm10-plus-7-0	exact_library_id_plus_documented_alignment_suffix	P19_B003007_B009008_S379.mm10-plus-7-0-1	one_assay_suffix	18m	1	nan	DN4 thymocyte	nan	DN4 thymocyte	facs	18_46_F	479805.0	1704.0	female	Thymus Flowthrough	Thymus	nan	6	5
P19_B003017_B009010_S379			18	P19_B003017_B009010_S379	18_45_M	Thymus	False	1	False	P19_B003017_B009010_S379.mm10-plus-7-0	exact_library_id_plus_documented_alignment_suffix	P19_B003017_B009010_S379.mm10-plus-7-0-1	one_assay_suffix	18m	1	nan	thymocyte	nan	DN to DP transition (most are Cd8+/ Cd4+, some undergoing VDJ recombination)	facs	18_45_M	1052007.0	983.0	male	Thymus Flowthrough	Thymus	nan	21	23
P19_B003294_B007450_S379			18	P19_B003294_B007450_S379	18_47_F	Limb_Muscle	False	1	False	P19_B003294_B007450_S379.mm10-plus-0-0	exact_library_id_plus_documented_alignment_suffix	P19_B003294_B007450_S379.mm10-plus-0-0-1	one_assay_suffix	18m	1	nan	T cell	nan	nan	facs	18_47_F	1562976.0	1510.0	female	Muscle forelimb and hindlimb	Limb_Muscle	nan	4	21
P1_B000236_B009007_S361	13.0	18.0	18	P1_B000236_B009007_S361	18_53_M	Thymus	True	17	True	P1_B000236_B009007_S361.mm10-plus-8-0	exact_library_id_plus_documented_alignment_suffix	P1_B000236_B009007_S361.mm10-plus-8-0-1	one_assay_suffix	18m	1	nan	DN4 thymocyte	nan	DN4 thymocyte	facs	18_53_M	15892.0	1397.0	male	Thymus Flowthrough	Thymus	nan	4	21
P1_B001369_B009009_S361			18	P1_B001369_B009009_S361	18_47_F	Thymus	False	1	False	P1_B001369_B009009_S361.mm10-plus-7-0	exact_library_id_plus_documented_alignment_suffix	P1_B001369_B009009_S361.mm10-plus-7-0-1	one_assay_suffix	18m	1	nan	DN4 thymocyte	nan	DN4 thymocyte	facs	18_47_F	1663722.0	3052.0	female	Thymus Flowthrough	Thymus	nan	6	5
P1_B002452_B009020_S361	32.0	2.0	18	P1_B002452_B009020_S361	18_47_F	Spleen	True	2	True	P1_B002452_B009020_S361.mm10-plus-0-0	exact_library_id_plus_documented_alignment_suffix	P1_B002452_B009020_S361.mm10-plus-0-0-1	one_assay_suffix	18m	1	nan	CD4-positive, alpha-beta T cell	nan	Cd3e T cell	facs	18_47_F	967056.0	2297.0	female	nan	Spleen	nan	4	21
P1_B003017_B009010_S361			18	P1_B003017_B009010_S361	18_45_M	Thymus	False	1	False	P1_B003017_B009010_S361.mm10-plus-7-0	exact_library_id_plus_documented_alignment_suffix	P1_B003017_B009010_S361.mm10-plus-7-0-1	one_assay_suffix	18m	1	nan	DN4 thymocyte	nan	DN4 thymocyte	facs	18_45_M	1464133.0	990.0	male	Thymus Flowthrough	Thymus	nan	21	23
P20_B000236_B009007_S380	13.0	18.0	18	P20_B000236_B009007_S380	18_53_M	Thymus	True	17	True	P20_B000236_B009007_S380.mm10-plus-8-0	exact_library_id_plus_documented_alignment_suffix	P20_B000236_B009007_S380.mm10-plus-8-0-1	one_assay_suffix	18m	1	nan	DN4 thymocyte	nan	DN4 thymocyte	facs	18_53_M	11782.0	1196.0	male	Thymus Flowthrough	Thymus	nan	6	5
P20_B002709_B009018_S380			18	P20_B002709_B009018_S380	18_53_M	Spleen	False	1	False	P20_B002709_B009018_S380.mm10-plus-7-0	exact_library_id_plus_documented_alignment_suffix	P20_B002709_B009018_S380.mm10-plus-7-0-1	one_assay_suffix	18m	1	nan	CD8-positive, alpha-beta T cell	nan	Cd3e T cell	facs	18_53_M	1504981.0	1811.0	male	nan	Spleen	nan	6	5
P20_B002828_B007462_S380	18.0	8.0	18	P20_B002828_B007462_S380	18_47_F	Marrow	True	3	True	P20_B002828_B007462_S380.mm10-plus-6-0	exact_library_id_plus_documented_alignment_suffix	P20_B002828_B007462_S380.mm10-plus-6-0-1	one_assay_suffix	18m	1	nan	CD4-positive, alpha-beta T cell	nan	BM CD4 T cell	facs	18_47_F	1630252.0	2794.0	female	T cells	Marrow	nan	4	21
P20_B002843_B009897_S380			18	P20_B002843_B009897_S380	18_47_F	Lung	False	1	False	P20_B002843_B009897_S380.mm10-plus-6-0	exact_library_id_plus_documented_alignment_suffix	P20_B002843_B009897_S380.mm10-plus-6-0-1	one_assay_suffix	18m	1	nan	CD8-positive, alpha-beta T cell	nan	CD8+ T	facs	18_47_F	962838.0	2703.0	female	EPCAM	Lung	nan	4	9
P20_B003007_B009008_S380			18	P20_B003007_B009008_S380	18_46_F	Thymus	False	1	False	P20_B003007_B009008_S380.mm10-plus-7-0	exact_library_id_plus_documented_alignment_suffix	P20_B003007_B009008_S380.mm10-plus-7-0-1	one_assay_suffix	18m	1	nan	DN4 thymocyte	nan	DN4 thymocyte	facs	18_46_F	898990.0	3203.0	female	Thymus Flowthrough	Thymus	nan	4	21
P21_B000236_B009007_S381	13.0	18.0	18	P21_B000236_B009007_S381	18_53_M	Thymus	True	17	True	P21_B000236_B009007_S381.mm10-plus-8-0	exact_library_id_plus_documented_alignment_suffix	P21_B000236_B009007_S381.mm10-plus-8-0-1	one_assay_suffix	18m	1	nan	DN4 thymocyte	nan	DN4 thymocyte	facs	18_53_M	14124.0	1209.0	male	Thymus Flowthrough	Thymus	nan	6	5
P21_B000800_B008432_S381			18	P21_B000800_B008432_S381	18_47_F	BAT	False	1	False	P21_B000800_B008432_S381.mm10-plus-3-0	exact_library_id_plus_documented_alignment_suffix	P21_B000800_B008432_S381.mm10-plus-3-0-1	one_assay_suffix	18m	1	nan	endothelial cell	nan	nan	facs	18_47_F	154984.0	1523.0	female	Fat	BAT	nan	7	6
P21_B001369_B009009_S381			18	P21_B001369_B009009_S381	18_47_F	Thymus	False	1	False	P21_B001369_B009009_S381.mm10-plus-7-0	exact_library_id_plus_documented_alignment_suffix	P21_B001369_B009009_S381.mm10-plus-7-0-1	one_assay_suffix	18m	1	nan	DN4 thymocyte	nan	DN4 thymocyte	facs	18_47_F	4636779.0	3328.0	female	Thymus Flowthrough	Thymus	nan	6	5
P21_B002244_B007447_S381			18	P21_B002244_B007447_S381	18_53_M	Limb_Muscle	False	1	False	P21_B002244_B007447_S381.mm10-plus-8-0	exact_library_id_plus_documented_alignment_suffix	P21_B002244_B007447_S381.mm10-plus-8-0-1	one_assay_suffix	18m	1	nan	T cell	nan	nan	facs	18_53_M	635535.0	2443.0	male	Muscle forelimb and hindlimb	Limb_Muscle	nan	4	21
P22_B000236_B009007_S382	13.0	18.0	18	P22_B000236_B009007_S382	18_53_M	Thymus	True	17	True	P22_B000236_B009007_S382.mm10-plus-8-0	exact_library_id_plus_documented_alignment_suffix	P22_B000236_B009007_S382.mm10-plus-8-0-1	one_assay_suffix	18m	1	nan	DN4 thymocyte	nan	DN4 thymocyte	facs	18_53_M	150130.0	1353.0	male	Thymus Flowthrough	Thymus	nan	6	5
P22_B001369_B009009_S382			18	P22_B001369_B009009_S382	18_47_F	Thymus	False	1	False	P22_B001369_B009009_S382.mm10-plus-7-0	exact_library_id_plus_documented_alignment_suffix	P22_B001369_B009009_S382.mm10-plus-7-0-1	one_assay_suffix	18m	1	nan	DN4 thymocyte	nan	DN4 thymocyte	facs	18_47_F	1657218.0	1828.0	female	Thymus Flowthrough	Thymus	nan	6	5
P22_B002452_B009020_S382			18	P22_B002452_B009020_S382	18_47_F	Spleen	False	1	False	P22_B002452_B009020_S382.mm10-plus-0-0	exact_library_id_plus_documented_alignment_suffix	P22_B002452_B009020_S382.mm10-plus-0-0-1	one_assay_suffix	18m	1	nan	CD4-positive, alpha-beta T cell	nan	Cd3e T cell	facs	18_47_F	2206793.0	3151.0	female	nan	Spleen	nan	4	21
P22_B003017_B009010_S382			18	P22_B003017_B009010_S382	18_45_M	Thymus	False	1	False	P22_B003017_B009010_S382.mm10-plus-7-0	exact_library_id_plus_documented_alignment_suffix	P22_B003017_B009010_S382.mm10-plus-7-0-1	one_assay_suffix	18m	1	nan	thymocyte	nan	proliferating thymocyte; DN to DP transition, dividing (some are Cd8+/ Cd4+, some undergoing VDJ recombination)	facs	18_45_M	3541495.0	2889.0	male	Thymus Flowthrough	Thymus	nan	21	23
P2_B000236_B009007_S362	13.0	18.0	18	P2_B000236_B009007_S362	18_53_M	Thymus	True	17	True	P2_B000236_B009007_S362.mm10-plus-8-0	exact_library_id_plus_documented_alignment_suffix	P2_B000236_B009007_S362.mm10-plus-8-0-1	one_assay_suffix	18m	1	nan	DN4 thymocyte	nan	DN4 thymocyte	facs	18_53_M	8372.0	1060.0	male	Thymus Flowthrough	Thymus	nan	4	21
P2_B001369_B009009_S362			18	P2_B001369_B009009_S362	18_47_F	Thymus	False	1	False	P2_B001369_B009009_S362.mm10-plus-7-0	exact_library_id_plus_documented_alignment_suffix	P2_B001369_B009009_S362.mm10-plus-7-0-1	one_assay_suffix	18m	1	nan	thymocyte	nan	proliferating thymocyte; DN to DP transition, dividing (some are Cd8+/ Cd4+, some undergoing VDJ recombination)	facs	18_47_F	3238345.0	4070.0	female	Thymus Flowthrough	Thymus	nan	6	21
P2_B002709_B009018_S362			18	P2_B002709_B009018_S362	18_53_M	Spleen	False	1	False	P2_B002709_B009018_S362.mm10-plus-7-0	exact_library_id_plus_documented_alignment_suffix	P2_B002709_B009018_S362.mm10-plus-7-0-1	one_assay_suffix	18m	1	nan	CD8-positive, alpha-beta T cell	nan	nan	facs	18_53_M	998366.0	1773.0	male	nan	Spleen	nan	4	9
P2_B003017_B009010_S362			18	P2_B003017_B009010_S362	18_45_M	Thymus	False	1	False	P2_B003017_B009010_S362.mm10-plus-7-0	exact_library_id_plus_documented_alignment_suffix	P2_B003017_B009010_S362.mm10-plus-7-0-1	one_assay_suffix	18m	1	nan	thymocyte	nan	proliferating thymocyte; DN to DP transition, dividing (some are Cd8+/ Cd4+, some undergoing VDJ recombination)	facs	18_45_M	2929282.0	2059.0	male	Thymus Flowthrough	Thymus	nan	21	23
P2_B003262_B007459_S362			18	P2_B003262_B007459_S362	18_45_M	Diaphragm	False	1	False	P2_B003262_B007459_S362.mm10-plus-0-0	exact_library_id_plus_documented_alignment_suffix	P2_B003262_B007459_S362.mm10-plus-0-0-1	one_assay_suffix	18m	1	nan	T cell	nan	nan	facs	18_45_M	1924402.0	2620.0	male	Limb_Muscle	Diaphragm	nan	4	21
P3_B001369_B009009_S363			18	P3_B001369_B009009_S363	18_47_F	Thymus	False	1	False	P3_B001369_B009009_S363.mm10-plus-7-0	exact_library_id_plus_documented_alignment_suffix	P3_B001369_B009009_S363.mm10-plus-7-0-1	one_assay_suffix	18m	1	nan	DN4 thymocyte	nan	DN4 thymocyte	facs	18_47_F	743600.0	2294.0	female	Thymus Flowthrough	Thymus	nan	6	5
P3_B002459_B007461_S363	33.0	2.0	18	P3_B002459_B007461_S363	18_46_F	Marrow	True	2	True	P3_B002459_B007461_S363.mm10-plus-8-0	exact_library_id_plus_documented_alignment_suffix	P3_B002459_B007461_S363.mm10-plus-8-0-1	one_assay_suffix	18m	1	nan	CD4-positive, alpha-beta T cell	nan	BM CD4 T cell	facs	18_46_F	1170705.0	1760.0	female	T cells	Marrow	nan	4	21
P3_B002828_B007462_S363	2.0	11.0	18	P3_B002828_B007462_S363	18_47_F	Marrow	True	11	True	P3_B002828_B007462_S363.mm10-plus-6-0	exact_library_id_plus_documented_alignment_suffix	P3_B002828_B007462_S363.mm10-plus-6-0-1	one_assay_suffix	18m	1	nan	CD4-positive, alpha-beta T cell	nan	BM CD4 T cell	facs	18_47_F	1111394.0	2316.0	female	T cells	Marrow	nan	4	21
P3_B003007_B009008_S363			18	P3_B003007_B009008_S363	18_46_F	Thymus	False	1	False	P3_B003007_B009008_S363.mm10-plus-7-0	exact_library_id_plus_documented_alignment_suffix	P3_B003007_B009008_S363.mm10-plus-7-0-1	one_assay_suffix	18m	1	nan	DN4 thymocyte	nan	DN4 thymocyte	facs	18_46_F	260907.0	1670.0	female	Thymus Flowthrough	Thymus	nan	4	21
P4_B000236_B009007_S364			18	P4_B000236_B009007_S364	18_53_M	Thymus	False	1	False	P4_B000236_B009007_S364.mm10-plus-8-0	exact_library_id_plus_documented_alignment_suffix	P4_B000236_B009007_S364.mm10-plus-8-0-1	one_assay_suffix	18m	1	nan	DN4 thymocyte	nan	DN4 thymocyte	facs	18_53_M	23344.0	969.0	male	Thymus Flowthrough	Thymus	nan	6	5
P4_B000482_B009012_S364	54.0	2.0	18	P4_B000482_B009012_S364	18_46_F	Thymus	True	1	False	P4_B000482_B009012_S364.mm10-plus-8-0	exact_library_id_plus_documented_alignment_suffix	P4_B000482_B009012_S364.mm10-plus-8-0-1	one_assay_suffix	18m	1	nan	epithelial cell of thymus	nan	TECs	facs	18_46_F	71936.0	661.0	female	Thymus Epithelium	Thymus	nan	46	30
P4_B000767_B009945_S364	137.0	3.0	18	P4_B000767_B009945_S364	18_46_F	Liver	True	2	True	P4_B000767_B009945_S364.mm10-plus-4-0	exact_library_id_plus_documented_alignment_suffix	P4_B000767_B009945_S364.mm10-plus-4-0-1	one_assay_suffix	18m	1	nan	T cell	nan	nan	facs	18_46_F	1289861.0	1147.0	female	Liver non-hepato/SCs	Liver	nan	4	9
P4_B001369_B009009_S364			18	P4_B001369_B009009_S364	18_47_F	Thymus	False	1	False	P4_B001369_B009009_S364.mm10-plus-7-0	exact_library_id_plus_documented_alignment_suffix	P4_B001369_B009009_S364.mm10-plus-7-0-1	one_assay_suffix	18m	1	nan	thymocyte	nan	DN to DP transition (most are Cd8+/ Cd4+, some undergoing VDJ recombination)	facs	18_47_F	440745.0	1811.0	female	Thymus Flowthrough	Thymus	nan	21	23
P4_B002341_B009297_S292	10.0	18.0	18	P4_B002341_B009297_S292	18_46_F	Brain_Non-Myeloid	True	18	True	P4_B002341_B009297_S292.mm10-plus-1-0	exact_library_id_plus_documented_alignment_suffix	P4_B002341_B009297_S292.mm10-plus-1-0-1	one_assay_suffix	18m	1	nan	CD8-positive, alpha-beta T cell	nan	nan	facs	18_46_F	668085.0	1004.0	female	Cortex 	Brain_Non-Myeloid	nan	4	9
P4_B002466_B009898_S364			18	P4_B002466_B009898_S364	18_45_M	Lung	False	1	False	P4_B002466_B009898_S364.mm10-plus-4-0	exact_library_id_plus_documented_alignment_suffix	P4_B002466_B009898_S364.mm10-plus-4-0-1	one_assay_suffix	18m	1	nan	regulatory T cell	nan	Regulatory T	facs	18_45_M	418011.0	1212.0	male	EPCAM	Lung	nan	4	21
P4_B002828_B007462_S364	101.0	6.0	18	P4_B002828_B007462_S364	18_47_F	Marrow	True	6	True	P4_B002828_B007462_S364.mm10-plus-6-0	exact_library_id_plus_documented_alignment_suffix	P4_B002828_B007462_S364.mm10-plus-6-0-1	one_assay_suffix	18m	1	nan	mature alpha-beta T cell	nan	BM CD8 + CD4 T cell	facs	18_47_F	1561040.0	2174.0	female	T cells	Marrow	nan	4	9
P5_B000236_B009007_S365			18	P5_B000236_B009007_S365	18_53_M	Thymus	False	1	False	P5_B000236_B009007_S365.mm10-plus-8-0	exact_library_id_plus_documented_alignment_suffix	P5_B000236_B009007_S365.mm10-plus-8-0-1	one_assay_suffix	18m	1	nan	DN4 thymocyte	nan	DN4 thymocyte	facs	18_53_M	839254.0	1634.0	male	Thymus Flowthrough	Thymus	nan	6	5
P5_B000750_B007346_S365	108.0	3.0	18	P5_B000750_B007346_S365	18_45_M	Trachea	True	3	True	P5_B000750_B007346_S365.mm10-plus-8-0	exact_library_id_plus_documented_alignment_suffix	P5_B000750_B007346_S365.mm10-plus-8-0-1	one_assay_suffix	18m	1	nan	T cell	nan	nan	facs	18_45_M	1832690.0	703.0	male	nan	Trachea	nan	4	9
P5_B001369_B009009_S365			18	P5_B001369_B009009_S365	18_47_F	Thymus	False	1	False	P5_B001369_B009009_S365.mm10-plus-7-0	exact_library_id_plus_documented_alignment_suffix	P5_B001369_B009009_S365.mm10-plus-7-0-1	one_assay_suffix	18m	1	nan	DN4 thymocyte	nan	DN4 thymocyte	facs	18_47_F	1612350.0	2234.0	female	Thymus Flowthrough	Thymus	nan	6	5
P5_B002459_B007461_S365			18	P5_B002459_B007461_S365	18_46_F	Marrow	False	1	False	P5_B002459_B007461_S365.mm10-plus-8-0	exact_library_id_plus_documented_alignment_suffix	P5_B002459_B007461_S365.mm10-plus-8-0-1	one_assay_suffix	18m	1	nan	naive B cell	nan	naïve B cell	facs	18_46_F	2211983.0	2000.0	female	T cells	Marrow	nan	0	0
P5_B002466_B009898_S365			18	P5_B002466_B009898_S365	18_45_M	Lung	False	1	False	P5_B002466_B009898_S365.mm10-plus-4-0	exact_library_id_plus_documented_alignment_suffix	P5_B002466_B009898_S365.mm10-plus-4-0-1	one_assay_suffix	18m	1	nan	regulatory T cell	nan	Regulatory T	facs	18_45_M	269168.0	1768.0	male	EPCAM	Lung	nan	4	21
P5_B003007_B009008_S365			18	P5_B003007_B009008_S365	18_46_F	Thymus	False	1	False	P5_B003007_B009008_S365.mm10-plus-7-0	exact_library_id_plus_documented_alignment_suffix	P5_B003007_B009008_S365.mm10-plus-7-0-1	one_assay_suffix	18m	1	nan	DN4 thymocyte	nan	DN4 thymocyte	facs	18_46_F	2478250.0	4450.0	female	Thymus Flowthrough	Thymus	nan	4	9
P6_B001369_B009009_S366			18	P6_B001369_B009009_S366	18_47_F	Thymus	False	1	False	P6_B001369_B009009_S366.mm10-plus-7-0	exact_library_id_plus_documented_alignment_suffix	P6_B001369_B009009_S366.mm10-plus-7-0-1	one_assay_suffix	18m	1	nan	DN4 thymocyte	nan	DN4 thymocyte	facs	18_47_F	982310.0	2059.0	female	Thymus Flowthrough	Thymus	nan	6	5
P6_B002459_B007461_S366			18	P6_B002459_B007461_S366	18_46_F	Marrow	False	1	False	P6_B002459_B007461_S366.mm10-plus-8-0	exact_library_id_plus_documented_alignment_suffix	P6_B002459_B007461_S366.mm10-plus-8-0-1	one_assay_suffix	18m	1	nan	mature alpha-beta T cell	nan	BM CD8 + CD4 T cell	facs	18_46_F	1146290.0	3066.0	female	T cells	Marrow	nan	4	9
P6_B003017_B009010_S366			18	P6_B003017_B009010_S366	18_45_M	Thymus	False	1	False	P6_B003017_B009010_S366.mm10-plus-7-0	exact_library_id_plus_documented_alignment_suffix	P6_B003017_B009010_S366.mm10-plus-7-0-1	one_assay_suffix	18m	1	nan	thymocyte	nan	DN to DP transition (most are Cd8+/ Cd4+, some undergoing VDJ recombination)	facs	18_45_M	809390.0	889.0	male	Thymus Flowthrough	Thymus	nan	21	23
P7_B000236_B009007_S367	13.0	18.0	18	P7_B000236_B009007_S367	18_53_M	Thymus	True	17	True	P7_B000236_B009007_S367.mm10-plus-8-0	exact_library_id_plus_documented_alignment_suffix	P7_B000236_B009007_S367.mm10-plus-8-0-1	one_assay_suffix	18m	1	nan	DN4 thymocyte	nan	DN4 thymocyte	facs	18_53_M	1321378.0	2696.0	male	Thymus Flowthrough	Thymus	nan	4	9
P7_B000263_B007344_S367	58.0	2.0	18	P7_B000263_B007344_S367	18_46_F	Trachea	True	1	False	P7_B000263_B007344_S367.mm10-plus-7-0	exact_library_id_plus_documented_alignment_suffix	P7_B000263_B007344_S367.mm10-plus-7-0-1	one_assay_suffix	18m	1	nan	T cell	nan	nan	facs	18_46_F	4662944.0	1413.0	female	nan	Trachea	nan	4	9
P7_B001369_B009009_S367			18	P7_B001369_B009009_S367	18_47_F	Thymus	False	1	False	P7_B001369_B009009_S367.mm10-plus-7-0	exact_library_id_plus_documented_alignment_suffix	P7_B001369_B009009_S367.mm10-plus-7-0-1	one_assay_suffix	18m	1	nan	DN4 thymocyte	nan	DN4 thymocyte	facs	18_47_F	497934.0	1873.0	female	Thymus Flowthrough	Thymus	nan	6	5
P7_B002341_B009297_S295			18	P7_B002341_B009297_S295	18_46_F	Brain_Non-Myeloid	False	1	False	P7_B002341_B009297_S295.mm10-plus-1-0	exact_library_id_plus_documented_alignment_suffix	P7_B002341_B009297_S295.mm10-plus-1-0-1	one_assay_suffix	18m	1	nan	CD8-positive, alpha-beta T cell	nan	nan	facs	18_46_F	344505.0	919.0	female	Cortex 	Brain_Non-Myeloid	nan	4	9
P7_B002452_B009020_S367	111.0	2.0	18	P7_B002452_B009020_S367	18_47_F	Spleen	True	2	True	P7_B002452_B009020_S367.mm10-plus-0-0	exact_library_id_plus_documented_alignment_suffix	P7_B002452_B009020_S367.mm10-plus-0-0-1	one_assay_suffix	18m	1	nan	CD4-positive, alpha-beta T cell	nan	Cd3e T cell	facs	18_47_F	1855908.0	1961.0	female	nan	Spleen	nan	6	5
P7_B002828_B007462_S367	23.0	2.0	18	P7_B002828_B007462_S367	18_47_F	Marrow	True	2	True	P7_B002828_B007462_S367.mm10-plus-6-0	exact_library_id_plus_documented_alignment_suffix	P7_B002828_B007462_S367.mm10-plus-6-0-1	one_assay_suffix	18m	1	nan	CD4-positive, alpha-beta T cell	nan	BM CD4 T cell	facs	18_47_F	768364.0	2287.0	female	T cells	Marrow	nan	4	21
P7_B003017_B009010_S367			18	P7_B003017_B009010_S367	18_45_M	Thymus	False	1	False	P7_B003017_B009010_S367.mm10-plus-7-0	exact_library_id_plus_documented_alignment_suffix	P7_B003017_B009010_S367.mm10-plus-7-0-1	one_assay_suffix	18m	1	nan	thymocyte	nan	DN to DP transition (most are Cd8+/ Cd4+, some undergoing VDJ recombination)	facs	18_45_M	1072916.0	992.0	male	Thymus Flowthrough	Thymus	nan	21	23
P7_D045405_B009854_S367	41.0	2.0	18	P7_D045405_B009854_S367	18_45_M	Marrow	True	2	True	P7_D045405_B009854_S367.mm10-plus-6-0	exact_library_id_plus_documented_alignment_suffix	P7_D045405_B009854_S367.mm10-plus-6-0-1	one_assay_suffix	18m	1	nan	CD4-positive, alpha-beta T cell	nan	BM CD4 T cell	facs	18_45_M	861353.0	1186.0	male	T cells	Marrow	nan	4	21
P8_B000236_B009007_S368	13.0	18.0	18	P8_B000236_B009007_S368	18_53_M	Thymus	True	17	True	P8_B000236_B009007_S368.mm10-plus-8-0	exact_library_id_plus_documented_alignment_suffix		unmatched																
P8_B001369_B009009_S368			18	P8_B001369_B009009_S368	18_47_F	Thymus	False	1	False	P8_B001369_B009009_S368.mm10-plus-7-0	exact_library_id_plus_documented_alignment_suffix	P8_B001369_B009009_S368.mm10-plus-7-0-1	one_assay_suffix	18m	1	nan	DN4 thymocyte	nan	DN4 thymocyte	facs	18_47_F	806852.0	2319.0	female	Thymus Flowthrough	Thymus	nan	6	5
P8_B002452_B009020_S368	110.0	9.0	18	P8_B002452_B009020_S368	18_47_F	Spleen	True	3	True	P8_B002452_B009020_S368.mm10-plus-0-0	exact_library_id_plus_documented_alignment_suffix	P8_B002452_B009020_S368.mm10-plus-0-0-1	one_assay_suffix	18m	1	nan	CD8-positive, alpha-beta T cell	nan	nan	facs	18_47_F	1582014.0	2289.0	female	nan	Spleen	nan	4	9
P8_B003007_B009008_S368			18	P8_B003007_B009008_S368	18_46_F	Thymus	False	1	False	P8_B003007_B009008_S368.mm10-plus-7-0	exact_library_id_plus_documented_alignment_suffix	P8_B003007_B009008_S368.mm10-plus-7-0-1	one_assay_suffix	18m	1	nan	DN4 thymocyte	nan	DN4 thymocyte	facs	18_46_F	375830.0	2132.0	female	Thymus Flowthrough	Thymus	nan	4	9
P8_B003017_B009010_S368			18	P8_B003017_B009010_S368	18_45_M	Thymus	False	1	False	P8_B003017_B009010_S368.mm10-plus-7-0	exact_library_id_plus_documented_alignment_suffix	P8_B003017_B009010_S368.mm10-plus-7-0-1	one_assay_suffix	18m	1	nan	thymocyte	nan	DN to DP transition (most are Cd8+/ Cd4+, some undergoing VDJ recombination)	facs	18_45_M	914489.0	847.0	male	Thymus Flowthrough	Thymus	nan	21	23
P8_D045405_B009854_S368			18	P8_D045405_B009854_S368	18_45_M	Marrow	False	1	False	P8_D045405_B009854_S368.mm10-plus-6-0	exact_library_id_plus_documented_alignment_suffix	P8_D045405_B009854_S368.mm10-plus-6-0-1	one_assay_suffix	18m	1	nan	CD4-positive, alpha-beta T cell	nan	BM CD4 T cell	facs	18_45_M	554741.0	1047.0	male	T cells	Marrow	nan	4	21
P9_B000236_B009007_S369	13.0	18.0	18	P9_B000236_B009007_S369	18_53_M	Thymus	True	17	True	P9_B000236_B009007_S369.mm10-plus-8-0	exact_library_id_plus_documented_alignment_suffix	P9_B000236_B009007_S369.mm10-plus-8-0-1	one_assay_suffix	18m	1	nan	DN4 thymocyte	nan	DN4 thymocyte	facs	18_53_M	1665131.0	1871.0	male	Thymus Flowthrough	Thymus	nan	6	5
P9_B000795_B008545_S369			18	P9_B000795_B008545_S369	18_47_F	MAT	False	1	False	P9_B000795_B008545_S369.mm10-plus-3-0	exact_library_id_plus_documented_alignment_suffix	P9_B000795_B008545_S369.mm10-plus-3-0-1	one_assay_suffix	18m	1	nan	CD8-positive, alpha-beta T cell	nan	nan	facs	18_47_F	263626.0	2358.0	female	Fat	MAT	nan	4	9
P9_B000814_B008548_S369			18	P9_B000814_B008548_S369	18_46_F	GAT	False	1	False	P9_B000814_B008548_S369.mm10-plus-6-0	exact_library_id_plus_documented_alignment_suffix	P9_B000814_B008548_S369.mm10-plus-6-0-1	one_assay_suffix	18m	1	nan	CD8-positive, alpha-beta T cell	nan	nan	facs	18_46_F	515721.0	1856.0	female	Fat	GAT	nan	4	9
P9_B001369_B009009_S369	21.0	10.0	18	P9_B001369_B009009_S369	18_47_F	Thymus	True	3	True	P9_B001369_B009009_S369.mm10-plus-7-0	exact_library_id_plus_documented_alignment_suffix	P9_B001369_B009009_S369.mm10-plus-7-0-1	one_assay_suffix	18m	1	nan	DN4 thymocyte	nan	DN4 thymocyte	facs	18_47_F	2494198.0	2427.0	female	Thymus Flowthrough	Thymus	nan	4	9
P9_B002452_B009020_S369	58.0	2.0	18	P9_B002452_B009020_S369	18_47_F	Spleen	True	1	False	P9_B002452_B009020_S369.mm10-plus-0-0	exact_library_id_plus_documented_alignment_suffix	P9_B002452_B009020_S369.mm10-plus-0-0-1	one_assay_suffix	18m	1	nan	CD8-positive, alpha-beta T cell	nan	nan	facs	18_47_F	4162981.0	2132.0	female	nan	Spleen	nan	4	9
P9_B002459_B007461_S369	25.0	4.0	18	P9_B002459_B007461_S369	18_46_F	Marrow	True	2	True	P9_B002459_B007461_S369.mm10-plus-8-0	exact_library_id_plus_documented_alignment_suffix	P9_B002459_B007461_S369.mm10-plus-8-0-1	one_assay_suffix	18m	1	nan	basophil	nan	basophil	facs	18_46_F	822550.0	3854.0	female	T cells	Marrow	nan	4	9
P9_B002828_B007462_S369	2.0	11.0	18	P9_B002828_B007462_S369	18_47_F	Marrow	True	11	True	P9_B002828_B007462_S369.mm10-plus-6-0	exact_library_id_plus_documented_alignment_suffix	P9_B002828_B007462_S369.mm10-plus-6-0-1	one_assay_suffix	18m	1	nan	CD4-positive, alpha-beta T cell	nan	BM CD4 T cell	facs	18_47_F	2163272.0	3523.0	female	T cells	Marrow	nan	4	21
P9_B003007_B009008_S369	46.0	5.0	18	P9_B003007_B009008_S369	18_46_F	Thymus	True	3	True	P9_B003007_B009008_S369.mm10-plus-7-0	exact_library_id_plus_documented_alignment_suffix	P9_B003007_B009008_S369.mm10-plus-7-0-1	one_assay_suffix	18m	1	nan	DN4 thymocyte	nan	DN4 thymocyte	facs	18_46_F	831156.0	1527.0	female	Thymus Flowthrough	Thymus	nan	4	9
P9_D045405_B009854_S369			18	P9_D045405_B009854_S369	18_45_M	Marrow	False	1	False	P9_D045405_B009854_S369.mm10-plus-6-0	exact_library_id_plus_documented_alignment_suffix	P9_D045405_B009854_S369.mm10-plus-6-0-1	one_assay_suffix	18m	1	nan	NK cell	nan	NK cell	facs	18_45_M	1250919.0	1595.0	male	T cells	Marrow	nan	40	47
A10_B000333_S154_L004			24	A10_B000333_S154_L004	24_60_M	MAT	False	1	False	A10_B000333_S154_L004.mus-0-0-1	exact_library_id_plus_documented_alignment_suffix	A10_B000333_S154_L004.mus-0-0-1-1	one_assay_suffix	24m	1	nan	CD4-positive, alpha-beta T cell	nan	nan	facs	24_60_M	322365.0	1378.0	male	Fat	MAT	nan	4	21
A10_B000830_S10_L004			24	A10_B000830_S10_L004	24_60_M	Thymus	False	1	False	A10_B000830_S10_L004.mus-8-0-1	exact_library_id_plus_documented_alignment_suffix	A10_B000830_S10_L004.mus-8-0-1-1	one_assay_suffix	24m	1	nan	DN4 thymocyte	nan	DN4 thymocyte	facs	24_60_M	1518026.0	2136.0	male	Flowthrough	Thymus	nan	4	9
A10_B001190_S46			24	A10_B001190_S46	24_58_M	MAT	False	1	False	A10_B001190_S46.mus-7-0-1	exact_library_id_plus_documented_alignment_suffix	A10_B001190_S46.mus-7-0-1-1	one_assay_suffix	24m	1	nan	T cell	nan	nan	facs	24_58_M	323531.0	1538.0	male	Fat	MAT	nan	4	21
A10_B001277_S10_L002			24	A10_B001277_S10_L002	24_61_M	Thymus	False	1	False	A10_B001277_S10_L002.mus-6-0-1	exact_library_id_plus_documented_alignment_suffix	A10_B001277_S10_L002.mus-6-0-1-1	one_assay_suffix	24m	1	nan	DN4 thymocyte	nan	DN4 thymocyte	facs	24_61_M	352600.0	1928.0	male	Flowthrough	Thymus	nan	6	5
A10_B001397_S178_L001			24	A10_B001397_S178_L001	24_59_M	Thymus	False	1	False	A10_B001397_S178_L001.mus-5-0-1	exact_library_id_plus_documented_alignment_suffix	A10_B001397_S178_L001.mus-5-0-1-1	one_assay_suffix	24m	1	nan	DN4 thymocyte	nan	DN4 thymocyte	facs	24_59_M	295975.0	2463.0	male	Flowthrough	Thymus	nan	6	5
A10_B002887_S94_L001			24	A10_B002887_S94_L001	24_58_M	BAT	False	1	False	A10_B002887_S94_L001.mus-4-0-1	exact_library_id_plus_documented_alignment_suffix	A10_B002887_S94_L001.mus-4-0-1-1	one_assay_suffix	24m	1	nan	T cell	nan	nan	facs	24_58_M	1246271.0	1388.0	male	Fat	BAT	nan	4	9
A11_B000830_S11_L004			24	A11_B000830_S11_L004	24_60_M	Thymus	False	1	False	A11_B000830_S11_L004.mus-8-0-1	exact_library_id_plus_documented_alignment_suffix	A11_B000830_S11_L004.mus-8-0-1-1	one_assay_suffix	24m	1	nan	DN4 thymocyte	nan	DN4 thymocyte	facs	24_60_M	137100.0	1697.0	male	Flowthrough	Thymus	nan	6	5
A11_B000834_S239_L004			24	A11_B000834_S239_L004	24_60_M	BAT	False	1	False	A11_B000834_S239_L004.mus-0-0-1	exact_library_id_plus_documented_alignment_suffix	A11_B000834_S239_L004.mus-0-0-1-1	one_assay_suffix	24m	1	nan	T cell	nan	nan	facs	24_60_M	57892.0	1054.0	male	Fat	BAT	nan	6	5
A11_B000851_S11_L004			24	A11_B000851_S11_L004	24_61_M	Spleen	False	1	False	A11_B000851_S11_L004.mus-6-0-1	exact_library_id_plus_documented_alignment_suffix	A11_B000851_S11_L004.mus-6-0-1-1	one_assay_suffix	24m	1	nan	CD8-positive, alpha-beta T cell	nan	nan	facs	24_61_M	559304.0	2894.0	male	nan	Spleen	nan	4	9
A11_B001261_S287_L003	35.0	5.0	24	A11_B001261_S287_L003	24_59_M	Kidney	True	5	True	A11_B001261_S287_L003.mus-2-0-1	exact_library_id_plus_documented_alignment_suffix	A11_B001261_S287_L003.mus-2-0-1-1	one_assay_suffix	24m	1	nan	T cell	nan	T cell	facs	24_59_M	1108295.0	1488.0	male	nan	Kidney	nan	4	9
A11_B001277_S11_L002			24	A11_B001277_S11_L002	24_61_M	Thymus	False	1	False	A11_B001277_S11_L002.mus-6-0-1	exact_library_id_plus_documented_alignment_suffix	A11_B001277_S11_L002.mus-6-0-1-1	one_assay_suffix	24m	1	nan	DN4 thymocyte	nan	DN4 thymocyte	facs	24_61_M	414173.0	1527.0	male	Flowthrough	Thymus	nan	4	21
A11_B002892_S35			24	A11_B002892_S35	24_58_M	Marrow	False	1	False	A11_B002892_S35.mus-7-0-1	exact_library_id_plus_documented_alignment_suffix	A11_B002892_S35.mus-7-0-1-1	one_assay_suffix	24m	1	nan	mature alpha-beta T cell	nan	BM CD8 + CD4 T cell	facs	24_58_M	168218.0	696.0	male	T-cells	Marrow	nan	4	9
A11_B003031_S107_L004			24	A11_B003031_S107_L004	24_60_M	Marrow	False	1	False	A11_B003031_S107_L004.mus-5-0-1	exact_library_id_plus_documented_alignment_suffix	A11_B003031_S107_L004.mus-5-0-1-1	one_assay_suffix	24m	1	nan	CD4-positive, alpha-beta T cell	nan	BM CD4 T cell	facs	24_60_M	56824.0	716.0	male	T-cells	Marrow	nan	4	21
A12_B001183_S252_L003			24	A12_B001183_S252_L003	24_59_M	MAT	False	1	False	A12_B001183_S252_L003.mus-1-0-1	exact_library_id_plus_documented_alignment_suffix	A12_B001183_S252_L003.mus-1-0-1-1	one_assay_suffix	24m	1	nan	T cell	nan	nan	facs	24_59_M	1562372.0	1649.0	male	Fat	MAT	nan	4	21
A12_B001190_S48			24	A12_B001190_S48	24_58_M	MAT	False	1	False	A12_B001190_S48.mus-7-0-1	exact_library_id_plus_documented_alignment_suffix	A12_B001190_S48.mus-7-0-1-1	one_assay_suffix	24m	1	nan	CD8-positive, alpha-beta T cell	nan	nan	facs	24_58_M	571047.0	2078.0	male	Fat	MAT	nan	4	9
A12_B001386_S252_L003			24	A12_B001386_S252_L003	24_58_M	Liver	False	1	False	A12_B001386_S252_L003.mus-2-0-1	exact_library_id_plus_documented_alignment_suffix	A12_B001386_S252_L003.mus-2-0-1-1	one_assay_suffix	24m	1	nan	T cell	nan	nan	facs	24_58_M	1087989.0	1623.0	male	Non-hepatocytes	Liver	nan	6	5
A12_B001397_S180_L001			24	A12_B001397_S180_L001	24_59_M	Thymus	False	1	False	A12_B001397_S180_L001.mus-5-0-1	exact_library_id_plus_documented_alignment_suffix	A12_B001397_S180_L001.mus-5-0-1-1	one_assay_suffix	24m	1	nan	thymocyte	nan	proliferating thymocyte; DN to DP transition, dividing (some are Cd8+/ Cd4+, some undergoing VDJ recombination)	facs	24_59_M	403921.0	2635.0	male	Flowthrough	Thymus	nan	21	23
A12_B002892_S36			24	A12_B002892_S36	24_58_M	Marrow	False	1	False	A12_B002892_S36.mus-7-0-1	exact_library_id_plus_documented_alignment_suffix	A12_B002892_S36.mus-7-0-1-1	one_assay_suffix	24m	1	nan	CD4-positive, alpha-beta T cell	nan	BM CD4 T cell	facs	24_58_M	265207.0	698.0	male	T-cells	Marrow	nan	4	21
A12_B002907_S36_L003			24	A12_B002907_S36_L003	24_59_M	SCAT	False	1	False	A12_B002907_S36_L003.mus-1-0-1	exact_library_id_plus_documented_alignment_suffix	A12_B002907_S36_L003.mus-1-0-1-1	one_assay_suffix	24m	1	nan	epithelial cell	nan	nan	facs	24_59_M	483298.0	2921.0	male	Fat	SCAT	nan	40	47
A13_B000331_S13_L004	78.0	4.0	24	A13_B000331_S13_L004	24_61_M	GAT	True	4	True	A13_B000331_S13_L004.mus-6-0-1	exact_library_id_plus_documented_alignment_suffix	A13_B000331_S13_L004.mus-6-0-1-1	one_assay_suffix	24m	1	nan	CD8-positive, alpha-beta T cell	nan	nan	facs	24_61_M	149013.0	1468.0	male	Fat	GAT	nan	4	9
A13_B000848_S289_L003			24	A13_B000848_S289_L003	24_60_M	Spleen	False	1	False	A13_B000848_S289_L003.mus-5-0-1	exact_library_id_plus_documented_alignment_suffix	A13_B000848_S289_L003.mus-5-0-1-1	one_assay_suffix	24m	1	nan	CD4-positive, alpha-beta T cell	nan	nan	facs	24_60_M	460601.0	1887.0	male	nan	Spleen	nan	4	9
A13_B000851_S13_L004			24	A13_B000851_S13_L004	24_61_M	Spleen	False	1	False	A13_B000851_S13_L004.mus-6-0-1	exact_library_id_plus_documented_alignment_suffix	A13_B000851_S13_L004.mus-6-0-1-1	one_assay_suffix	24m	1	nan	CD8-positive, alpha-beta T cell	nan	nan	facs	24_61_M	68978.0	1753.0	male	nan	Spleen	nan	4	9
A13_B001183_S253_L003			24	A13_B001183_S253_L003	24_59_M	MAT	False	1	False	A13_B001183_S253_L003.mus-1-0-1	exact_library_id_plus_documented_alignment_suffix	A13_B001183_S253_L003.mus-1-0-1-1	one_assay_suffix	24m	1	nan	CD8-positive, alpha-beta T cell	nan	nan	facs	24_59_M	1198905.0	1945.0	male	Fat	MAT	nan	4	9
A13_B001385_S85_L003			24	A13_B001385_S85_L003	24_58_M	Thymus	False	1	False	A13_B001385_S85_L003.mus-4-0-1	exact_library_id_plus_documented_alignment_suffix	A13_B001385_S85_L003.mus-4-0-1-1	one_assay_suffix	24m	1	nan	thymocyte	nan	proliferating thymocyte; DN to DP transition, dividing (some are Cd8+/ Cd4+, some undergoing VDJ recombination)	facs	24_58_M	485523.0	2418.0	male	Flowthrough	Thymus	nan	21	23
A13_B001397_S181_L001			24	A13_B001397_S181_L001	24_59_M	Thymus	False	1	False	A13_B001397_S181_L001.mus-5-0-1	exact_library_id_plus_documented_alignment_suffix	A13_B001397_S181_L001.mus-5-0-1-1	one_assay_suffix	24m	1	nan	thymocyte	nan	proliferating thymocyte; DN to DP transition, dividing (some are Cd8+/ Cd4+, some undergoing VDJ recombination)	facs	24_59_M	1276249.0	4519.0	male	Flowthrough	Thymus	nan	21	23
A13_B002887_S97_L001			24	A13_B002887_S97_L001	24_58_M	BAT	False	1	False	A13_B002887_S97_L001.mus-4-0-1	exact_library_id_plus_documented_alignment_suffix	A13_B002887_S97_L001.mus-4-0-1-1	one_assay_suffix	24m	1	nan	T cell	nan	nan	facs	24_58_M	135140.0	975.0	male	Fat	BAT	nan	4	9
A13_B002892_S37			24	A13_B002892_S37	24_58_M	Marrow	False	1	False	A13_B002892_S37.mus-7-0-1	exact_library_id_plus_documented_alignment_suffix		unmatched																
A14_B000331_S14_L004			24	A14_B000331_S14_L004	24_61_M	GAT	False	1	False	A14_B000331_S14_L004.mus-6-0-1	exact_library_id_plus_documented_alignment_suffix	A14_B000331_S14_L004.mus-6-0-1-1	one_assay_suffix	24m	1	nan	CD8-positive, alpha-beta T cell	nan	nan	facs	24_61_M	116274.0	1199.0	male	Fat	GAT	nan	4	9
A14_B000333_S158_L004			24	A14_B000333_S158_L004	24_60_M	MAT	False	1	False	A14_B000333_S158_L004.mus-0-0-1	exact_library_id_plus_documented_alignment_suffix	A14_B000333_S158_L004.mus-0-0-1-1	one_assay_suffix	24m	1	nan	CD4-positive, alpha-beta T cell	nan	nan	facs	24_60_M	52768.0	1001.0	male	Fat	MAT	nan	6	5
A14_B001183_S254_L003			24	A14_B001183_S254_L003	24_59_M	MAT	False	1	False	A14_B001183_S254_L003.mus-1-0-1	exact_library_id_plus_documented_alignment_suffix	A14_B001183_S254_L003.mus-1-0-1-1	one_assay_suffix	24m	1	nan	CD4-positive, alpha-beta T cell	nan	nan	facs	24_59_M	1350900.0	1404.0	male	Fat	MAT	nan	6	5
A14_B002887_S98_L001			24	A14_B002887_S98_L001	24_58_M	BAT	False	1	False	A14_B002887_S98_L001.mus-4-0-1	exact_library_id_plus_documented_alignment_suffix	A14_B002887_S98_L001.mus-4-0-1-1	one_assay_suffix	24m	1	nan	T cell	nan	nan	facs	24_58_M	303921.0	970.0	male	Fat	BAT	nan	4	21
A15_B000848_S291_L003			24	A15_B000848_S291_L003	24_60_M	Spleen	False	1	False	A15_B000848_S291_L003.mus-5-0-1	exact_library_id_plus_documented_alignment_suffix	A15_B000848_S291_L003.mus-5-0-1-1	one_assay_suffix	24m	1	nan	CD4-positive, alpha-beta T cell	nan	Cd3e T cell	facs	24_60_M	721179.0	2246.0	male	nan	Spleen	nan	4	21
A15_B001183_S255_L003			24	A15_B001183_S255_L003	24_59_M	MAT	False	1	False	A15_B001183_S255_L003.mus-1-0-1	exact_library_id_plus_documented_alignment_suffix	A15_B001183_S255_L003.mus-1-0-1-1	one_assay_suffix	24m	1	nan	CD8-positive, alpha-beta T cell	nan	nan	facs	24_59_M	1221938.0	1583.0	male	Fat	MAT	nan	4	5
A15_B001190_S51			24	A15_B001190_S51	24_58_M	MAT	False	1	False	A15_B001190_S51.mus-7-0-1	exact_library_id_plus_documented_alignment_suffix	A15_B001190_S51.mus-7-0-1-1	one_assay_suffix	24m	1	nan	CD8-positive, alpha-beta T cell	nan	nan	facs	24_58_M	409773.0	1477.0	male	Fat	MAT	nan	4	9
A15_B001265_S3_L002			24	A15_B001265_S3_L002	24_59_M	Spleen	False	1	False	A15_B001265_S3_L002.mus-2-0-1	exact_library_id_plus_documented_alignment_suffix	A15_B001265_S3_L002.mus-2-0-1-1	one_assay_suffix	24m	1	nan	CD8-positive, alpha-beta T cell	nan	nan	facs	24_59_M	1641231.0	2003.0	male	nan	Spleen	nan	4	9
A15_B001277_S15_L002			24	A15_B001277_S15_L002	24_61_M	Thymus	False	1	False	A15_B001277_S15_L002.mus-6-0-1	exact_library_id_plus_documented_alignment_suffix	A15_B001277_S15_L002.mus-6-0-1-1	one_assay_suffix	24m	1	nan	thymocyte	nan	proliferating thymocyte; DN to DP transition, dividing (some are Cd8+/ Cd4+, some undergoing VDJ recombination)	facs	24_61_M	621323.0	2429.0	male	Flowthrough	Thymus	nan	21	23
A15_B001385_S87_L003			24	A15_B001385_S87_L003	24_58_M	Thymus	False	1	False	A15_B001385_S87_L003.mus-4-0-1	exact_library_id_plus_documented_alignment_suffix	A15_B001385_S87_L003.mus-4-0-1-1	one_assay_suffix	24m	1	nan	thymocyte	nan	proliferating thymocyte; DN to DP transition, dividing (some are Cd8+/ Cd4+, some undergoing VDJ recombination)	facs	24_58_M	642719.0	2637.0	male	Flowthrough	Thymus	nan	21	23
A15_B001397_S183_L001			24	A15_B001397_S183_L001	24_59_M	Thymus	False	1	False	A15_B001397_S183_L001.mus-5-0-1	exact_library_id_plus_documented_alignment_suffix	A15_B001397_S183_L001.mus-5-0-1-1	one_assay_suffix	24m	1	nan	thymocyte	nan	proliferating thymocyte; DN to DP transition, dividing (some are Cd8+/ Cd4+, some undergoing VDJ recombination)	facs	24_59_M	713181.0	3839.0	male	Flowthrough	Thymus	nan	21	23
A15_B002257_S15_L001	30.0	4.0	24	A15_B002257_S15_L001	24_61_M	Marrow	True	4	True	A15_B002257_S15_L001.mus-6-0-1	exact_library_id_plus_documented_alignment_suffix	A15_B002257_S15_L001.mus-6-0-1-1	one_assay_suffix	24m	1	nan	mature alpha-beta T cell	nan	BM CD8 + CD4 T cell	facs	24_61_M	137600.0	1496.0	male	B-cells	Marrow	nan	4	9
A15_B002949_S87_L002			24	A15_B002949_S87_L002	24_59_M	Marrow	False	1	False	A15_B002949_S87_L002.mus-5-0-1	exact_library_id_plus_documented_alignment_suffix	A15_B002949_S87_L002.mus-5-0-1-1	one_assay_suffix	24m	1	nan	CD4-positive, alpha-beta T cell	nan	BM CD4 T cell	facs	24_59_M	179766.0	819.0	male	T-cells	Marrow	nan	4	21
A15_B003902_S135_L002			24	A15_B003902_S135_L002	24_59_M	Liver	False	1	False	A15_B003902_S135_L002.mus-2-0-1	exact_library_id_plus_documented_alignment_suffix	A15_B003902_S135_L002.mus-2-0-1-1	one_assay_suffix	24m	1	nan	CD8-positive, alpha-beta T cell	nan	nan	facs	24_59_M	733431.0	1148.0	male	Non-hepatocytes	Liver	nan	4	9
A16_B000333_S160_L004			24	A16_B000333_S160_L004	24_60_M	MAT	False	1	False	A16_B000333_S160_L004.mus-0-0-1	exact_library_id_plus_documented_alignment_suffix	A16_B000333_S160_L004.mus-0-0-1-1	one_assay_suffix	24m	1	nan	CD8-positive, alpha-beta T cell	nan	nan	facs	24_60_M	413969.0	1751.0	male	Fat	MAT	nan	4	9
A16_B000848_S292_L003			24	A16_B000848_S292_L003	24_60_M	Spleen	False	1	False	A16_B000848_S292_L003.mus-5-0-1	exact_library_id_plus_documented_alignment_suffix	A16_B000848_S292_L003.mus-5-0-1-1	one_assay_suffix	24m	1	nan	CD4-positive, alpha-beta T cell	nan	Cd3e T cell	facs	24_60_M	382926.0	1439.0	male	nan	Spleen	nan	4	21
A16_B001183_S256_L003			24	A16_B001183_S256_L003	24_59_M	MAT	False	1	False	A16_B001183_S256_L003.mus-1-0-1	exact_library_id_plus_documented_alignment_suffix	A16_B001183_S256_L003.mus-1-0-1-1	one_assay_suffix	24m	1	nan	CD4-positive, alpha-beta T cell	nan	nan	facs	24_59_M	1661460.0	1484.0	male	Fat	MAT	nan	6	5
A16_B001385_S88_L003			24	A16_B001385_S88_L003	24_58_M	Thymus	False	1	False	A16_B001385_S88_L003.mus-4-0-1	exact_library_id_plus_documented_alignment_suffix	A16_B001385_S88_L003.mus-4-0-1-1	one_assay_suffix	24m	1	nan	thymocyte	nan	proliferating thymocyte; DN to DP transition, dividing (some are Cd8+/ Cd4+, some undergoing VDJ recombination)	facs	24_58_M	1768561.0	3487.0	male	Flowthrough	Thymus	nan	21	23
A16_B001397_S184_L001			24	A16_B001397_S184_L001	24_59_M	Thymus	False	1	False	A16_B001397_S184_L001.mus-5-0-1	exact_library_id_plus_documented_alignment_suffix	A16_B001397_S184_L001.mus-5-0-1-1	one_assay_suffix	24m	1	nan	thymocyte	nan	DN to DP transition (most are Cd8+/ Cd4+, some undergoing VDJ recombination)	facs	24_59_M	214061.0	2134.0	male	Flowthrough	Thymus	nan	21	23
A16_B002892_S40			24	A16_B002892_S40	24_58_M	Marrow	False	1	False	A16_B002892_S40.mus-7-0-1	exact_library_id_plus_documented_alignment_suffix	A16_B002892_S40.mus-7-0-1-1	one_assay_suffix	24m	1	nan	NK cell	nan	NK cell	facs	24_58_M	827655.0	1783.0	male	T-cells	Marrow	nan	40	47
A17_B001397_S185_L001			24	A17_B001397_S185_L001	24_59_M	Thymus	False	1	False	A17_B001397_S185_L001.mus-5-0-1	exact_library_id_plus_documented_alignment_suffix	A17_B001397_S185_L001.mus-5-0-1-1	one_assay_suffix	24m	1	nan	thymocyte	nan	proliferating thymocyte; DN to DP transition, dividing (some are Cd8+/ Cd4+, some undergoing VDJ recombination)	facs	24_59_M	2376029.0	4141.0	male	Flowthrough	Thymus	nan	21	23
A17_B002892_S41	69.0	2.0	24	A17_B002892_S41	24_58_M	Marrow	True	2	True	A17_B002892_S41.mus-7-0-1	exact_library_id_plus_documented_alignment_suffix	A17_B002892_S41.mus-7-0-1-1	one_assay_suffix	24m	1	nan	NK cell	nan	Klrb1a/b/c(-) NK cell	facs	24_58_M	1540589.0	1676.0	male	T-cells	Marrow	nan	11	7
A17_B003031_S113_L004			24	A17_B003031_S113_L004	24_60_M	Marrow	False	1	False	A17_B003031_S113_L004.mus-5-0-1	exact_library_id_plus_documented_alignment_suffix	A17_B003031_S113_L004.mus-5-0-1-1	one_assay_suffix	24m	1	nan	promonocyte	nan	monocyte + promonocyte	facs	24_60_M	102043.0	2374.0	male	T-cells	Marrow	nan	2	17
A17_B003902_S137_L002	14.0	6.0	24	A17_B003902_S137_L002	24_59_M	Liver	True	6	True	A17_B003902_S137_L002.mus-2-0-1	exact_library_id_plus_documented_alignment_suffix	A17_B003902_S137_L002.mus-2-0-1-1	one_assay_suffix	24m	1	nan	mature NK T cell	nan	nan	facs	24_59_M	245170.0	1215.0	male	Non-hepatocytes	Liver	nan	4	21
A18_B000848_S294_L003			24	A18_B000848_S294_L003	24_60_M	Spleen	False	1	False	A18_B000848_S294_L003.mus-5-0-1	exact_library_id_plus_documented_alignment_suffix	A18_B000848_S294_L003.mus-5-0-1-1	one_assay_suffix	24m	1	nan	CD4-positive, alpha-beta T cell	nan	Cd3e T cell	facs	24_60_M	230422.0	1084.0	male	nan	Spleen	nan	4	21
A18_B001385_S90_L003			24	A18_B001385_S90_L003	24_58_M	Thymus	False	1	False	A18_B001385_S90_L003.mus-4-0-1	exact_library_id_plus_documented_alignment_suffix	A18_B001385_S90_L003.mus-4-0-1-1	one_assay_suffix	24m	1	nan	thymocyte	nan	proliferating thymocyte; DN to DP transition, dividing (some are Cd8+/ Cd4+, some undergoing VDJ recombination)	facs	24_58_M	1766973.0	3728.0	male	Flowthrough	Thymus	nan	21	23
A18_B001397_S186_L001			24	A18_B001397_S186_L001	24_59_M	Thymus	False	1	False	A18_B001397_S186_L001.mus-5-0-1	exact_library_id_plus_documented_alignment_suffix	A18_B001397_S186_L001.mus-5-0-1-1	one_assay_suffix	24m	1	nan	thymocyte	nan	proliferating thymocyte; DN to DP transition, dividing (some are Cd8+/ Cd4+, some undergoing VDJ recombination)	facs	24_59_M	1677451.0	4171.0	male	Flowthrough	Thymus	nan	21	23
A18_B003031_S114_L004			24	A18_B003031_S114_L004	24_60_M	Marrow	False	1	False	A18_B003031_S114_L004.mus-5-0-1	exact_library_id_plus_documented_alignment_suffix	A18_B003031_S114_L004.mus-5-0-1-1	one_assay_suffix	24m	1	nan	CD4-positive, alpha-beta T cell	nan	BM CD4 T cell	facs	24_60_M	22931.0	843.0	male	T-cells	Marrow	nan	4	21
A18_B003234_S78_L004			24	A18_B003234_S78_L004	24_60_M	Lung	False	1	False	A18_B003234_S78_L004.mus-5-0-1	exact_library_id_plus_documented_alignment_suffix	A18_B003234_S78_L004.mus-5-0-1-1	one_assay_suffix	24m	1	nan	CD8-positive, alpha-beta T cell	nan	CD8+ T	facs	24_60_M	429308.0	1629.0	male	EPCAM	Lung	nan	6	5
A19_B002892_S43	94.0	2.0	24	A19_B002892_S43	24_58_M	Marrow	True	2	True	A19_B002892_S43.mus-7-0-1	exact_library_id_plus_documented_alignment_suffix	A19_B002892_S43.mus-7-0-1-1	one_assay_suffix	24m	1	nan	mature alpha-beta T cell	nan	BM CD8 + CD4 T cell	facs	24_58_M	390639.0	654.0	male	T-cells	Marrow	nan	4	9
A19_B002946_S55_L002			24	A19_B002946_S55_L002	24_58_M	Lung	False	1	False	A19_B002946_S55_L002.mus-4-0-1	exact_library_id_plus_documented_alignment_suffix	A19_B002946_S55_L002.mus-4-0-1-1	one_assay_suffix	24m	1	nan	CD8-positive, alpha-beta T cell	nan	CD8+ T	facs	24_58_M	337815.0	1338.0	male	EPCAM	Lung	nan	4	9
A19_B002949_S91_L002			24	A19_B002949_S91_L002	24_59_M	Marrow	False	1	False	A19_B002949_S91_L002.mus-5-0-1	exact_library_id_plus_documented_alignment_suffix	A19_B002949_S91_L002.mus-5-0-1-1	one_assay_suffix	24m	1	nan	mature alpha-beta T cell	nan	BM CD8 + CD4 T cell	facs	24_59_M	610936.0	1054.0	male	T-cells	Marrow	nan	4	9
A1_B001263_S169			24	A1_B001263_S169	24_58_M	Spleen	False	1	False	A1_B001263_S169.mus-7-0-1	exact_library_id_plus_documented_alignment_suffix	A1_B001263_S169.mus-7-0-1-1	one_assay_suffix	24m	1	nan	CD8-positive, alpha-beta T cell	nan	nan	facs	24_58_M	235910.0	1854.0	male	nan	Spleen	nan	4	9
A1_B001277_S1_L002			24	A1_B001277_S1_L002	24_61_M	Thymus	False	1	False	A1_B001277_S1_L002.mus-6-0-1	exact_library_id_plus_documented_alignment_suffix	A1_B001277_S1_L002.mus-6-0-1-1	one_assay_suffix	24m	1	nan	DN4 thymocyte	nan	DN4 thymocyte	facs	24_61_M	495181.0	2030.0	male	Flowthrough	Thymus	nan	4	9
A1_B001385_S73_L003			24	A1_B001385_S73_L003	24_58_M	Thymus	False	1	False	A1_B001385_S73_L003.mus-4-0-1	exact_library_id_plus_documented_alignment_suffix	A1_B001385_S73_L003.mus-4-0-1-1	one_assay_suffix	24m	1	nan	DN4 thymocyte	nan	DN4 thymocyte	facs	24_58_M	440299.0	2080.0	male	Flowthrough	Thymus	nan	4	9
A20_B001397_S188_L001			24	A20_B001397_S188_L001	24_59_M	Thymus	False	1	False	A20_B001397_S188_L001.mus-5-0-1	exact_library_id_plus_documented_alignment_suffix	A20_B001397_S188_L001.mus-5-0-1-1	one_assay_suffix	24m	1	nan	thymocyte	nan	proliferating thymocyte; DN to DP transition, dividing (some are Cd8+/ Cd4+, some undergoing VDJ recombination)	facs	24_59_M	1174333.0	3469.0	male	Flowthrough	Thymus	nan	21	23
A20_B008782_S212_L004	82.0	3.0	24	A20_B008782_S212_L004	24_59_M	Liver	True	3	True	A20_B008782_S212_L004.mus-1-0-1	exact_library_id_plus_documented_alignment_suffix	A20_B008782_S212_L004.mus-1-0-1-1	one_assay_suffix	24m	1	nan	Kupffer cell	nan	Kupffer cell	facs	24_59_M	5243086.0	7866.0	male	Hepatocytes	Liver	nan	36	33
A21_B001277_S21_L002			24	A21_B001277_S21_L002	24_61_M	Thymus	False	1	False	A21_B001277_S21_L002.mus-6-0-1	exact_library_id_plus_documented_alignment_suffix	A21_B001277_S21_L002.mus-6-0-1-1	one_assay_suffix	24m	1	nan	thymocyte	nan	proliferating thymocyte; DN to DP transition, dividing (some are Cd8+/ Cd4+, some undergoing VDJ recombination)	facs	24_61_M	2336570.0	4938.0	male	Flowthrough	Thymus	nan	21	23
A21_B001385_S93_L003			24	A21_B001385_S93_L003	24_58_M	Thymus	False	1	False	A21_B001385_S93_L003.mus-4-0-1	exact_library_id_plus_documented_alignment_suffix	A21_B001385_S93_L003.mus-4-0-1-1	one_assay_suffix	24m	1	nan	thymocyte	nan	proliferating thymocyte; DN to DP transition, dividing (some are Cd8+/ Cd4+, some undergoing VDJ recombination)	facs	24_58_M	763339.0	2319.0	male	Flowthrough	Thymus	nan	21	23
A21_B001397_S189_L001			24	A21_B001397_S189_L001	24_59_M	Thymus	False	1	False	A21_B001397_S189_L001.mus-5-0-1	exact_library_id_plus_documented_alignment_suffix	A21_B001397_S189_L001.mus-5-0-1-1	one_assay_suffix	24m	1	nan	thymocyte	nan	proliferating thymocyte; DN to DP transition, dividing (some are Cd8+/ Cd4+, some undergoing VDJ recombination)	facs	24_59_M	3859529.0	4969.0	male	Flowthrough	Thymus	nan	21	23
A21_B002946_S57_L002			24	A21_B002946_S57_L002	24_58_M	Lung	False	1	False	A21_B002946_S57_L002.mus-4-0-1	exact_library_id_plus_documented_alignment_suffix	A21_B002946_S57_L002.mus-4-0-1-1	one_assay_suffix	24m	1	nan	T cell	nan	Ly6g5b+ T	facs	24_58_M	255525.0	1405.0	male	EPCAM	Lung	nan	4	9
A22_B001263_S190			24	A22_B001263_S190	24_58_M	Spleen	False	1	False	A22_B001263_S190.mus-7-0-1	exact_library_id_plus_documented_alignment_suffix	A22_B001263_S190.mus-7-0-1-1	one_assay_suffix	24m	1	nan	CD8-positive, alpha-beta T cell	nan	nan	facs	24_58_M	649020.0	1242.0	male	nan	Spleen	nan	4	9
A2_B001277_S2_L002	68.0	2.0	24	A2_B001277_S2_L002	24_61_M	Thymus	True	2	True	A2_B001277_S2_L002.mus-6-0-1	exact_library_id_plus_documented_alignment_suffix	A2_B001277_S2_L002.mus-6-0-1-1	one_assay_suffix	24m	1	nan	DN4 thymocyte	nan	DN4 thymocyte	facs	24_61_M	378684.0	1335.0	male	Flowthrough	Thymus	nan	4	21
A2_B001397_S170_L001	23.0	2.0	24	A2_B001397_S170_L001	24_59_M	Thymus	True	2	True	A2_B001397_S170_L001.mus-5-0-1	exact_library_id_plus_documented_alignment_suffix	A2_B001397_S170_L001.mus-5-0-1-1	one_assay_suffix	24m	1	nan	DN4 thymocyte	nan	DN4 thymocyte	facs	24_59_M	1331340.0	2873.0	male	Flowthrough	Thymus	nan	4	21
A2_B002875_S170_L001			24	A2_B002875_S170_L001	24_59_M	Lung	False	1	False	A2_B002875_S170_L001.mus-2-0-1	exact_library_id_plus_documented_alignment_suffix	A2_B002875_S170_L001.mus-2-0-1-1	one_assay_suffix	24m	1	nan	regulatory T cell	nan	Regulatory T	facs	24_59_M	678946.0	1403.0	male	EPCAM	Lung	nan	4	21
A2_B002990_S2_L003	67.0	5.0	24	A2_B002990_S2_L003	24_61_M	Trachea	True	5	True	A2_B002990_S2_L003.mus-6-0-1	exact_library_id_plus_documented_alignment_suffix	A2_B002990_S2_L003.mus-6-0-1-1	one_assay_suffix	24m	1	nan	T cell	nan	nan	facs	24_61_M	55481.0	2987.0	male	nan	Trachea	nan	4	21
A3_B000848_S279_L003			24	A3_B000848_S279_L003	24_60_M	Spleen	False	1	False	A3_B000848_S279_L003.mus-5-0-1	exact_library_id_plus_documented_alignment_suffix	A3_B000848_S279_L003.mus-5-0-1-1	one_assay_suffix	24m	1	nan	CD4-positive, alpha-beta T cell	nan	Cd3e T cell	facs	24_60_M	1178000.0	2562.0	male	nan	Spleen	nan	4	21
A3_B001263_S171	101.0	2.0	24	A3_B001263_S171	24_58_M	Spleen	True	2	True	A3_B001263_S171.mus-7-0-1	exact_library_id_plus_documented_alignment_suffix	A3_B001263_S171.mus-7-0-1-1	one_assay_suffix	24m	1	nan	CD8-positive, alpha-beta T cell	nan	nan	facs	24_58_M	720529.0	1768.0	male	nan	Spleen	nan	4	9
A3_B001277_S3_L002	15.0	15.0	24	A3_B001277_S3_L002	24_61_M	Thymus	True	15	True	A3_B001277_S3_L002.mus-6-0-1	exact_library_id_plus_documented_alignment_suffix	A3_B001277_S3_L002.mus-6-0-1-1	one_assay_suffix	24m	1	nan	DN4 thymocyte	nan	DN4 thymocyte	facs	24_61_M	788840.0	2357.0	male	Flowthrough	Thymus	nan	4	9
A3_B001385_S75_L003			24	A3_B001385_S75_L003	24_58_M	Thymus	False	1	False	A3_B001385_S75_L003.mus-4-0-1	exact_library_id_plus_documented_alignment_suffix	A3_B001385_S75_L003.mus-4-0-1-1	one_assay_suffix	24m	1	nan	DN4 thymocyte	nan	DN4 thymocyte	facs	24_58_M	979620.0	2365.0	male	Flowthrough	Thymus	nan	6	5
A3_B001397_S171_L001			24	A3_B001397_S171_L001	24_59_M	Thymus	False	1	False	A3_B001397_S171_L001.mus-5-0-1	exact_library_id_plus_documented_alignment_suffix	A3_B001397_S171_L001.mus-5-0-1-1	one_assay_suffix	24m	1	nan	DN4 thymocyte	nan	DN4 thymocyte	facs	24_59_M	1370633.0	2850.0	male	Flowthrough	Thymus	nan	6	5
A3_B002875_S171_L001	14.0	6.0	24	A3_B002875_S171_L001	24_59_M	Lung	True	6	True	A3_B002875_S171_L001.mus-2-0-1	exact_library_id_plus_documented_alignment_suffix	A3_B002875_S171_L001.mus-2-0-1-1	one_assay_suffix	24m	1	nan	T cell	nan	Ly6g5b+ T	facs	24_59_M	394143.0	1316.0	male	EPCAM	Lung	nan	4	21
A4_B001385_S76_L003			24	A4_B001385_S76_L003	24_58_M	Thymus	False	1	False	A4_B001385_S76_L003.mus-4-0-1	exact_library_id_plus_documented_alignment_suffix	A4_B001385_S76_L003.mus-4-0-1-1	one_assay_suffix	24m	1	nan	DN4 thymocyte	nan	DN4 thymocyte	facs	24_58_M	447407.0	1760.0	male	Flowthrough	Thymus	nan	6	5
A4_B001397_S172_L001			24	A4_B001397_S172_L001	24_59_M	Thymus	False	1	False	A4_B001397_S172_L001.mus-5-0-1	exact_library_id_plus_documented_alignment_suffix	A4_B001397_S172_L001.mus-5-0-1-1	one_assay_suffix	24m	1	nan	DN4 thymocyte	nan	DN4 thymocyte	facs	24_59_M	390351.0	1920.0	male	Flowthrough	Thymus	nan	6	5
A4_B003902_S124_L002			24	A4_B003902_S124_L002	24_59_M	Liver	False	1	False	A4_B003902_S124_L002.mus-2-0-1	exact_library_id_plus_documented_alignment_suffix	A4_B003902_S124_L002.mus-2-0-1-1	one_assay_suffix	24m	1	nan	mature NK T cell	nan	nan	facs	24_59_M	6120868.0	861.0	male	Non-hepatocytes	Liver	nan	4	9
A5_B001277_S5_L002			24	A5_B001277_S5_L002	24_61_M	Thymus	False	1	False	A5_B001277_S5_L002.mus-6-0-1	exact_library_id_plus_documented_alignment_suffix	A5_B001277_S5_L002.mus-6-0-1-1	one_assay_suffix	24m	1	nan	DN4 thymocyte	nan	DN4 thymocyte	facs	24_61_M	511944.0	1999.0	male	Flowthrough	Thymus	nan	4	9
A5_B001385_S77_L003			24	A5_B001385_S77_L003	24_58_M	Thymus	False	1	False	A5_B001385_S77_L003.mus-4-0-1	exact_library_id_plus_documented_alignment_suffix	A5_B001385_S77_L003.mus-4-0-1-1	one_assay_suffix	24m	1	nan	DN4 thymocyte	nan	DN4 thymocyte	facs	24_58_M	960455.0	2155.0	male	Flowthrough	Thymus	nan	6	5
A5_B001397_S173_L001			24	A5_B001397_S173_L001	24_59_M	Thymus	False	1	False	A5_B001397_S173_L001.mus-5-0-1	exact_library_id_plus_documented_alignment_suffix	A5_B001397_S173_L001.mus-5-0-1-1	one_assay_suffix	24m	1	nan	DN4 thymocyte	nan	DN4 thymocyte	facs	24_59_M	1740998.0	3516.0	male	Flowthrough	Thymus	nan	4	21
A5_B002988_S17_L004			24	A5_B002988_S17_L004	24_60_M	Trachea	False	1	False	A5_B002988_S17_L004.mus-5-0-1	exact_library_id_plus_documented_alignment_suffix	A5_B002988_S17_L004.mus-5-0-1-1	one_assay_suffix	24m	1	nan	T cell	nan	nan	facs	24_60_M	1214897.0	1814.0	male	nan	Trachea	nan	4	21
A6_B001277_S6_L002			24	A6_B001277_S6_L002	24_61_M	Thymus	False	1	False	A6_B001277_S6_L002.mus-6-0-1	exact_library_id_plus_documented_alignment_suffix	A6_B001277_S6_L002.mus-6-0-1-1	one_assay_suffix	24m	1	nan	DN4 thymocyte	nan	DN4 thymocyte	facs	24_61_M	864950.0	2223.0	male	Flowthrough	Thymus	nan	6	5
A6_B001385_S78_L003			24	A6_B001385_S78_L003	24_58_M	Thymus	False	1	False	A6_B001385_S78_L003.mus-4-0-1	exact_library_id_plus_documented_alignment_suffix	A6_B001385_S78_L003.mus-4-0-1-1	one_assay_suffix	24m	1	nan	DN4 thymocyte	nan	DN4 thymocyte	facs	24_58_M	655934.0	1949.0	male	Flowthrough	Thymus	nan	6	5
A6_B002949_S78_L002	1.0	2.0	24	A6_B002949_S78_L002	24_59_M	Marrow	True	2	True	A6_B002949_S78_L002.mus-5-0-1	exact_library_id_plus_documented_alignment_suffix	A6_B002949_S78_L002.mus-5-0-1-1	one_assay_suffix	24m	1	nan	CD4-positive, alpha-beta T cell	nan	BM CD4 T cell	facs	24_59_M	1002515.0	1329.0	male	T-cells	Marrow	nan	4	21
A7_B000830_S7_L004			24	A7_B000830_S7_L004	24_60_M	Thymus	False	1	False	A7_B000830_S7_L004.mus-8-0-1	exact_library_id_plus_documented_alignment_suffix	A7_B000830_S7_L004.mus-8-0-1-1	one_assay_suffix	24m	1	nan	DN4 thymocyte	nan	DN4 thymocyte	facs	24_60_M	699180.0	1463.0	male	Flowthrough	Thymus	nan	6	5
A7_B001277_S7_L002			24	A7_B001277_S7_L002	24_61_M	Thymus	False	1	False	A7_B001277_S7_L002.mus-6-0-1	exact_library_id_plus_documented_alignment_suffix	A7_B001277_S7_L002.mus-6-0-1-1	one_assay_suffix	24m	1	nan	DN4 thymocyte	nan	DN4 thymocyte	facs	24_61_M	443396.0	1547.0	male	Flowthrough	Thymus	nan	4	21
A8_B000848_S284_L003			24	A8_B000848_S284_L003	24_60_M	Spleen	False	1	False	A8_B000848_S284_L003.mus-5-0-1	exact_library_id_plus_documented_alignment_suffix	A8_B000848_S284_L003.mus-5-0-1-1	one_assay_suffix	24m	1	nan	CD4-positive, alpha-beta T cell	nan	Cd3e T cell	facs	24_60_M	569688.0	2268.0	male	nan	Spleen	nan	4	21
A8_B001277_S8_L002	84.0	2.0	24	A8_B001277_S8_L002	24_61_M	Thymus	True	2	True	A8_B001277_S8_L002.mus-6-0-1	exact_library_id_plus_documented_alignment_suffix	A8_B001277_S8_L002.mus-6-0-1-1	one_assay_suffix	24m	1	nan	DN4 thymocyte	nan	DN4 thymocyte	facs	24_61_M	509813.0	1507.0	male	Flowthrough	Thymus	nan	4	9
A8_B001397_S176_L001			24	A8_B001397_S176_L001	24_59_M	Thymus	False	1	False	A8_B001397_S176_L001.mus-5-0-1	exact_library_id_plus_documented_alignment_suffix	A8_B001397_S176_L001.mus-5-0-1-1	one_assay_suffix	24m	1	nan	DN4 thymocyte	nan	DN4 thymocyte	facs	24_59_M	1448475.0	3146.0	male	Flowthrough	Thymus	nan	4	21
A9_B000830_S9_L004	96.0	2.0	24	A9_B000830_S9_L004	24_60_M	Thymus	True	2	True	A9_B000830_S9_L004.mus-8-0-1	exact_library_id_plus_documented_alignment_suffix	A9_B000830_S9_L004.mus-8-0-1-1	one_assay_suffix	24m	1	nan	DN4 thymocyte	nan	DN4 thymocyte	facs	24_60_M	5835005.0	1789.0	male	Flowthrough	Thymus	nan	4	21
A9_B001183_S249_L003			24	A9_B001183_S249_L003	24_59_M	MAT	False	1	False	A9_B001183_S249_L003.mus-1-0-1	exact_library_id_plus_documented_alignment_suffix	A9_B001183_S249_L003.mus-1-0-1-1	one_assay_suffix	24m	1	nan	CD4-positive, alpha-beta T cell	nan	nan	facs	24_59_M	1910984.0	1983.0	male	Fat	MAT	nan	6	5
A9_B001263_S177			24	A9_B001263_S177	24_58_M	Spleen	False	1	False	A9_B001263_S177.mus-7-0-1	exact_library_id_plus_documented_alignment_suffix	A9_B001263_S177.mus-7-0-1-1	one_assay_suffix	24m	1	nan	CD8-positive, alpha-beta T cell	nan	nan	facs	24_58_M	655445.0	1577.0	male	nan	Spleen	nan	4	9
A9_B001277_S9_L002			24	A9_B001277_S9_L002	24_61_M	Thymus	False	1	False	A9_B001277_S9_L002.mus-6-0-1	exact_library_id_plus_documented_alignment_suffix	A9_B001277_S9_L002.mus-6-0-1-1	one_assay_suffix	24m	1	nan	DN4 thymocyte	nan	DN4 thymocyte	facs	24_61_M	684195.0	2288.0	male	Flowthrough	Thymus	nan	4	21
A9_B001385_S81_L003			24	A9_B001385_S81_L003	24_58_M	Thymus	False	1	False	A9_B001385_S81_L003.mus-4-0-1	exact_library_id_plus_documented_alignment_suffix	A9_B001385_S81_L003.mus-4-0-1-1	one_assay_suffix	24m	1	nan	DN4 thymocyte	nan	DN4 thymocyte	facs	24_58_M	720258.0	2189.0	male	Flowthrough	Thymus	nan	6	5
A9_B002898_S93			24	A9_B002898_S93	24_58_M	GAT	False	1	False	A9_B002898_S93.mus-7-0-1	exact_library_id_plus_documented_alignment_suffix	A9_B002898_S93.mus-7-0-1-1	one_assay_suffix	24m	1	nan	CD4-positive, alpha-beta T cell	nan	nan	facs	24_58_M	164711.0	859.0	male	Fat	GAT	nan	4	21
A9_B002949_S81_L002	73.0	2.0	24	A9_B002949_S81_L002	24_59_M	Marrow	True	2	True	A9_B002949_S81_L002.mus-5-0-1	exact_library_id_plus_documented_alignment_suffix	A9_B002949_S81_L002.mus-5-0-1-1	one_assay_suffix	24m	1	nan	mature alpha-beta T cell	nan	BM CD8 + CD4 T cell	facs	24_59_M	3388339.0	3126.0	male	T-cells	Marrow	nan	4	48
B10_B000830_S34_L004			24	B10_B000830_S34_L004	24_60_M	Thymus	False	1	False	B10_B000830_S34_L004.mus-8-0-1	exact_library_id_plus_documented_alignment_suffix	B10_B000830_S34_L004.mus-8-0-1-1	one_assay_suffix	24m	1	nan	DN4 thymocyte	nan	DN4 thymocyte	facs	24_60_M	2928508.0	2238.0	male	Flowthrough	Thymus	nan	4	21
B10_B001183_S274_L003			24	B10_B001183_S274_L003	24_59_M	MAT	False	1	False	B10_B001183_S274_L003.mus-1-0-1	exact_library_id_plus_documented_alignment_suffix	B10_B001183_S274_L003.mus-1-0-1-1	one_assay_suffix	24m	1	nan	CD8-positive, alpha-beta T cell	nan	nan	facs	24_59_M	1061109.0	1576.0	male	Fat	MAT	nan	4	9
B10_B001188_S286			24	B10_B001188_S286	24_58_M	SCAT	False	1	False	B10_B001188_S286.mus-7-0-1	exact_library_id_plus_documented_alignment_suffix	B10_B001188_S286.mus-7-0-1-1	one_assay_suffix	24m	1	nan	NK cell	nan	nan	facs	24_58_M	4729722.0	1249.0	male	Fat	SCAT	nan	4	21
B10_B002881_S118_L001			24	B10_B002881_S118_L001	24_59_M	Trachea	False	1	False	B10_B002881_S118_L001.mus-2-0-1	exact_library_id_plus_documented_alignment_suffix	B10_B002881_S118_L001.mus-2-0-1-1	one_assay_suffix	24m	1	nan	T cell	nan	nan	facs	24_59_M	1022670.0	1228.0	male	nan	Trachea	nan	4	21
B11_B001277_S35_L002			24	B11_B001277_S35_L002	24_61_M	Thymus	False	1	False	B11_B001277_S35_L002.mus-6-0-1	exact_library_id_plus_documented_alignment_suffix	B11_B001277_S35_L002.mus-6-0-1-1	one_assay_suffix	24m	1	nan	DN4 thymocyte	nan	DN4 thymocyte	facs	24_61_M	931840.0	2318.0	male	Flowthrough	Thymus	nan	4	9
B11_B001397_S203_L001			24	B11_B001397_S203_L001	24_59_M	Thymus	False	1	False	B11_B001397_S203_L001.mus-5-0-1	exact_library_id_plus_documented_alignment_suffix	B11_B001397_S203_L001.mus-5-0-1-1	one_assay_suffix	24m	1	nan	DN4 thymocyte	nan	DN4 thymocyte	facs	24_59_M	265988.0	1741.0	male	Flowthrough	Thymus	nan	6	5
B11_B002900_S143_L003			24	B11_B002900_S143_L003	24_59_M	GAT	False	1	False	B11_B002900_S143_L003.mus-4-0-1	exact_library_id_plus_documented_alignment_suffix	B11_B002900_S143_L003.mus-4-0-1-1	one_assay_suffix	24m	1	nan	CD8-positive, alpha-beta T cell	nan	nan	facs	24_59_M	1375203.0	3128.0	male	Fat	GAT	nan	4	21
B11_B003031_S131_L004			24	B11_B003031_S131_L004	24_60_M	Marrow	False	1	False	B11_B003031_S131_L004.mus-5-0-1	exact_library_id_plus_documented_alignment_suffix	B11_B003031_S131_L004.mus-5-0-1-1	one_assay_suffix	24m	1	nan	mature alpha-beta T cell	nan	BM CD8 + CD4 T cell	facs	24_60_M	78152.0	792.0	male	T-cells	Marrow	nan	6	5
B12_B000333_S180_L004			24	B12_B000333_S180_L004	24_60_M	MAT	False	1	False	B12_B000333_S180_L004.mus-0-0-1	exact_library_id_plus_documented_alignment_suffix	B12_B000333_S180_L004.mus-0-0-1-1	one_assay_suffix	24m	1	nan	CD8-positive, alpha-beta T cell	nan	nan	facs	24_60_M	343712.0	1226.0	male	Fat	MAT	nan	4	9
B12_B000851_S36_L004			24	B12_B000851_S36_L004	24_61_M	Spleen	False	1	False	B12_B000851_S36_L004.mus-6-0-1	exact_library_id_plus_documented_alignment_suffix	B12_B000851_S36_L004.mus-6-0-1-1	one_assay_suffix	24m	1	nan	CD8-positive, alpha-beta T cell	nan	nan	facs	24_61_M	242721.0	1649.0	male	nan	Spleen	nan	4	9
B12_B001397_S204_L001			24	B12_B001397_S204_L001	24_59_M	Thymus	False	1	False	B12_B001397_S204_L001.mus-5-0-1	exact_library_id_plus_documented_alignment_suffix	B12_B001397_S204_L001.mus-5-0-1-1	one_assay_suffix	24m	1	nan	thymocyte	nan	proliferating thymocyte; DN to DP transition, dividing (some are Cd8+/ Cd4+, some undergoing VDJ recombination)	facs	24_59_M	3246132.0	4770.0	male	Flowthrough	Thymus	nan	21	23
B12_B002892_S60			24	B12_B002892_S60	24_58_M	Marrow	False	1	False	B12_B002892_S60.mus-7-0-1	exact_library_id_plus_documented_alignment_suffix	B12_B002892_S60.mus-7-0-1-1	one_assay_suffix	24m	1	nan	NK cell	nan	NK cell	facs	24_58_M	81890.0	1347.0	male	T-cells	Marrow	nan	40	9
B13_B000331_S37_L004			24	B13_B000331_S37_L004	24_61_M	GAT	False	1	False	B13_B000331_S37_L004.mus-6-0-1	exact_library_id_plus_documented_alignment_suffix	B13_B000331_S37_L004.mus-6-0-1-1	one_assay_suffix	24m	1	nan	CD4-positive, alpha-beta T cell	nan	nan	facs	24_61_M	229950.0	1437.0	male	Fat	GAT	nan	6	5
B13_B000332_S145_L003	70.0	2.0	24	B13_B000332_S145_L003	24_60_M	SCAT	True	2	True	B13_B000332_S145_L003.mus-0-0-1	exact_library_id_plus_documented_alignment_suffix	B13_B000332_S145_L003.mus-0-0-1-1	one_assay_suffix	24m	1	nan	NK cell	nan	nan	facs	24_60_M	103270.0	1012.0	male	Fat	SCAT	nan	4	21
B13_B000337_S229_L003			24	B13_B000337_S229_L003	24_60_M	GAT	False	1	False	B13_B000337_S229_L003.mus-0-0-1	exact_library_id_plus_documented_alignment_suffix	B13_B000337_S229_L003.mus-0-0-1-1	one_assay_suffix	24m	1	nan	CD4-positive, alpha-beta T cell	nan	nan	facs	24_60_M	304637.0	1105.0	male	Fat	GAT	nan	6	5
B13_B000851_S37_L004			24	B13_B000851_S37_L004	24_61_M	Spleen	False	1	False	B13_B000851_S37_L004.mus-6-0-1	exact_library_id_plus_documented_alignment_suffix	B13_B000851_S37_L004.mus-6-0-1-1	one_assay_suffix	24m	1	nan	CD8-positive, alpha-beta T cell	nan	nan	facs	24_61_M	124615.0	1610.0	male	nan	Spleen	nan	4	9
B13_B001385_S109_L003			24	B13_B001385_S109_L003	24_58_M	Thymus	False	1	False	B13_B001385_S109_L003.mus-4-0-1	exact_library_id_plus_documented_alignment_suffix	B13_B001385_S109_L003.mus-4-0-1-1	one_assay_suffix	24m	1	nan	thymocyte	nan	proliferating thymocyte; DN to DP transition, dividing (some are Cd8+/ Cd4+, some undergoing VDJ recombination)	facs	24_58_M	329267.0	2253.0	male	Flowthrough	Thymus	nan	21	23
B13_B001397_S205_L001			24	B13_B001397_S205_L001	24_59_M	Thymus	False	1	False	B13_B001397_S205_L001.mus-5-0-1	exact_library_id_plus_documented_alignment_suffix	B13_B001397_S205_L001.mus-5-0-1-1	one_assay_suffix	24m	1	nan	thymocyte	nan	proliferating thymocyte; DN to DP transition, dividing (some are Cd8+/ Cd4+, some undergoing VDJ recombination)	facs	24_59_M	794447.0	3572.0	male	Flowthrough	Thymus	nan	21	23
B13_B002881_S121_L001			24	B13_B002881_S121_L001	24_59_M	Trachea	False	1	False	B13_B002881_S121_L001.mus-2-0-1	exact_library_id_plus_documented_alignment_suffix	B13_B002881_S121_L001.mus-2-0-1-1	one_assay_suffix	24m	1	nan	T cell	nan	nan	facs	24_59_M	1025702.0	1631.0	male	nan	Trachea	nan	4	21
B13_B002900_S145_L003			24	B13_B002900_S145_L003	24_59_M	GAT	False	1	False	B13_B002900_S145_L003.mus-4-0-1	exact_library_id_plus_documented_alignment_suffix	B13_B002900_S145_L003.mus-4-0-1-1	one_assay_suffix	24m	1	nan	CD4-positive, alpha-beta T cell	nan	nan	facs	24_59_M	1389600.0	2013.0	male	Fat	GAT	nan	4	21
B14_B002898_S122	57.0	4.0	24	B14_B002898_S122	24_58_M	GAT	True	4	True	B14_B002898_S122.mus-7-0-1	exact_library_id_plus_documented_alignment_suffix	B14_B002898_S122.mus-7-0-1-1	one_assay_suffix	24m	1	nan	CD4-positive, alpha-beta T cell	nan	nan	facs	24_58_M	474827.0	949.0	male	Fat	GAT	nan	4	21
B15_B001188_S291			24	B15_B001188_S291	24_58_M	SCAT	False	1	False	B15_B001188_S291.mus-7-0-1	exact_library_id_plus_documented_alignment_suffix	B15_B001188_S291.mus-7-0-1-1	one_assay_suffix	24m	1	nan	CD8-positive, alpha-beta T cell	nan	nan	facs	24_58_M	372946.0	2111.0	male	Fat	SCAT	nan	4	9
B15_B001190_S75			24	B15_B001190_S75	24_58_M	MAT	False	1	False	B15_B001190_S75.mus-7-0-1	exact_library_id_plus_documented_alignment_suffix	B15_B001190_S75.mus-7-0-1-1	one_assay_suffix	24m	1	nan	CD8-positive, alpha-beta T cell	nan	nan	facs	24_58_M	235089.0	1178.0	male	Fat	MAT	nan	4	21
B15_B001263_S207			24	B15_B001263_S207	24_58_M	Spleen	False	1	False	B15_B001263_S207.mus-7-0-1	exact_library_id_plus_documented_alignment_suffix	B15_B001263_S207.mus-7-0-1-1	one_assay_suffix	24m	1	nan	CD4-positive, alpha-beta T cell	nan	Cd3e T cell	facs	24_58_M	165794.0	1247.0	male	nan	Spleen	nan	4	21
B15_B001385_S111_L003			24	B15_B001385_S111_L003	24_58_M	Thymus	False	1	False	B15_B001385_S111_L003.mus-4-0-1	exact_library_id_plus_documented_alignment_suffix	B15_B001385_S111_L003.mus-4-0-1-1	one_assay_suffix	24m	1	nan	thymocyte	nan	proliferating thymocyte; DN to DP transition, dividing (some are Cd8+/ Cd4+, some undergoing VDJ recombination)	facs	24_58_M	475151.0	2205.0	male	Flowthrough	Thymus	nan	21	23
B15_B001397_S207_L001			24	B15_B001397_S207_L001	24_59_M	Thymus	False	1	False	B15_B001397_S207_L001.mus-5-0-1	exact_library_id_plus_documented_alignment_suffix	B15_B001397_S207_L001.mus-5-0-1-1	one_assay_suffix	24m	1	nan	thymocyte	nan	proliferating thymocyte; DN to DP transition, dividing (some are Cd8+/ Cd4+, some undergoing VDJ recombination)	facs	24_59_M	1448607.0	3122.0	male	Flowthrough	Thymus	nan	21	23
B15_B002898_S123			24	B15_B002898_S123	24_58_M	GAT	False	1	False	B15_B002898_S123.mus-7-0-1	exact_library_id_plus_documented_alignment_suffix	B15_B002898_S123.mus-7-0-1-1	one_assay_suffix	24m	1	nan	CD4-positive, alpha-beta T cell	nan	nan	facs	24_58_M	455085.0	976.0	male	Fat	GAT	nan	4	21
B15_B002900_S147_L003			24	B15_B002900_S147_L003	24_59_M	GAT	False	1	False	B15_B002900_S147_L003.mus-4-0-1	exact_library_id_plus_documented_alignment_suffix	B15_B002900_S147_L003.mus-4-0-1-1	one_assay_suffix	24m	1	nan	T cell	nan	nan	facs	24_59_M	902689.0	1358.0	male	Fat	GAT	nan	4	21
B15_B002949_S111_L002			24	B15_B002949_S111_L002	24_59_M	Marrow	False	1	False	B15_B002949_S111_L002.mus-5-0-1	exact_library_id_plus_documented_alignment_suffix	B15_B002949_S111_L002.mus-5-0-1-1	one_assay_suffix	24m	1	nan	mature alpha-beta T cell	nan	BM CD8 + CD4 T cell	facs	24_59_M	1827597.0	1729.0	male	T-cells	Marrow	nan	4	9
B15_B003790_S159_L002	81.0	2.0	24	B15_B003790_S159_L002	24_60_M	Heart	True	2	True	B15_B003790_S159_L002.mus-5-0-1	exact_library_id_plus_documented_alignment_suffix	B15_B003790_S159_L002.mus-5-0-1-1	one_assay_suffix	24m	1	nan	T cell	nan	T cell	facs	24_60_M	1605104.0	2422.0	male	RA	Heart	nan	4	9
B15_B003902_S159_L002			24	B15_B003902_S159_L002	24_59_M	Liver	False	1	False	B15_B003902_S159_L002.mus-2-0-1	exact_library_id_plus_documented_alignment_suffix	B15_B003902_S159_L002.mus-2-0-1-1	one_assay_suffix	24m	1	nan	CD4-positive, alpha-beta T cell	nan	nan	facs	24_59_M	29311.0	1497.0	male	Non-hepatocytes	Liver	nan	4	9
B16_B000337_S232_L003			24	B16_B000337_S232_L003	24_60_M	GAT	False	1	False	B16_B000337_S232_L003.mus-0-0-1	exact_library_id_plus_documented_alignment_suffix	B16_B000337_S232_L003.mus-0-0-1-1	one_assay_suffix	24m	1	nan	CD4-positive, alpha-beta T cell	nan	nan	facs	24_60_M	758027.0	1474.0	male	Fat	GAT	nan	4	9
B16_B001188_S292			24	B16_B001188_S292	24_58_M	SCAT	False	1	False	B16_B001188_S292.mus-7-0-1	exact_library_id_plus_documented_alignment_suffix	B16_B001188_S292.mus-7-0-1-1	one_assay_suffix	24m	1	nan	T cell	nan	nan	facs	24_58_M	621739.0	2523.0	male	Fat	SCAT	nan	4	9
B16_B001397_S208_L001			24	B16_B001397_S208_L001	24_59_M	Thymus	False	1	False	B16_B001397_S208_L001.mus-5-0-1	exact_library_id_plus_documented_alignment_suffix	B16_B001397_S208_L001.mus-5-0-1-1	one_assay_suffix	24m	1	nan	thymocyte	nan	proliferating thymocyte; DN to DP transition, dividing (some are Cd8+/ Cd4+, some undergoing VDJ recombination)	facs	24_59_M	443703.0	2678.0	male	Flowthrough	Thymus	nan	21	23
B16_B002892_S64			24	B16_B002892_S64	24_58_M	Marrow	False	1	False	B16_B002892_S64.mus-7-0-1	exact_library_id_plus_documented_alignment_suffix	B16_B002892_S64.mus-7-0-1-1	one_assay_suffix	24m	1	nan	NK cell	nan	NK cell	facs	24_58_M	518981.0	1498.0	male	T-cells	Marrow	nan	4	9
B16_B002949_S112_L002			24	B16_B002949_S112_L002	24_59_M	Marrow	False	1	False	B16_B002949_S112_L002.mus-5-0-1	exact_library_id_plus_documented_alignment_suffix	B16_B002949_S112_L002.mus-5-0-1-1	one_assay_suffix	24m	1	nan	CD4-positive, alpha-beta T cell	nan	BM CD4 T cell	facs	24_59_M	1344236.0	1911.0	male	T-cells	Marrow	nan	4	21
B17_B000851_S41_L004			24	B17_B000851_S41_L004	24_61_M	Spleen	False	1	False	B17_B000851_S41_L004.mus-6-0-1	exact_library_id_plus_documented_alignment_suffix	B17_B000851_S41_L004.mus-6-0-1-1	one_assay_suffix	24m	1	nan	CD8-positive, alpha-beta T cell	nan	nan	facs	24_61_M	96455.0	1737.0	male	nan	Spleen	nan	4	9
B17_B001277_S41_L002			24	B17_B001277_S41_L002	24_61_M	Thymus	False	1	False	B17_B001277_S41_L002.mus-6-0-1	exact_library_id_plus_documented_alignment_suffix	B17_B001277_S41_L002.mus-6-0-1-1	one_assay_suffix	24m	1	nan	thymocyte	nan	proliferating thymocyte; DN to DP transition, dividing (some are Cd8+/ Cd4+, some undergoing VDJ recombination)	facs	24_61_M	1631841.0	4869.0	male	Flowthrough	Thymus	nan	21	23
B17_B001385_S113_L003			24	B17_B001385_S113_L003	24_58_M	Thymus	False	1	False	B17_B001385_S113_L003.mus-4-0-1	exact_library_id_plus_documented_alignment_suffix	B17_B001385_S113_L003.mus-4-0-1-1	one_assay_suffix	24m	1	nan	thymocyte	nan	proliferating thymocyte; DN to DP transition, dividing (some are Cd8+/ Cd4+, some undergoing VDJ recombination)	facs	24_58_M	1081880.0	3111.0	male	Flowthrough	Thymus	nan	21	23
B17_B001397_S209_L001			24	B17_B001397_S209_L001	24_59_M	Thymus	False	1	False	B17_B001397_S209_L001.mus-5-0-1	exact_library_id_plus_documented_alignment_suffix	B17_B001397_S209_L001.mus-5-0-1-1	one_assay_suffix	24m	1	nan	thymocyte	nan	DN to DP transition (most are Cd8+/ Cd4+, some undergoing VDJ recombination)	facs	24_59_M	808298.0	2172.0	male	Flowthrough	Thymus	nan	21	23
B18_B001397_S210_L001			24	B18_B001397_S210_L001	24_59_M	Thymus	False	1	False	B18_B001397_S210_L001.mus-5-0-1	exact_library_id_plus_documented_alignment_suffix	B18_B001397_S210_L001.mus-5-0-1-1	one_assay_suffix	24m	1	nan	thymocyte	nan	proliferating thymocyte; DN to DP transition, dividing (some are Cd8+/ Cd4+, some undergoing VDJ recombination)	facs	24_59_M	1335347.0	3063.0	male	Flowthrough	Thymus	nan	21	23
B19_B001385_S115_L003			24	B19_B001385_S115_L003	24_58_M	Thymus	False	1	False	B19_B001385_S115_L003.mus-4-0-1	exact_library_id_plus_documented_alignment_suffix	B19_B001385_S115_L003.mus-4-0-1-1	one_assay_suffix	24m	1	nan	thymocyte	nan	proliferating thymocyte; DN to DP transition, dividing (some are Cd8+/ Cd4+, some undergoing VDJ recombination)	facs	24_58_M	807419.0	3085.0	male	Flowthrough	Thymus	nan	21	23
B19_B001397_S211_L001			24	B19_B001397_S211_L001	24_59_M	Thymus	False	1	False	B19_B001397_S211_L001.mus-5-0-1	exact_library_id_plus_documented_alignment_suffix	B19_B001397_S211_L001.mus-5-0-1-1	one_assay_suffix	24m	1	nan	thymocyte	nan	proliferating thymocyte; DN to DP transition, dividing (some are Cd8+/ Cd4+, some undergoing VDJ recombination)	facs	24_59_M	1925065.0	3547.0	male	Flowthrough	Thymus	nan	21	23
B19_B003902_S163_L002			24	B19_B003902_S163_L002	24_59_M	Liver	False	1	False	B19_B003902_S163_L002.mus-2-0-1	exact_library_id_plus_documented_alignment_suffix	B19_B003902_S163_L002.mus-2-0-1-1	one_assay_suffix	24m	1	nan	T cell	nan	nan	facs	24_59_M	375346.0	2765.0	male	Non-hepatocytes	Liver	nan	4	9
B1_B001263_S193			24	B1_B001263_S193	24_58_M	Spleen	False	1	False	B1_B001263_S193.mus-7-0-1	exact_library_id_plus_documented_alignment_suffix	B1_B001263_S193.mus-7-0-1-1	one_assay_suffix	24m	1	nan	CD8-positive, alpha-beta T cell	nan	Cd3e T cell	facs	24_58_M	954049.0	2408.0	male	nan	Spleen	nan	6	5
B1_B002892_S49			24	B1_B002892_S49	24_58_M	Marrow	False	1	False	B1_B002892_S49.mus-7-0-1	exact_library_id_plus_documented_alignment_suffix	B1_B002892_S49.mus-7-0-1-1	one_assay_suffix	24m	1	nan	CD4-positive, alpha-beta T cell	nan	BM CD4 T cell	facs	24_58_M	324053.0	1043.0	male	T-cells	Marrow	nan	4	21
B1_B003843_S1_L004	22.0	3.0	24	B1_B003843_S1_L004	24_58_M	Trachea	True	3	True	B1_B003843_S1_L004.mus-4-0-1	exact_library_id_plus_documented_alignment_suffix	B1_B003843_S1_L004.mus-4-0-1-1	one_assay_suffix	24m	1	nan	T cell	nan	nan	facs	24_58_M	59031.0	1102.0	male	nan	Trachea	nan	4	9
B20_B000851_S44_L004	19.0	7.0	24	B20_B000851_S44_L004	24_61_M	Spleen	True	7	True	B20_B000851_S44_L004.mus-6-0-1	exact_library_id_plus_documented_alignment_suffix	B20_B000851_S44_L004.mus-6-0-1-1	one_assay_suffix	24m	1	nan	CD8-positive, alpha-beta T cell	nan	nan	facs	24_61_M	71859.0	1453.0	male	nan	Spleen	nan	4	9
B20_B001397_S212_L001			24	B20_B001397_S212_L001	24_59_M	Thymus	False	1	False	B20_B001397_S212_L001.mus-5-0-1	exact_library_id_plus_documented_alignment_suffix	B20_B001397_S212_L001.mus-5-0-1-1	one_assay_suffix	24m	1	nan	thymocyte	nan	proliferating thymocyte; DN to DP transition, dividing (some are Cd8+/ Cd4+, some undergoing VDJ recombination)	facs	24_59_M	1168191.0	2966.0	male	Flowthrough	Thymus	nan	21	23
B20_B003031_S140_L004	48.0	3.0	24	B20_B003031_S140_L004	24_60_M	Marrow	True	3	True	B20_B003031_S140_L004.mus-5-0-1	exact_library_id_plus_documented_alignment_suffix	B20_B003031_S140_L004.mus-5-0-1-1	one_assay_suffix	24m	1	nan	mature alpha-beta T cell	nan	BM CD8 + CD4 T cell	facs	24_60_M	38728.0	682.0	male	T-cells	Marrow	nan	4	9
B20_B003234_S104_L004	33.0	3.0	24	B20_B003234_S104_L004	24_60_M	Lung	True	3	True	B20_B003234_S104_L004.mus-5-0-1	exact_library_id_plus_documented_alignment_suffix	B20_B003234_S104_L004.mus-5-0-1-1	one_assay_suffix	24m	1	nan	CD8-positive, alpha-beta T cell	nan	CD8+ T	facs	24_60_M	665244.0	1942.0	male	EPCAM	Lung	nan	4	9
B20_B003863_S44_L003			24	B20_B003863_S44_L003	24_61_M	Limb_Muscle	False	1	False	B20_B003863_S44_L003.mus-6-0-1	exact_library_id_plus_documented_alignment_suffix	B20_B003863_S44_L003.mus-6-0-1-1	one_assay_suffix	24m	1	nan	B cell	nan	nan	facs	24_61_M	2125347.0	5154.0	male	ForelimbandHindlimb	Limb_Muscle	nan	19	10
B21_B000848_S21_L003			24	B21_B000848_S21_L003	24_60_M	Spleen	False	1	False	B21_B000848_S21_L003.mus-5-0-1	exact_library_id_plus_documented_alignment_suffix	B21_B000848_S21_L003.mus-5-0-1-1	one_assay_suffix	24m	1	nan	CD4-positive, alpha-beta T cell	nan	Cd3e T cell	facs	24_60_M	318303.0	1619.0	male	nan	Spleen	nan	6	5
B21_B001265_S33_L002	73.0	2.0	24	B21_B001265_S33_L002	24_59_M	Spleen	True	2	True	B21_B001265_S33_L002.mus-2-0-1	exact_library_id_plus_documented_alignment_suffix	B21_B001265_S33_L002.mus-2-0-1-1	one_assay_suffix	24m	1	nan	CD8-positive, alpha-beta T cell	nan	nan	facs	24_59_M	983858.0	1548.0	male	nan	Spleen	nan	4	9
B21_B001385_S117_L003			24	B21_B001385_S117_L003	24_58_M	Thymus	False	1	False	B21_B001385_S117_L003.mus-4-0-1	exact_library_id_plus_documented_alignment_suffix	B21_B001385_S117_L003.mus-4-0-1-1	one_assay_suffix	24m	1	nan	thymocyte	nan	proliferating thymocyte; DN to DP transition, dividing (some are Cd8+/ Cd4+, some undergoing VDJ recombination)	facs	24_58_M	1514031.0	3952.0	male	Flowthrough	Thymus	nan	21	23
B21_B001397_S213_L001			24	B21_B001397_S213_L001	24_59_M	Thymus	False	1	False	B21_B001397_S213_L001.mus-5-0-1	exact_library_id_plus_documented_alignment_suffix	B21_B001397_S213_L001.mus-5-0-1-1	one_assay_suffix	24m	1	nan	thymocyte	nan	proliferating thymocyte; DN to DP transition, dividing (some are Cd8+/ Cd4+, some undergoing VDJ recombination)	facs	24_59_M	2419916.0	4352.0	male	Flowthrough	Thymus	nan	21	23
B22_B000848_S22_L003			24	B22_B000848_S22_L003	24_60_M	Spleen	False	1	False	B22_B000848_S22_L003.mus-5-0-1	exact_library_id_plus_documented_alignment_suffix	B22_B000848_S22_L003.mus-5-0-1-1	one_assay_suffix	24m	1	nan	CD8-positive, alpha-beta T cell	nan	nan	facs	24_60_M	582575.0	2119.0	male	nan	Spleen	nan	4	9
B22_B001385_S118_L003			24	B22_B001385_S118_L003	24_58_M	Thymus	False	1	False	B22_B001385_S118_L003.mus-4-0-1	exact_library_id_plus_documented_alignment_suffix	B22_B001385_S118_L003.mus-4-0-1-1	one_assay_suffix	24m	1	nan	thymocyte	nan	proliferating thymocyte; DN to DP transition, dividing (some are Cd8+/ Cd4+, some undergoing VDJ recombination)	facs	24_58_M	1206164.0	2353.0	male	Flowthrough	Thymus	nan	21	23
B22_B002949_S118_L002			24	B22_B002949_S118_L002	24_59_M	Marrow	False	1	False	B22_B002949_S118_L002.mus-5-0-1	exact_library_id_plus_documented_alignment_suffix	B22_B002949_S118_L002.mus-5-0-1-1	one_assay_suffix	24m	1	nan	NK cell	nan	Klrb1a/b/c(-) NK cell	facs	24_59_M	8931717.0	3945.0	male	T-cells	Marrow	nan	11	7
B22_B002988_S58_L004			24	B22_B002988_S58_L004	24_60_M	Trachea	False	1	False	B22_B002988_S58_L004.mus-5-0-1	exact_library_id_plus_documented_alignment_suffix	B22_B002988_S58_L004.mus-5-0-1-1	one_assay_suffix	24m	1	nan	T cell	nan	nan	facs	24_60_M	322601.0	1022.0	male	nan	Trachea	nan	6	5
B22_B003856_S274_L004			24	B22_B003856_S274_L004	24_59_M	Heart	False	1	False	B22_B003856_S274_L004.mus-2-0-1	exact_library_id_plus_documented_alignment_suffix	B22_B003856_S274_L004.mus-2-0-1-1	one_assay_suffix	24m	1	nan	T cell	nan	T cell	facs	24_59_M	3517022.0	3185.0	male	LA	Heart	nan	4	21
B2_B001277_S26_L002			24	B2_B001277_S26_L002	24_61_M	Thymus	False	1	False	B2_B001277_S26_L002.mus-6-0-1	exact_library_id_plus_documented_alignment_suffix	B2_B001277_S26_L002.mus-6-0-1-1	one_assay_suffix	24m	1	nan	DN4 thymocyte	nan	DN4 thymocyte	facs	24_61_M	582297.0	1852.0	male	Flowthrough	Thymus	nan	6	5
B2_B001397_S194_L001			24	B2_B001397_S194_L001	24_59_M	Thymus	False	1	False	B2_B001397_S194_L001.mus-5-0-1	exact_library_id_plus_documented_alignment_suffix	B2_B001397_S194_L001.mus-5-0-1-1	one_assay_suffix	24m	1	nan	thymocyte	nan	proliferating thymocyte; DN to DP transition, dividing (some are Cd8+/ Cd4+, some undergoing VDJ recombination)	facs	24_59_M	2458797.0	3597.0	male	Flowthrough	Thymus	nan	21	21
B2_B003791_S26_L004	42.0	10.0	24	B2_B003791_S26_L004	24_61_M	Heart	True	10	True	B2_B003791_S26_L004.mus-8-0-1	exact_library_id_plus_documented_alignment_suffix	B2_B003791_S26_L004.mus-8-0-1-1	one_assay_suffix	24m	1	nan	T cell	nan	T cell	facs	24_61_M	4067341.0	1710.0	male	LV	Heart	nan	4	9
B3_B001277_S27_L002			24	B3_B001277_S27_L002	24_61_M	Thymus	False	1	False	B3_B001277_S27_L002.mus-6-0-1	exact_library_id_plus_documented_alignment_suffix	B3_B001277_S27_L002.mus-6-0-1-1	one_assay_suffix	24m	1	nan	DN4 thymocyte	nan	DN4 thymocyte	facs	24_61_M	607020.0	1700.0	male	Flowthrough	Thymus	nan	4	21
B3_B001385_S99_L003			24	B3_B001385_S99_L003	24_58_M	Thymus	False	1	False	B3_B001385_S99_L003.mus-4-0-1	exact_library_id_plus_documented_alignment_suffix	B3_B001385_S99_L003.mus-4-0-1-1	one_assay_suffix	24m	1	nan	DN4 thymocyte	nan	DN4 thymocyte	facs	24_58_M	467801.0	1831.0	male	Flowthrough	Thymus	nan	6	5
B3_B002875_S195_L001			24	B3_B002875_S195_L001	24_59_M	Lung	False	1	False	B3_B002875_S195_L001.mus-2-0-1	exact_library_id_plus_documented_alignment_suffix	B3_B002875_S195_L001.mus-2-0-1-1	one_assay_suffix	24m	1	nan	CD8-positive, alpha-beta T cell	nan	CD8+ T	facs	24_59_M	182269.0	1852.0	male	EPCAM	Lung	nan	4	21
B3_B003031_S123_L004			24	B3_B003031_S123_L004	24_60_M	Marrow	False	1	False	B3_B003031_S123_L004.mus-5-0-1	exact_library_id_plus_documented_alignment_suffix	B3_B003031_S123_L004.mus-5-0-1-1	one_assay_suffix	24m	1	nan	CD4-positive, alpha-beta T cell	nan	BM CD4 T cell	facs	24_60_M	1001254.0	998.0	male	T-cells	Marrow	nan	4	21
B4_B001277_S28_L002			24	B4_B001277_S28_L002	24_61_M	Thymus	False	1	False	B4_B001277_S28_L002.mus-6-0-1	exact_library_id_plus_documented_alignment_suffix	B4_B001277_S28_L002.mus-6-0-1-1	one_assay_suffix	24m	1	nan	DN4 thymocyte	nan	DN4 thymocyte	facs	24_61_M	737694.0	1727.0	male	Flowthrough	Thymus	nan	4	9
B4_B001385_S100_L003			24	B4_B001385_S100_L003	24_58_M	Thymus	False	1	False	B4_B001385_S100_L003.mus-4-0-1	exact_library_id_plus_documented_alignment_suffix	B4_B001385_S100_L003.mus-4-0-1-1	one_assay_suffix	24m	1	nan	DN4 thymocyte	nan	DN4 thymocyte	facs	24_58_M	466522.0	1894.0	male	Flowthrough	Thymus	nan	6	5
B4_B001397_S196_L001			24	B4_B001397_S196_L001	24_59_M	Thymus	False	1	False	B4_B001397_S196_L001.mus-5-0-1	exact_library_id_plus_documented_alignment_suffix	B4_B001397_S196_L001.mus-5-0-1-1	one_assay_suffix	24m	1	nan	DN4 thymocyte	nan	DN4 thymocyte	facs	24_59_M	2493370.0	3400.0	male	Flowthrough	Thymus	nan	6	5
B4_B001615_S64_L001			24	B4_B001615_S64_L001	24_60_M	Brain_Non-Myeloid	False	1	False	B4_B001615_S64_L001.mus-0-0-1	exact_library_id_plus_documented_alignment_suffix	B4_B001615_S64_L001.mus-0-0-1-1	one_assay_suffix	24m	1	nan	CD8-positive, alpha-beta T cell	nan	nan	facs	24_60_M	1274037.0	1221.0	male	Cortex	Brain_Non-Myeloid	nan	4	9
B5_B001385_S101_L003			24	B5_B001385_S101_L003	24_58_M	Thymus	False	1	False	B5_B001385_S101_L003.mus-4-0-1	exact_library_id_plus_documented_alignment_suffix	B5_B001385_S101_L003.mus-4-0-1-1	one_assay_suffix	24m	1	nan	DN4 thymocyte	nan	DN4 thymocyte	facs	24_58_M	459108.0	2143.0	male	Flowthrough	Thymus	nan	6	5
B5_B001397_S197_L001			24	B5_B001397_S197_L001	24_59_M	Thymus	False	1	False	B5_B001397_S197_L001.mus-5-0-1	exact_library_id_plus_documented_alignment_suffix	B5_B001397_S197_L001.mus-5-0-1-1	one_assay_suffix	24m	1	nan	DN4 thymocyte	nan	DN4 thymocyte	facs	24_59_M	83698.0	1545.0	male	Flowthrough	Thymus	nan	6	5
B5_B001615_S65_L001			24	B5_B001615_S65_L001	24_60_M	Brain_Non-Myeloid	False	1	False	B5_B001615_S65_L001.mus-0-0-1	exact_library_id_plus_documented_alignment_suffix	B5_B001615_S65_L001.mus-0-0-1-1	one_assay_suffix	24m	1	nan	CD8-positive, alpha-beta T cell	nan	nan	facs	24_60_M	815296.0	1106.0	male	Cortex	Brain_Non-Myeloid	nan	4	9
B5_B002892_S53			24	B5_B002892_S53	24_58_M	Marrow	False	1	False	B5_B002892_S53.mus-7-0-1	exact_library_id_plus_documented_alignment_suffix	B5_B002892_S53.mus-7-0-1-1	one_assay_suffix	24m	1	nan	CD4-positive, alpha-beta T cell	nan	BM CD4 T cell	facs	24_58_M	420862.0	693.0	male	T-cells	Marrow	nan	4	21
B5_B002949_S101_L002			24	B5_B002949_S101_L002	24_59_M	Marrow	False	1	False	B5_B002949_S101_L002.mus-5-0-1	exact_library_id_plus_documented_alignment_suffix	B5_B002949_S101_L002.mus-5-0-1-1	one_assay_suffix	24m	1	nan	mature alpha-beta T cell	nan	BM CD8 + CD4 T cell	facs	24_59_M	2329131.0	2420.0	male	T-cells	Marrow	nan	4	48
B5_B003031_S125_L004	27.0	4.0	24	B5_B003031_S125_L004	24_60_M	Marrow	True	4	True	B5_B003031_S125_L004.mus-5-0-1	exact_library_id_plus_documented_alignment_suffix	B5_B003031_S125_L004.mus-5-0-1-1	one_assay_suffix	24m	1	nan	granulocyte	nan	granulocyte	facs	24_60_M	2628248.0	2053.0	male	T-cells	Marrow	nan	11	8
B5_B003902_S149_L002			24	B5_B003902_S149_L002	24_59_M	Liver	False	1	False	B5_B003902_S149_L002.mus-2-0-1	exact_library_id_plus_documented_alignment_suffix	B5_B003902_S149_L002.mus-2-0-1-1	one_assay_suffix	24m	1	nan	CD4-positive, alpha-beta T cell	nan	nan	facs	24_59_M	691053.0	858.0	male	Non-hepatocytes	Liver	nan	4	9
B6_B000830_S30_L004			24	B6_B000830_S30_L004	24_60_M	Thymus	False	1	False	B6_B000830_S30_L004.mus-8-0-1	exact_library_id_plus_documented_alignment_suffix	B6_B000830_S30_L004.mus-8-0-1-1	one_assay_suffix	24m	1	nan	DN4 thymocyte	nan	DN4 thymocyte	facs	24_60_M	164551.0	1203.0	male	Flowthrough	Thymus	nan	4	21
B6_B001385_S102_L003			24	B6_B001385_S102_L003	24_58_M	Thymus	False	1	False	B6_B001385_S102_L003.mus-4-0-1	exact_library_id_plus_documented_alignment_suffix	B6_B001385_S102_L003.mus-4-0-1-1	one_assay_suffix	24m	1	nan	DN4 thymocyte	nan	DN4 thymocyte	facs	24_58_M	518703.0	1982.0	male	Flowthrough	Thymus	nan	6	5
B6_B001397_S198_L001			24	B6_B001397_S198_L001	24_59_M	Thymus	False	1	False	B6_B001397_S198_L001.mus-5-0-1	exact_library_id_plus_documented_alignment_suffix	B6_B001397_S198_L001.mus-5-0-1-1	one_assay_suffix	24m	1	nan	DN4 thymocyte	nan	DN4 thymocyte	facs	24_59_M	695686.0	1994.0	male	Flowthrough	Thymus	nan	6	5
B6_B003031_S126_L004	13.0	2.0	24	B6_B003031_S126_L004	24_60_M	Marrow	True	2	True	B6_B003031_S126_L004.mus-5-0-1	exact_library_id_plus_documented_alignment_suffix	B6_B003031_S126_L004.mus-5-0-1-1	one_assay_suffix	24m	1	nan	promonocyte	nan	monocyte + promonocyte	facs	24_60_M	2919757.0	2794.0	male	T-cells	Marrow	nan	2	4
B7_B000342_S31_L004	15.0	15.0	24	B7_B000342_S31_L004	24_61_M	Lung	True	15	True	B7_B000342_S31_L004.mus-6-0-1	exact_library_id_plus_documented_alignment_suffix	B7_B000342_S31_L004.mus-6-0-1-1	one_assay_suffix	24m	1	nan	CD8-positive, alpha-beta T cell	nan	CD8+ T	facs	24_61_M	1411095.0	1811.0	male	EPCAM	Lung	nan	4	9
B7_B000830_S31_L004			24	B7_B000830_S31_L004	24_60_M	Thymus	False	1	False	B7_B000830_S31_L004.mus-8-0-1	exact_library_id_plus_documented_alignment_suffix	B7_B000830_S31_L004.mus-8-0-1-1	one_assay_suffix	24m	1	nan	DN4 thymocyte	nan	DN4 thymocyte	facs	24_60_M	1216059.0	1750.0	male	Flowthrough	Thymus	nan	4	9
B7_B001277_S31_L002			24	B7_B001277_S31_L002	24_61_M	Thymus	False	1	False	B7_B001277_S31_L002.mus-6-0-1	exact_library_id_plus_documented_alignment_suffix	B7_B001277_S31_L002.mus-6-0-1-1	one_assay_suffix	24m	1	nan	DN4 thymocyte	nan	DN4 thymocyte	facs	24_61_M	620333.0	1922.0	male	Flowthrough	Thymus	nan	4	9
B7_B001397_S199_L001			24	B7_B001397_S199_L001	24_59_M	Thymus	False	1	False	B7_B001397_S199_L001.mus-5-0-1	exact_library_id_plus_documented_alignment_suffix	B7_B001397_S199_L001.mus-5-0-1-1	one_assay_suffix	24m	1	nan	DN4 thymocyte	nan	DN4 thymocyte	facs	24_59_M	1317149.0	2594.0	male	Flowthrough	Thymus	nan	6	5
B7_B001612_S31_L001			24	B7_B001612_S31_L001	24_61_M	Brain_Non-Myeloid	False	1	False	B7_B001612_S31_L001.mus-8-0-1	exact_library_id_plus_documented_alignment_suffix		unmatched																
B7_B002892_S55			24	B7_B002892_S55	24_58_M	Marrow	False	1	False	B7_B002892_S55.mus-7-0-1	exact_library_id_plus_documented_alignment_suffix	B7_B002892_S55.mus-7-0-1-1	one_assay_suffix	24m	1	nan	mature alpha-beta T cell	nan	BM CD8 + CD4 T cell	facs	24_58_M	1490065.0	2155.0	male	T-cells	Marrow	nan	4	48
B7_B002949_S103_L002			24	B7_B002949_S103_L002	24_59_M	Marrow	False	1	False	B7_B002949_S103_L002.mus-5-0-1	exact_library_id_plus_documented_alignment_suffix	B7_B002949_S103_L002.mus-5-0-1-1	one_assay_suffix	24m	1	nan	CD4-positive, alpha-beta T cell	nan	BM CD4 T cell	facs	24_59_M	880240.0	1298.0	male	T-cells	Marrow	nan	4	21
B8_B000830_S32_L004			24	B8_B000830_S32_L004	24_60_M	Thymus	False	1	False	B8_B000830_S32_L004.mus-8-0-1	exact_library_id_plus_documented_alignment_suffix	B8_B000830_S32_L004.mus-8-0-1-1	one_assay_suffix	24m	1	nan	DN4 thymocyte	nan	DN4 thymocyte	facs	24_60_M	3379970.0	2160.0	male	Flowthrough	Thymus	nan	4	21
B8_B001277_S32_L002			24	B8_B001277_S32_L002	24_61_M	Thymus	False	1	False	B8_B001277_S32_L002.mus-6-0-1	exact_library_id_plus_documented_alignment_suffix	B8_B001277_S32_L002.mus-6-0-1-1	one_assay_suffix	24m	1	nan	DN4 thymocyte	nan	DN4 thymocyte	facs	24_61_M	743240.0	2077.0	male	Flowthrough	Thymus	nan	6	5
B8_B001385_S104_L003			24	B8_B001385_S104_L003	24_58_M	Thymus	False	1	False	B8_B001385_S104_L003.mus-4-0-1	exact_library_id_plus_documented_alignment_suffix	B8_B001385_S104_L003.mus-4-0-1-1	one_assay_suffix	24m	1	nan	DN4 thymocyte	nan	DN4 thymocyte	facs	24_58_M	240242.0	2272.0	male	Flowthrough	Thymus	nan	6	5
B8_B001397_S200_L001			24	B8_B001397_S200_L001	24_59_M	Thymus	False	1	False	B8_B001397_S200_L001.mus-5-0-1	exact_library_id_plus_documented_alignment_suffix	B8_B001397_S200_L001.mus-5-0-1-1	one_assay_suffix	24m	1	nan	DN4 thymocyte	nan	DN4 thymocyte	facs	24_59_M	819240.0	2214.0	male	Flowthrough	Thymus	nan	6	5
B8_B002881_S116_L001			24	B8_B002881_S116_L001	24_59_M	Trachea	False	1	False	B8_B002881_S116_L001.mus-2-0-1	exact_library_id_plus_documented_alignment_suffix	B8_B002881_S116_L001.mus-2-0-1-1	one_assay_suffix	24m	1	nan	T cell	nan	nan	facs	24_59_M	874777.0	1257.0	male	nan	Trachea	nan	4	21
B8_B002892_S56			24	B8_B002892_S56	24_58_M	Marrow	False	1	False	B8_B002892_S56.mus-7-0-1	exact_library_id_plus_documented_alignment_suffix	B8_B002892_S56.mus-7-0-1-1	one_assay_suffix	24m	1	nan	CD4-positive, alpha-beta T cell	nan	BM CD4 T cell	facs	24_58_M	261320.0	809.0	male	T-cells	Marrow	nan	4	21
B8_B003031_S128_L004			24	B8_B003031_S128_L004	24_60_M	Marrow	False	1	False	B8_B003031_S128_L004.mus-5-0-1	exact_library_id_plus_documented_alignment_suffix	B8_B003031_S128_L004.mus-5-0-1-1	one_assay_suffix	24m	1	nan	mature alpha-beta T cell	nan	BM CD8 + CD4 T cell	facs	24_60_M	713159.0	2099.0	male	T-cells	Marrow	nan	4	48
B9_B000322_S33_L004	19.0	7.0	24	B9_B000322_S33_L004	24_61_M	SCAT	True	7	True	B9_B000322_S33_L004.mus-8-0-1	exact_library_id_plus_documented_alignment_suffix	B9_B000322_S33_L004.mus-8-0-1-1	one_assay_suffix	24m	1	nan	CD8-positive, alpha-beta T cell	nan	nan	facs	24_61_M	377886.0	2426.0	male	Fat	SCAT	nan	4	9
B9_B000333_S177_L004			24	B9_B000333_S177_L004	24_60_M	MAT	False	1	False	B9_B000333_S177_L004.mus-0-0-1	exact_library_id_plus_documented_alignment_suffix	B9_B000333_S177_L004.mus-0-0-1-1	one_assay_suffix	24m	1	nan	CD8-positive, alpha-beta T cell	nan	nan	facs	24_60_M	772047.0	1660.0	male	Fat	MAT	nan	4	9
B9_B002898_S117			24	B9_B002898_S117	24_58_M	GAT	False	1	False	B9_B002898_S117.mus-7-0-1	exact_library_id_plus_documented_alignment_suffix	B9_B002898_S117.mus-7-0-1-1	one_assay_suffix	24m	1	nan	CD4-positive, alpha-beta T cell	nan	nan	facs	24_58_M	508271.0	929.0	male	Fat	GAT	nan	4	21
B9_B002907_S57_L003			24	B9_B002907_S57_L003	24_59_M	SCAT	False	1	False	B9_B002907_S57_L003.mus-1-0-1	exact_library_id_plus_documented_alignment_suffix	B9_B002907_S57_L003.mus-1-0-1-1	one_assay_suffix	24m	1	nan	T cell	nan	nan	facs	24_59_M	594459.0	1473.0	male	Fat	SCAT	nan	4	9
C10_B000322_S58_L004			24	C10_B000322_S58_L004	24_61_M	SCAT	False	1	False	C10_B000322_S58_L004.mus-8-0-1	exact_library_id_plus_documented_alignment_suffix	C10_B000322_S58_L004.mus-8-0-1-1	one_assay_suffix	24m	1	nan	CD8-positive, alpha-beta T cell	nan	nan	facs	24_61_M	365073.0	1776.0	male	Fat	SCAT	nan	4	9
C10_B000331_S58_L004			24	C10_B000331_S58_L004	24_61_M	GAT	False	1	False	C10_B000331_S58_L004.mus-6-0-1	exact_library_id_plus_documented_alignment_suffix	C10_B000331_S58_L004.mus-6-0-1-1	one_assay_suffix	24m	1	nan	CD4-positive, alpha-beta T cell	nan	nan	facs	24_61_M	351999.0	1133.0	male	Fat	GAT	nan	6	5
C10_B000332_S166_L003	59.0	3.0	24	C10_B000332_S166_L003	24_60_M	SCAT	True	3	True	C10_B000332_S166_L003.mus-0-0-1	exact_library_id_plus_documented_alignment_suffix	C10_B000332_S166_L003.mus-0-0-1-1	one_assay_suffix	24m	1	nan	NK cell	nan	nan	facs	24_60_M	53743.0	783.0	male	Fat	SCAT	nan	4	21
C10_B000830_S58_L004			24	C10_B000830_S58_L004	24_60_M	Thymus	False	1	False	C10_B000830_S58_L004.mus-8-0-1	exact_library_id_plus_documented_alignment_suffix	C10_B000830_S58_L004.mus-8-0-1-1	one_assay_suffix	24m	1	nan	DN4 thymocyte	nan	DN4 thymocyte	facs	24_60_M	6386817.0	2013.0	male	Flowthrough	Thymus	nan	6	5
C10_B001190_S94			24	C10_B001190_S94	24_58_M	MAT	False	1	False	C10_B001190_S94.mus-7-0-1	exact_library_id_plus_documented_alignment_suffix	C10_B001190_S94.mus-7-0-1-1	one_assay_suffix	24m	1	nan	CD8-positive, alpha-beta T cell	nan	nan	facs	24_58_M	807677.0	1383.0	male	Fat	MAT	nan	6	5
C10_B001397_S226_L001			24	C10_B001397_S226_L001	24_59_M	Thymus	False	1	False	C10_B001397_S226_L001.mus-5-0-1	exact_library_id_plus_documented_alignment_suffix	C10_B001397_S226_L001.mus-5-0-1-1	one_assay_suffix	24m	1	nan	thymocyte	nan	proliferating thymocyte; DN to DP transition, dividing (some are Cd8+/ Cd4+, some undergoing VDJ recombination)	facs	24_59_M	1287186.0	4132.0	male	Flowthrough	Thymus	nan	6	21
C10_B002257_S58_L001			24	C10_B002257_S58_L001	24_61_M	Marrow	False	1	False	C10_B002257_S58_L001.mus-6-0-1	exact_library_id_plus_documented_alignment_suffix	C10_B002257_S58_L001.mus-6-0-1-1	one_assay_suffix	24m	1	nan	CD4-positive, alpha-beta T cell	nan	BM CD4 T cell	facs	24_61_M	1357451.0	3085.0	male	B-cells	Marrow	nan	4	48
C10_B002892_S82			24	C10_B002892_S82	24_58_M	Marrow	False	1	False	C10_B002892_S82.mus-7-0-1	exact_library_id_plus_documented_alignment_suffix	C10_B002892_S82.mus-7-0-1-1	one_assay_suffix	24m	1	nan	NK cell	nan	NK cell	facs	24_58_M	1639177.0	2503.0	male	T-cells	Marrow	nan	4	9
C10_B003031_S154_L004			24	C10_B003031_S154_L004	24_60_M	Marrow	False	1	False	C10_B003031_S154_L004.mus-5-0-1	exact_library_id_plus_documented_alignment_suffix	C10_B003031_S154_L004.mus-5-0-1-1	one_assay_suffix	24m	1	nan	basophil	nan	basophil	facs	24_60_M	259262.0	2270.0	male	T-cells	Marrow	nan	4	21
C11_B000337_S251_L003	29.0	2.0	24	C11_B000337_S251_L003	24_60_M	GAT	True	2	True	C11_B000337_S251_L003.mus-0-0-1	exact_library_id_plus_documented_alignment_suffix	C11_B000337_S251_L003.mus-0-0-1-1	one_assay_suffix	24m	1	nan	CD4-positive, alpha-beta T cell	nan	nan	facs	24_60_M	470698.0	1078.0	male	Fat	GAT	nan	4	21
C11_B000830_S59_L004			24	C11_B000830_S59_L004	24_60_M	Thymus	False	1	False	C11_B000830_S59_L004.mus-8-0-1	exact_library_id_plus_documented_alignment_suffix	C11_B000830_S59_L004.mus-8-0-1-1	one_assay_suffix	24m	1	nan	DN4 thymocyte	nan	DN4 thymocyte	facs	24_60_M	363830.0	1743.0	male	Flowthrough	Thymus	nan	6	5
C11_B000848_S35_L003			24	C11_B000848_S35_L003	24_60_M	Spleen	False	1	False	C11_B000848_S35_L003.mus-5-0-1	exact_library_id_plus_documented_alignment_suffix	C11_B000848_S35_L003.mus-5-0-1-1	one_assay_suffix	24m	1	nan	CD4-positive, alpha-beta T cell	nan	Cd3e T cell	facs	24_60_M	1089028.0	2526.0	male	nan	Spleen	nan	4	21
C11_B001183_S299_L003			24	C11_B001183_S299_L003	24_59_M	MAT	False	1	False	C11_B001183_S299_L003.mus-1-0-1	exact_library_id_plus_documented_alignment_suffix	C11_B001183_S299_L003.mus-1-0-1-1	one_assay_suffix	24m	1	nan	CD4-positive, alpha-beta T cell	nan	nan	facs	24_59_M	964965.0	1406.0	male	Fat	MAT	nan	4	21
C11_B001277_S59_L002			24	C11_B001277_S59_L002	24_61_M	Thymus	False	1	False	C11_B001277_S59_L002.mus-6-0-1	exact_library_id_plus_documented_alignment_suffix	C11_B001277_S59_L002.mus-6-0-1-1	one_assay_suffix	24m	1	nan	DN4 thymocyte	nan	DN4 thymocyte	facs	24_61_M	634525.0	1804.0	male	Flowthrough	Thymus	nan	4	9
C11_B001385_S131_L003			24	C11_B001385_S131_L003	24_58_M	Thymus	False	1	False	C11_B001385_S131_L003.mus-4-0-1	exact_library_id_plus_documented_alignment_suffix	C11_B001385_S131_L003.mus-4-0-1-1	one_assay_suffix	24m	1	nan	DN4 thymocyte	nan	DN4 thymocyte	facs	24_58_M	842381.0	2617.0	male	Flowthrough	Thymus	nan	6	5
C11_B001397_S227_L001			24	C11_B001397_S227_L001	24_59_M	Thymus	False	1	False	C11_B001397_S227_L001.mus-5-0-1	exact_library_id_plus_documented_alignment_suffix	C11_B001397_S227_L001.mus-5-0-1-1	one_assay_suffix	24m	1	nan	DN4 thymocyte	nan	DN4 thymocyte	facs	24_59_M	544800.0	1956.0	male	Flowthrough	Thymus	nan	6	5
C11_B002898_S143			24	C11_B002898_S143	24_58_M	GAT	False	1	False	C11_B002898_S143.mus-7-0-1	exact_library_id_plus_documented_alignment_suffix	C11_B002898_S143.mus-7-0-1-1	one_assay_suffix	24m	1	nan	CD4-positive, alpha-beta T cell	nan	nan	facs	24_58_M	614119.0	1398.0	male	Fat	GAT	nan	6	5
C11_B002900_S167_L003			24	C11_B002900_S167_L003	24_59_M	GAT	False	1	False	C11_B002900_S167_L003.mus-4-0-1	exact_library_id_plus_documented_alignment_suffix	C11_B002900_S167_L003.mus-4-0-1-1	one_assay_suffix	24m	1	nan	CD4-positive, alpha-beta T cell	nan	nan	facs	24_59_M	504847.0	1238.0	male	Fat	GAT	nan	4	21
C11_B003902_S179_L002			24	C11_B003902_S179_L002	24_59_M	Liver	False	1	False	C11_B003902_S179_L002.mus-2-0-1	exact_library_id_plus_documented_alignment_suffix	C11_B003902_S179_L002.mus-2-0-1-1	one_assay_suffix	24m	1	nan	CD4-positive, alpha-beta T cell	nan	nan	facs	24_59_M	204898.0	1184.0	male	Non-hepatocytes	Liver	nan	4	21
C12_B000333_S204_L004	77.0	5.0	24	C12_B000333_S204_L004	24_60_M	MAT	True	5	True	C12_B000333_S204_L004.mus-0-0-1	exact_library_id_plus_documented_alignment_suffix	C12_B000333_S204_L004.mus-0-0-1-1	one_assay_suffix	24m	1	nan	T cell	nan	nan	facs	24_60_M	487214.0	1438.0	male	Fat	MAT	nan	4	21
C12_B001183_S300_L003			24	C12_B001183_S300_L003	24_59_M	MAT	False	1	False	C12_B001183_S300_L003.mus-1-0-1	exact_library_id_plus_documented_alignment_suffix	C12_B001183_S300_L003.mus-1-0-1-1	one_assay_suffix	24m	1	nan	CD4-positive, alpha-beta T cell	nan	nan	facs	24_59_M	724748.0	1204.0	male	Fat	MAT	nan	4	21
C12_B001190_S96			24	C12_B001190_S96	24_58_M	MAT	False	1	False	C12_B001190_S96.mus-7-0-1	exact_library_id_plus_documented_alignment_suffix	C12_B001190_S96.mus-7-0-1-1	one_assay_suffix	24m	1	nan	CD8-positive, alpha-beta T cell	nan	nan	facs	24_58_M	421570.0	1455.0	male	Fat	MAT	nan	6	5
C12_B001263_S228			24	C12_B001263_S228	24_58_M	Spleen	False	1	False	C12_B001263_S228.mus-7-0-1	exact_library_id_plus_documented_alignment_suffix	C12_B001263_S228.mus-7-0-1-1	one_assay_suffix	24m	1	nan	CD4-positive, alpha-beta T cell	nan	Cd3e T cell	facs	24_58_M	731430.0	1684.0	male	nan	Spleen	nan	6	5
C12_B001385_S132_L003			24	C12_B001385_S132_L003	24_58_M	Thymus	False	1	False	C12_B001385_S132_L003.mus-4-0-1	exact_library_id_plus_documented_alignment_suffix	C12_B001385_S132_L003.mus-4-0-1-1	one_assay_suffix	24m	1	nan	thymocyte	nan	proliferating thymocyte; DN to DP transition, dividing (some are Cd8+/ Cd4+, some undergoing VDJ recombination)	facs	24_58_M	847502.0	2989.0	male	Flowthrough	Thymus	nan	21	23
C12_B002881_S144_L001			24	C12_B002881_S144_L001	24_59_M	Trachea	False	1	False	C12_B002881_S144_L001.mus-2-0-1	exact_library_id_plus_documented_alignment_suffix	C12_B002881_S144_L001.mus-2-0-1-1	one_assay_suffix	24m	1	nan	T cell	nan	nan	facs	24_59_M	842578.0	1096.0	male	nan	Trachea	nan	4	9
C12_B002992_S60_L003			24	C12_B002992_S60_L003	24_61_M	Marrow	False	1	False	C12_B002992_S60_L003.mus-8-0-1	exact_library_id_plus_documented_alignment_suffix	C12_B002992_S60_L003.mus-8-0-1-1	one_assay_suffix	24m	1	nan	mature alpha-beta T cell	nan	BM CD8 + CD4 T cell	facs	24_61_M	132967.0	1509.0	male	T-cells	Marrow	nan	4	9
C13_B001261_S37_L003	80.0	2.0	24	C13_B001261_S37_L003	24_59_M	Kidney	True	2	True	C13_B001261_S37_L003.mus-2-0-1	exact_library_id_plus_documented_alignment_suffix	C13_B001261_S37_L003.mus-2-0-1-1	one_assay_suffix	24m	1	nan	T cell	nan	T cell	facs	24_59_M	1997054.0	1705.0	male	nan	Kidney	nan	4	9
C13_B001263_S229			24	C13_B001263_S229	24_58_M	Spleen	False	1	False	C13_B001263_S229.mus-7-0-1	exact_library_id_plus_documented_alignment_suffix	C13_B001263_S229.mus-7-0-1-1	one_assay_suffix	24m	1	nan	CD4-positive, alpha-beta T cell	nan	Cd3e T cell	facs	24_58_M	315178.0	1386.0	male	nan	Spleen	nan	4	21
C13_B001385_S133_L003			24	C13_B001385_S133_L003	24_58_M	Thymus	False	1	False	C13_B001385_S133_L003.mus-4-0-1	exact_library_id_plus_documented_alignment_suffix	C13_B001385_S133_L003.mus-4-0-1-1	one_assay_suffix	24m	1	nan	thymocyte	nan	proliferating thymocyte; DN to DP transition, dividing (some are Cd8+/ Cd4+, some undergoing VDJ recombination)	facs	24_58_M	609313.0	2254.0	male	Flowthrough	Thymus	nan	21	23
C13_B001397_S229_L001			24	C13_B001397_S229_L001	24_59_M	Thymus	False	1	False	C13_B001397_S229_L001.mus-5-0-1	exact_library_id_plus_documented_alignment_suffix	C13_B001397_S229_L001.mus-5-0-1-1	one_assay_suffix	24m	1	nan	thymocyte	nan	proliferating thymocyte; DN to DP transition, dividing (some are Cd8+/ Cd4+, some undergoing VDJ recombination)	facs	24_59_M	4167814.0	5291.0	male	Flowthrough	Thymus	nan	21	23
C13_B002892_S85			24	C13_B002892_S85	24_58_M	Marrow	False	1	False	C13_B002892_S85.mus-7-0-1	exact_library_id_plus_documented_alignment_suffix	C13_B002892_S85.mus-7-0-1-1	one_assay_suffix	24m	1	nan	mature alpha-beta T cell	nan	BM CD8 + CD4 T cell	facs	24_58_M	721201.0	803.0	male	T-cells	Marrow	nan	4	9
C13_B002990_S61_L003			24	C13_B002990_S61_L003	24_61_M	Trachea	False	1	False	C13_B002990_S61_L003.mus-6-0-1	exact_library_id_plus_documented_alignment_suffix	C13_B002990_S61_L003.mus-6-0-1-1	one_assay_suffix	24m	1	nan	T cell	nan	nan	facs	24_61_M	734561.0	1726.0	male	nan	Trachea	nan	4	21
C13_B003031_S157_L004			24	C13_B003031_S157_L004	24_60_M	Marrow	False	1	False	C13_B003031_S157_L004.mus-5-0-1	exact_library_id_plus_documented_alignment_suffix	C13_B003031_S157_L004.mus-5-0-1-1	one_assay_suffix	24m	1	nan	CD4-positive, alpha-beta T cell	nan	BM CD4 T cell	facs	24_60_M	51669.0	1064.0	male	T-cells	Marrow	nan	4	21
C14_B000844_S14_L001	7.0	12.0	24	C14_B000844_S14_L001	24_60_M	Kidney	True	12	True	C14_B000844_S14_L001.mus-5-0-1	exact_library_id_plus_documented_alignment_suffix	C14_B000844_S14_L001.mus-5-0-1-1	one_assay_suffix	24m	1	nan	T cell	nan	T cell	facs	24_60_M	698605.0	1823.0	male	nan	Kidney	nan	4	9
C14_B001190_S98			24	C14_B001190_S98	24_58_M	MAT	False	1	False	C14_B001190_S98.mus-7-0-1	exact_library_id_plus_documented_alignment_suffix	C14_B001190_S98.mus-7-0-1-1	one_assay_suffix	24m	1	nan	CD4-positive, alpha-beta T cell	nan	nan	facs	24_58_M	418647.0	1252.0	male	Fat	MAT	nan	6	5
C14_B001277_S62_L002			24	C14_B001277_S62_L002	24_61_M	Thymus	False	1	False	C14_B001277_S62_L002.mus-6-0-1	exact_library_id_plus_documented_alignment_suffix	C14_B001277_S62_L002.mus-6-0-1-1	one_assay_suffix	24m	1	nan	thymocyte	nan	proliferating thymocyte; DN to DP transition, dividing (some are Cd8+/ Cd4+, some undergoing VDJ recombination)	facs	24_61_M	1223780.0	3075.0	male	Flowthrough	Thymus	nan	21	23
C14_B002887_S146_L001			24	C14_B002887_S146_L001	24_58_M	BAT	False	1	False	C14_B002887_S146_L001.mus-4-0-1	exact_library_id_plus_documented_alignment_suffix	C14_B002887_S146_L001.mus-4-0-1-1	one_assay_suffix	24m	1	nan	T cell	nan	nan	facs	24_58_M	341806.0	1058.0	male	Fat	BAT	nan	4	21
C14_B002900_S170_L003			24	C14_B002900_S170_L003	24_59_M	GAT	False	1	False	C14_B002900_S170_L003.mus-4-0-1	exact_library_id_plus_documented_alignment_suffix	C14_B002900_S170_L003.mus-4-0-1-1	one_assay_suffix	24m	1	nan	CD4-positive, alpha-beta T cell	nan	nan	facs	24_59_M	837639.0	1263.0	male	Fat	GAT	nan	4	21
C14_B003031_S158_L004			24	C14_B003031_S158_L004	24_60_M	Marrow	False	1	False	C14_B003031_S158_L004.mus-5-0-1	exact_library_id_plus_documented_alignment_suffix	C14_B003031_S158_L004.mus-5-0-1-1	one_assay_suffix	24m	1	nan	mature alpha-beta T cell	nan	BM CD8 + CD4 T cell	facs	24_60_M	92949.0	2042.0	male	T-cells	Marrow	nan	4	48
C15_B000844_S15_L001			24	C15_B000844_S15_L001	24_60_M	Kidney	False	1	False	C15_B000844_S15_L001.mus-5-0-1	exact_library_id_plus_documented_alignment_suffix	C15_B000844_S15_L001.mus-5-0-1-1	one_assay_suffix	24m	1	nan	T cell	nan	T cell	facs	24_60_M	1765230.0	3388.0	male	nan	Kidney	nan	4	21
C15_B001188_S15			24	C15_B001188_S15	24_58_M	SCAT	False	1	False	C15_B001188_S15.mus-7-0-1	exact_library_id_plus_documented_alignment_suffix	C15_B001188_S15.mus-7-0-1-1	one_assay_suffix	24m	1	nan	CD4-positive, alpha-beta T cell	nan	nan	facs	24_58_M	380397.0	1030.0	male	Fat	SCAT	nan	40	47
C15_B001263_S231			24	C15_B001263_S231	24_58_M	Spleen	False	1	False	C15_B001263_S231.mus-7-0-1	exact_library_id_plus_documented_alignment_suffix	C15_B001263_S231.mus-7-0-1-1	one_assay_suffix	24m	1	nan	CD8-positive, alpha-beta T cell	nan	nan	facs	24_58_M	1777609.0	2239.0	male	nan	Spleen	nan	4	9
C15_B001385_S135_L003			24	C15_B001385_S135_L003	24_58_M	Thymus	False	1	False	C15_B001385_S135_L003.mus-4-0-1	exact_library_id_plus_documented_alignment_suffix	C15_B001385_S135_L003.mus-4-0-1-1	one_assay_suffix	24m	1	nan	thymocyte	nan	DN to DP transition (most are Cd8+/ Cd4+, some undergoing VDJ recombination)	facs	24_58_M	428954.0	1642.0	male	Flowthrough	Thymus	nan	21	23
C15_B001397_S231_L001			24	C15_B001397_S231_L001	24_59_M	Thymus	False	1	False	C15_B001397_S231_L001.mus-5-0-1	exact_library_id_plus_documented_alignment_suffix	C15_B001397_S231_L001.mus-5-0-1-1	one_assay_suffix	24m	1	nan	thymocyte	nan	proliferating thymocyte; DN to DP transition, dividing (some are Cd8+/ Cd4+, some undergoing VDJ recombination)	facs	24_59_M	383543.0	2503.0	male	Flowthrough	Thymus	nan	21	23
C15_B002898_S147			24	C15_B002898_S147	24_58_M	GAT	False	1	False	C15_B002898_S147.mus-7-0-1	exact_library_id_plus_documented_alignment_suffix	C15_B002898_S147.mus-7-0-1-1	one_assay_suffix	24m	1	nan	CD4-positive, alpha-beta T cell	nan	nan	facs	24_58_M	1142840.0	1428.0	male	Fat	GAT	nan	4	9
C15_B002900_S171_L003	12.0	9.0	24	C15_B002900_S171_L003	24_59_M	GAT	True	9	True	C15_B002900_S171_L003.mus-4-0-1	exact_library_id_plus_documented_alignment_suffix	C15_B002900_S171_L003.mus-4-0-1-1	one_assay_suffix	24m	1	nan	CD4-positive, alpha-beta T cell	nan	nan	facs	24_59_M	665635.0	1152.0	male	Fat	GAT	nan	4	21
C15_B002907_S87_L003			24	C15_B002907_S87_L003	24_59_M	SCAT	False	1	False	C15_B002907_S87_L003.mus-1-0-1	exact_library_id_plus_documented_alignment_suffix	C15_B002907_S87_L003.mus-1-0-1-1	one_assay_suffix	24m	1	nan	epithelial cell	nan	nan	facs	24_59_M	655284.0	3139.0	male	Fat	SCAT	nan	4	21
C15_B002949_S135_L002			24	C15_B002949_S135_L002	24_59_M	Marrow	False	1	False	C15_B002949_S135_L002.mus-5-0-1	exact_library_id_plus_documented_alignment_suffix	C15_B002949_S135_L002.mus-5-0-1-1	one_assay_suffix	24m	1	nan	CD4-positive, alpha-beta T cell	nan	BM CD4 T cell	facs	24_59_M	1071261.0	1370.0	male	T-cells	Marrow	nan	4	21
C15_B003841_S39	39.0	8.0	24	C15_B003841_S39	24_58_M	Heart	True	8	True	C15_B003841_S39.mus-7-0-1	exact_library_id_plus_documented_alignment_suffix	C15_B003841_S39.mus-7-0-1-1	one_assay_suffix	24m	1	nan	T cell	nan	T cell	facs	24_58_M	142788.0	1363.0	male	RA	Heart	nan	4	9
C16_B000848_S40_L003			24	C16_B000848_S40_L003	24_60_M	Spleen	False	1	False	C16_B000848_S40_L003.mus-5-0-1	exact_library_id_plus_documented_alignment_suffix	C16_B000848_S40_L003.mus-5-0-1-1	one_assay_suffix	24m	1	nan	CD8-positive, alpha-beta T cell	nan	nan	facs	24_60_M	482839.0	1840.0	male	nan	Spleen	nan	4	9
C16_B001188_S16			24	C16_B001188_S16	24_58_M	SCAT	False	1	False	C16_B001188_S16.mus-7-0-1	exact_library_id_plus_documented_alignment_suffix	C16_B001188_S16.mus-7-0-1-1	one_assay_suffix	24m	1	nan	NK cell	nan	nan	facs	24_58_M	504105.0	1460.0	male	Fat	SCAT	nan	4	9
C16_B001190_S100			24	C16_B001190_S100	24_58_M	MAT	False	1	False	C16_B001190_S100.mus-7-0-1	exact_library_id_plus_documented_alignment_suffix	C16_B001190_S100.mus-7-0-1-1	one_assay_suffix	24m	1	nan	CD8-positive, alpha-beta T cell	nan	nan	facs	24_58_M	339485.0	1378.0	male	Fat	MAT	nan	4	21
C16_B003856_S292_L004	21.0	4.0	24	C16_B003856_S292_L004	24_59_M	Heart	True	4	True	C16_B003856_S292_L004.mus-2-0-1	exact_library_id_plus_documented_alignment_suffix	C16_B003856_S292_L004.mus-2-0-1-1	one_assay_suffix	24m	1	nan	T cell	nan	T cell	facs	24_59_M	1525739.0	1663.0	male	LA	Heart	nan	4	21
C16_B003902_S184_L002	25.0	6.0	24	C16_B003902_S184_L002	24_59_M	Liver	True	6	True	C16_B003902_S184_L002.mus-2-0-1	exact_library_id_plus_documented_alignment_suffix	C16_B003902_S184_L002.mus-2-0-1-1	one_assay_suffix	24m	1	nan	T cell	nan	nan	facs	24_59_M	211329.0	1770.0	male	Non-hepatocytes	Liver	nan	4	9
C17_B001385_S137_L003			24	C17_B001385_S137_L003	24_58_M	Thymus	False	1	False	C17_B001385_S137_L003.mus-4-0-1	exact_library_id_plus_documented_alignment_suffix	C17_B001385_S137_L003.mus-4-0-1-1	one_assay_suffix	24m	1	nan	thymocyte	nan	DN to DP transition (most are Cd8+/ Cd4+, some undergoing VDJ recombination)	facs	24_58_M	469954.0	1380.0	male	Flowthrough	Thymus	nan	21	23
C17_B001397_S233_L001			24	C17_B001397_S233_L001	24_59_M	Thymus	False	1	False	C17_B001397_S233_L001.mus-5-0-1	exact_library_id_plus_documented_alignment_suffix	C17_B001397_S233_L001.mus-5-0-1-1	one_assay_suffix	24m	1	nan	thymocyte	nan	proliferating thymocyte; DN to DP transition, dividing (some are Cd8+/ Cd4+, some undergoing VDJ recombination)	facs	24_59_M	4003640.0	4926.0	male	Flowthrough	Thymus	nan	21	23
C17_B002949_S137_L002			24	C17_B002949_S137_L002	24_59_M	Marrow	False	1	False	C17_B002949_S137_L002.mus-5-0-1	exact_library_id_plus_documented_alignment_suffix	C17_B002949_S137_L002.mus-5-0-1-1	one_assay_suffix	24m	1	nan	CD4-positive, alpha-beta T cell	nan	BM CD4 T cell	facs	24_59_M	1929971.0	2272.0	male	T-cells	Marrow	nan	4	21
C18_B001277_S66_L002			24	C18_B001277_S66_L002	24_61_M	Thymus	False	1	False	C18_B001277_S66_L002.mus-6-0-1	exact_library_id_plus_documented_alignment_suffix	C18_B001277_S66_L002.mus-6-0-1-1	one_assay_suffix	24m	1	nan	thymocyte	nan	proliferating thymocyte; DN to DP transition, dividing (some are Cd8+/ Cd4+, some undergoing VDJ recombination)	facs	24_61_M	2047948.0	5104.0	male	Flowthrough	Thymus	nan	21	23
C18_B001385_S138_L003			24	C18_B001385_S138_L003	24_58_M	Thymus	False	1	False	C18_B001385_S138_L003.mus-4-0-1	exact_library_id_plus_documented_alignment_suffix	C18_B001385_S138_L003.mus-4-0-1-1	one_assay_suffix	24m	1	nan	thymocyte	nan	proliferating thymocyte; DN to DP transition, dividing (some are Cd8+/ Cd4+, some undergoing VDJ recombination)	facs	24_58_M	926205.0	2518.0	male	Flowthrough	Thymus	nan	21	23
C18_B001397_S234_L001			24	C18_B001397_S234_L001	24_59_M	Thymus	False	1	False	C18_B001397_S234_L001.mus-5-0-1	exact_library_id_plus_documented_alignment_suffix	C18_B001397_S234_L001.mus-5-0-1-1	one_assay_suffix	24m	1	nan	thymocyte	nan	proliferating thymocyte; DN to DP transition, dividing (some are Cd8+/ Cd4+, some undergoing VDJ recombination)	facs	24_59_M	2434821.0	3853.0	male	Flowthrough	Thymus	nan	21	23
C18_B002949_S138_L002			24	C18_B002949_S138_L002	24_59_M	Marrow	False	1	False	C18_B002949_S138_L002.mus-5-0-1	exact_library_id_plus_documented_alignment_suffix	C18_B002949_S138_L002.mus-5-0-1-1	one_assay_suffix	24m	1	nan	CD4-positive, alpha-beta T cell	nan	BM CD4 T cell	facs	24_59_M	1183722.0	1567.0	male	T-cells	Marrow	nan	4	21
C18_B003234_S126_L004			24	C18_B003234_S126_L004	24_60_M	Lung	False	1	False	C18_B003234_S126_L004.mus-5-0-1	exact_library_id_plus_documented_alignment_suffix	C18_B003234_S126_L004.mus-5-0-1-1	one_assay_suffix	24m	1	nan	CD8-positive, alpha-beta T cell	nan	CD8+ T	facs	24_60_M	688446.0	1769.0	male	EPCAM	Lung	nan	4	9
C18_B003902_S186_L002	24.0	34.0	24	C18_B003902_S186_L002	24_59_M	Liver	True	34	True	C18_B003902_S186_L002.mus-2-0-1	exact_library_id_plus_documented_alignment_suffix	C18_B003902_S186_L002.mus-2-0-1-1	one_assay_suffix	24m	1	nan	CD8-positive, alpha-beta T cell	nan	nan	facs	24_59_M	290479.0	1841.0	male	Non-hepatocytes	Liver	nan	4	9
C19_B001385_S139_L003			24	C19_B001385_S139_L003	24_58_M	Thymus	False	1	False	C19_B001385_S139_L003.mus-4-0-1	exact_library_id_plus_documented_alignment_suffix	C19_B001385_S139_L003.mus-4-0-1-1	one_assay_suffix	24m	1	nan	thymocyte	nan	proliferating thymocyte; DN to DP transition, dividing (some are Cd8+/ Cd4+, some undergoing VDJ recombination)	facs	24_58_M	931684.0	2229.0	male	Flowthrough	Thymus	nan	21	23
C19_B002892_S91			24	C19_B002892_S91	24_58_M	Marrow	False	1	False	C19_B002892_S91.mus-7-0-1	exact_library_id_plus_documented_alignment_suffix	C19_B002892_S91.mus-7-0-1-1	one_assay_suffix	24m	1	nan	CD4-positive, alpha-beta T cell	nan	BM CD4 T cell	facs	24_58_M	1025382.0	679.0	male	T-cells	Marrow	nan	4	21
C1_B001397_S217_L001			24	C1_B001397_S217_L001	24_59_M	Thymus	False	1	False	C1_B001397_S217_L001.mus-5-0-1	exact_library_id_plus_documented_alignment_suffix	C1_B001397_S217_L001.mus-5-0-1-1	one_assay_suffix	24m	1	nan	DN4 thymocyte	nan	DN4 thymocyte	facs	24_59_M	709914.0	2321.0	male	Flowthrough	Thymus	nan	6	5
C1_B002892_S73			24	C1_B002892_S73	24_58_M	Marrow	False	1	False	C1_B002892_S73.mus-7-0-1	exact_library_id_plus_documented_alignment_suffix	C1_B002892_S73.mus-7-0-1-1	one_assay_suffix	24m	1	nan	NK cell	nan	Klrb1a/b/c(-) NK cell	facs	24_58_M	1211418.0	2159.0	male	T-cells	Marrow	nan	11	7
C20_B001385_S140_L003			24	C20_B001385_S140_L003	24_58_M	Thymus	False	1	False	C20_B001385_S140_L003.mus-4-0-1	exact_library_id_plus_documented_alignment_suffix	C20_B001385_S140_L003.mus-4-0-1-1	one_assay_suffix	24m	1	nan	thymocyte	nan	proliferating thymocyte; DN to DP transition, dividing (some are Cd8+/ Cd4+, some undergoing VDJ recombination)	facs	24_58_M	806805.0	2208.0	male	Flowthrough	Thymus	nan	21	23
C20_B001397_S236_L001			24	C20_B001397_S236_L001	24_59_M	Thymus	False	1	False	C20_B001397_S236_L001.mus-5-0-1	exact_library_id_plus_documented_alignment_suffix	C20_B001397_S236_L001.mus-5-0-1-1	one_assay_suffix	24m	1	nan	thymocyte	nan	proliferating thymocyte; DN to DP transition, dividing (some are Cd8+/ Cd4+, some undergoing VDJ recombination)	facs	24_59_M	1952998.0	3274.0	male	Flowthrough	Thymus	nan	21	23
C20_B002875_S236_L001			24	C20_B002875_S236_L001	24_59_M	Lung	False	1	False	C20_B002875_S236_L001.mus-2-0-1	exact_library_id_plus_documented_alignment_suffix	C20_B002875_S236_L001.mus-2-0-1-1	one_assay_suffix	24m	1	nan	T cell	nan	Ly6g5b+ T	facs	24_59_M	1016590.0	1181.0	male	EPCAM	Lung	nan	4	21
C20_B002892_S92			24	C20_B002892_S92	24_58_M	Marrow	False	1	False	C20_B002892_S92.mus-7-0-1	exact_library_id_plus_documented_alignment_suffix	C20_B002892_S92.mus-7-0-1-1	one_assay_suffix	24m	1	nan	granulocytopoietic cell	nan	granulocytopoietic cell	facs	24_58_M	2949896.0	2130.0	male	T-cells	Marrow	nan	11	7
C20_B002990_S68_L003			24	C20_B002990_S68_L003	24_61_M	Trachea	False	1	False	C20_B002990_S68_L003.mus-6-0-1	exact_library_id_plus_documented_alignment_suffix	C20_B002990_S68_L003.mus-6-0-1-1	one_assay_suffix	24m	1	nan	T cell	nan	nan	facs	24_61_M	590482.0	1652.0	male	nan	Trachea	nan	4	21
C20_B003234_S128_L004			24	C20_B003234_S128_L004	24_60_M	Lung	False	1	False	C20_B003234_S128_L004.mus-5-0-1	exact_library_id_plus_documented_alignment_suffix	C20_B003234_S128_L004.mus-5-0-1-1	one_assay_suffix	24m	1	nan	CD8-positive, alpha-beta T cell	nan	CD8+ T	facs	24_60_M	488340.0	1204.0	male	EPCAM	Lung	nan	4	9
C21_B001242_S261			24	C21_B001242_S261	24_58_M	Liver	False	1	False	C21_B001242_S261.mus-7-0-1	exact_library_id_plus_documented_alignment_suffix	C21_B001242_S261.mus-7-0-1-1	one_assay_suffix	24m	1	nan	mature NK T cell	nan	nan	facs	24_58_M	1686147.0	1309.0	male	Non-hepatocytes	Liver	nan	4	9
C21_B001397_S237_L001			24	C21_B001397_S237_L001	24_59_M	Thymus	False	1	False	C21_B001397_S237_L001.mus-5-0-1	exact_library_id_plus_documented_alignment_suffix	C21_B001397_S237_L001.mus-5-0-1-1	one_assay_suffix	24m	1	nan	thymocyte	nan	proliferating thymocyte; DN to DP transition, dividing (some are Cd8+/ Cd4+, some undergoing VDJ recombination)	facs	24_59_M	2283406.0	3441.0	male	Flowthrough	Thymus	nan	21	23
C21_B002892_S93			24	C21_B002892_S93	24_58_M	Marrow	False	1	False	C21_B002892_S93.mus-7-0-1	exact_library_id_plus_documented_alignment_suffix	C21_B002892_S93.mus-7-0-1-1	one_assay_suffix	24m	1	nan	NK cell	nan	NK cell	facs	24_58_M	1220843.0	1231.0	male	T-cells	Marrow	nan	4	9
C21_B002949_S141_L002			24	C21_B002949_S141_L002	24_59_M	Marrow	False	1	False	C21_B002949_S141_L002.mus-5-0-1	exact_library_id_plus_documented_alignment_suffix	C21_B002949_S141_L002.mus-5-0-1-1	one_assay_suffix	24m	1	nan	CD4-positive, alpha-beta T cell	nan	BM CD4 T cell	facs	24_59_M	2465182.0	2159.0	male	T-cells	Marrow	nan	4	21
C22_B000848_S46_L003			24	C22_B000848_S46_L003	24_60_M	Spleen	False	1	False	C22_B000848_S46_L003.mus-5-0-1	exact_library_id_plus_documented_alignment_suffix	C22_B000848_S46_L003.mus-5-0-1-1	one_assay_suffix	24m	1	nan	CD8-positive, alpha-beta T cell	nan	nan	facs	24_60_M	114091.0	1874.0	male	nan	Spleen	nan	4	9
C22_B001385_S142_L003			24	C22_B001385_S142_L003	24_58_M	Thymus	False	1	False	C22_B001385_S142_L003.mus-4-0-1	exact_library_id_plus_documented_alignment_suffix	C22_B001385_S142_L003.mus-4-0-1-1	one_assay_suffix	24m	1	nan	thymocyte	nan	proliferating thymocyte; DN to DP transition, dividing (some are Cd8+/ Cd4+, some undergoing VDJ recombination)	facs	24_58_M	970964.0	2445.0	male	Flowthrough	Thymus	nan	21	23
C22_B003233_S70_L003			24	C22_B003233_S70_L003	24_61_M	Heart	False	1	False	C22_B003233_S70_L003.mus-8-0-1	exact_library_id_plus_documented_alignment_suffix	C22_B003233_S70_L003.mus-8-0-1-1	one_assay_suffix	24m	1	nan	T cell	nan	T cell	facs	24_61_M	1834861.0	1131.0	male	RV	Heart	nan	4	9
C2_B001263_S218			24	C2_B001263_S218	24_58_M	Spleen	False	1	False	C2_B001263_S218.mus-7-0-1	exact_library_id_plus_documented_alignment_suffix	C2_B001263_S218.mus-7-0-1-1	one_assay_suffix	24m	1	nan	CD8-positive, alpha-beta T cell	nan	nan	facs	24_58_M	776271.0	2050.0	male	nan	Spleen	nan	4	9
C2_B001277_S50_L002			24	C2_B001277_S50_L002	24_61_M	Thymus	False	1	False	C2_B001277_S50_L002.mus-6-0-1	exact_library_id_plus_documented_alignment_suffix	C2_B001277_S50_L002.mus-6-0-1-1	one_assay_suffix	24m	1	nan	DN4 thymocyte	nan	DN4 thymocyte	facs	24_61_M	959356.0	1979.0	male	Flowthrough	Thymus	nan	4	9
C2_B002875_S218_L001	1.0	2.0	24	C2_B002875_S218_L001	24_59_M	Lung	True	2	True	C2_B002875_S218_L001.mus-2-0-1	exact_library_id_plus_documented_alignment_suffix	C2_B002875_S218_L001.mus-2-0-1-1	one_assay_suffix	24m	1	nan	regulatory T cell	nan	Regulatory T	facs	24_59_M	496495.0	1136.0	male	EPCAM	Lung	nan	4	21
C3_B001277_S51_L002			24	C3_B001277_S51_L002	24_61_M	Thymus	False	1	False	C3_B001277_S51_L002.mus-6-0-1	exact_library_id_plus_documented_alignment_suffix	C3_B001277_S51_L002.mus-6-0-1-1	one_assay_suffix	24m	1	nan	DN4 thymocyte	nan	DN4 thymocyte	facs	24_61_M	566067.0	1666.0	male	Flowthrough	Thymus	nan	6	5
C3_B001397_S219_L001			24	C3_B001397_S219_L001	24_59_M	Thymus	False	1	False	C3_B001397_S219_L001.mus-5-0-1	exact_library_id_plus_documented_alignment_suffix	C3_B001397_S219_L001.mus-5-0-1-1	one_assay_suffix	24m	1	nan	DN4 thymocyte	nan	DN4 thymocyte	facs	24_59_M	1720717.0	3095.0	male	Flowthrough	Thymus	nan	6	5
C3_B001612_S51_L001	78.0	4.0	24	C3_B001612_S51_L001	24_61_M	Brain_Non-Myeloid	True	4	True	C3_B001612_S51_L001.mus-8-0-1	exact_library_id_plus_documented_alignment_suffix		unmatched																
C4_B000848_S28_L003			24	C4_B000848_S28_L003	24_60_M	Spleen	False	1	False	C4_B000848_S28_L003.mus-5-0-1	exact_library_id_plus_documented_alignment_suffix	C4_B000848_S28_L003.mus-5-0-1-1	one_assay_suffix	24m	1	nan	CD8-positive, alpha-beta T cell	nan	nan	facs	24_60_M	1062998.0	2531.0	male	nan	Spleen	nan	4	9
C4_B001265_S40_L002			24	C4_B001265_S40_L002	24_59_M	Spleen	False	1	False	C4_B001265_S40_L002.mus-2-0-1	exact_library_id_plus_documented_alignment_suffix	C4_B001265_S40_L002.mus-2-0-1-1	one_assay_suffix	24m	1	nan	CD8-positive, alpha-beta T cell	nan	nan	facs	24_59_M	964397.0	1633.0	male	nan	Spleen	nan	4	9
C4_B001277_S52_L002			24	C4_B001277_S52_L002	24_61_M	Thymus	False	1	False	C4_B001277_S52_L002.mus-6-0-1	exact_library_id_plus_documented_alignment_suffix	C4_B001277_S52_L002.mus-6-0-1-1	one_assay_suffix	24m	1	nan	thymocyte	nan	proliferating thymocyte; DN to DP transition, dividing (some are Cd8+/ Cd4+, some undergoing VDJ recombination)	facs	24_61_M	1587926.0	3439.0	male	Flowthrough	Thymus	nan	21	23
C4_B002875_S220_L001			24	C4_B002875_S220_L001	24_59_M	Lung	False	1	False	C4_B002875_S220_L001.mus-2-0-1	exact_library_id_plus_documented_alignment_suffix	C4_B002875_S220_L001.mus-2-0-1-1	one_assay_suffix	24m	1	nan	regulatory T cell	nan	Regulatory T	facs	24_59_M	839637.0	1335.0	male	EPCAM	Lung	nan	4	21
C5_B001277_S53_L002			24	C5_B001277_S53_L002	24_61_M	Thymus	False	1	False	C5_B001277_S53_L002.mus-6-0-1	exact_library_id_plus_documented_alignment_suffix	C5_B001277_S53_L002.mus-6-0-1-1	one_assay_suffix	24m	1	nan	DN4 thymocyte	nan	DN4 thymocyte	facs	24_61_M	462216.0	1607.0	male	Flowthrough	Thymus	nan	6	5
C5_B001385_S125_L003			24	C5_B001385_S125_L003	24_58_M	Thymus	False	1	False	C5_B001385_S125_L003.mus-4-0-1	exact_library_id_plus_documented_alignment_suffix	C5_B001385_S125_L003.mus-4-0-1-1	one_assay_suffix	24m	1	nan	DN4 thymocyte	nan	DN4 thymocyte	facs	24_58_M	1027617.0	1655.0	male	Flowthrough	Thymus	nan	4	21
C5_B001397_S221_L001			24	C5_B001397_S221_L001	24_59_M	Thymus	False	1	False	C5_B001397_S221_L001.mus-5-0-1	exact_library_id_plus_documented_alignment_suffix	C5_B001397_S221_L001.mus-5-0-1-1	one_assay_suffix	24m	1	nan	DN4 thymocyte	nan	DN4 thymocyte	facs	24_59_M	771303.0	2038.0	male	Flowthrough	Thymus	nan	6	5
C5_B002949_S125_L002	79.0	3.0	24	C5_B002949_S125_L002	24_59_M	Marrow	True	3	True	C5_B002949_S125_L002.mus-5-0-1	exact_library_id_plus_documented_alignment_suffix	C5_B002949_S125_L002.mus-5-0-1-1	one_assay_suffix	24m	1	nan	mature alpha-beta T cell	nan	BM CD8 + CD4 T cell	facs	24_59_M	3327436.0	3174.0	male	T-cells	Marrow	nan	4	48
C6_B000830_S54_L004			24	C6_B000830_S54_L004	24_60_M	Thymus	False	1	False	C6_B000830_S54_L004.mus-8-0-1	exact_library_id_plus_documented_alignment_suffix	C6_B000830_S54_L004.mus-8-0-1-1	one_assay_suffix	24m	1	nan	DN4 thymocyte	nan	DN4 thymocyte	facs	24_60_M	132801.0	1391.0	male	Flowthrough	Thymus	nan	4	9
C6_B001259_S282_L004			24	C6_B001259_S282_L004	24_58_M	Kidney	False	1	False	C6_B001259_S282_L004.mus-4-0-1	exact_library_id_plus_documented_alignment_suffix	C6_B001259_S282_L004.mus-4-0-1-1	one_assay_suffix	24m	1	nan	T cell	nan	T cell	facs	24_58_M	2532055.0	1155.0	male	nan	Kidney	nan	4	21
C6_B001385_S126_L003	86.0	2.0	24	C6_B001385_S126_L003	24_58_M	Thymus	True	2	True	C6_B001385_S126_L003.mus-4-0-1	exact_library_id_plus_documented_alignment_suffix	C6_B001385_S126_L003.mus-4-0-1-1	one_assay_suffix	24m	1	nan	DN4 thymocyte	nan	DN4 thymocyte	facs	24_58_M	38103.0	1221.0	male	Flowthrough	Thymus	nan	4	9
C6_B001397_S222_L001			24	C6_B001397_S222_L001	24_59_M	Thymus	False	1	False	C6_B001397_S222_L001.mus-5-0-1	exact_library_id_plus_documented_alignment_suffix	C6_B001397_S222_L001.mus-5-0-1-1	one_assay_suffix	24m	1	nan	DN4 thymocyte	nan	DN4 thymocyte	facs	24_59_M	1146797.0	2628.0	male	Flowthrough	Thymus	nan	6	5
C7_B000830_S55_L004			24	C7_B000830_S55_L004	24_60_M	Thymus	False	1	False	C7_B000830_S55_L004.mus-8-0-1	exact_library_id_plus_documented_alignment_suffix	C7_B000830_S55_L004.mus-8-0-1-1	one_assay_suffix	24m	1	nan	DN4 thymocyte	nan	DN4 thymocyte	facs	24_60_M	2379387.0	2089.0	male	Flowthrough	Thymus	nan	4	21
C7_B001263_S223			24	C7_B001263_S223	24_58_M	Spleen	False	1	False	C7_B001263_S223.mus-7-0-1	exact_library_id_plus_documented_alignment_suffix	C7_B001263_S223.mus-7-0-1-1	one_assay_suffix	24m	1	nan	CD8-positive, alpha-beta T cell	nan	Cd3e T cell	facs	24_58_M	681272.0	2173.0	male	nan	Spleen	nan	6	5
C7_B001277_S55_L002	78.0	4.0	24	C7_B001277_S55_L002	24_61_M	Thymus	True	4	True	C7_B001277_S55_L002.mus-6-0-1	exact_library_id_plus_documented_alignment_suffix	C7_B001277_S55_L002.mus-6-0-1-1	one_assay_suffix	24m	1	nan	DN4 thymocyte	nan	DN4 thymocyte	facs	24_61_M	831554.0	1948.0	male	Flowthrough	Thymus	nan	4	9
C7_B001397_S223_L001			24	C7_B001397_S223_L001	24_59_M	Thymus	False	1	False	C7_B001397_S223_L001.mus-5-0-1	exact_library_id_plus_documented_alignment_suffix	C7_B001397_S223_L001.mus-5-0-1-1	one_assay_suffix	24m	1	nan	DN4 thymocyte	nan	DN4 thymocyte	facs	24_59_M	1967364.0	2961.0	male	Flowthrough	Thymus	nan	4	21
C7_B002949_S127_L002	37.0	2.0	24	C7_B002949_S127_L002	24_59_M	Marrow	True	2	True	C7_B002949_S127_L002.mus-5-0-1	exact_library_id_plus_documented_alignment_suffix	C7_B002949_S127_L002.mus-5-0-1-1	one_assay_suffix	24m	1	nan	mature alpha-beta T cell	nan	BM CD8 + CD4 T cell	facs	24_59_M	1205308.0	1374.0	male	T-cells	Marrow	nan	4	9
C7_B003031_S151_L004			24	C7_B003031_S151_L004	24_60_M	Marrow	False	1	False	C7_B003031_S151_L004.mus-5-0-1	exact_library_id_plus_documented_alignment_suffix	C7_B003031_S151_L004.mus-5-0-1-1	one_assay_suffix	24m	1	nan	CD4-positive, alpha-beta T cell	nan	BM CD4 T cell	facs	24_60_M	816626.0	1464.0	male	T-cells	Marrow	nan	4	5
C8_B000830_S56_L004			24	C8_B000830_S56_L004	24_60_M	Thymus	False	1	False	C8_B000830_S56_L004.mus-8-0-1	exact_library_id_plus_documented_alignment_suffix	C8_B000830_S56_L004.mus-8-0-1-1	one_assay_suffix	24m	1	nan	DN4 thymocyte	nan	DN4 thymocyte	facs	24_60_M	3823079.0	1664.0	male	Flowthrough	Thymus	nan	6	5
C8_B001151_S248_L003	85.0	2.0	24	C8_B001151_S248_L003	24_59_M	Marrow	True	2	True	C8_B001151_S248_L003.mus-2-0-1	exact_library_id_plus_documented_alignment_suffix	C8_B001151_S248_L003.mus-2-0-1-1	one_assay_suffix	24m	1	nan	NK cell	nan	NK cell	facs	24_59_M	1421750.0	1858.0	male	Granulocytes	Marrow	nan	4	9
C8_B001277_S56_L002			24	C8_B001277_S56_L002	24_61_M	Thymus	False	1	False	C8_B001277_S56_L002.mus-6-0-1	exact_library_id_plus_documented_alignment_suffix	C8_B001277_S56_L002.mus-6-0-1-1	one_assay_suffix	24m	1	nan	DN4 thymocyte	nan	DN4 thymocyte	facs	24_61_M	1214180.0	2163.0	male	Flowthrough	Thymus	nan	6	5
C8_B001397_S224_L001			24	C8_B001397_S224_L001	24_59_M	Thymus	False	1	False	C8_B001397_S224_L001.mus-5-0-1	exact_library_id_plus_documented_alignment_suffix	C8_B001397_S224_L001.mus-5-0-1-1	one_assay_suffix	24m	1	nan	DN4 thymocyte	nan	DN4 thymocyte	facs	24_59_M	1455079.0	2685.0	male	Flowthrough	Thymus	nan	6	5
C9_B000844_S9_L001	7.0	12.0	24	C9_B000844_S9_L001	24_60_M	Kidney	True	12	True	C9_B000844_S9_L001.mus-5-0-1	exact_library_id_plus_documented_alignment_suffix	C9_B000844_S9_L001.mus-5-0-1-1	one_assay_suffix	24m	1	nan	T cell	nan	T cell	facs	24_60_M	2464962.0	2273.0	male	nan	Kidney	nan	4	9
C9_B000851_S57_L004	53.0	2.0	24	C9_B000851_S57_L004	24_61_M	Spleen	True	2	True	C9_B000851_S57_L004.mus-6-0-1	exact_library_id_plus_documented_alignment_suffix	C9_B000851_S57_L004.mus-6-0-1-1	one_assay_suffix	24m	1	nan	CD8-positive, alpha-beta T cell	nan	nan	facs	24_61_M	7298798.0	2476.0	male	nan	Spleen	nan	4	9
C9_B001190_S93			24	C9_B001190_S93	24_58_M	MAT	False	1	False	C9_B001190_S93.mus-7-0-1	exact_library_id_plus_documented_alignment_suffix	C9_B001190_S93.mus-7-0-1-1	one_assay_suffix	24m	1	nan	CD4-positive, alpha-beta T cell	nan	nan	facs	24_58_M	544464.0	1345.0	male	Fat	MAT	nan	6	5
C9_B001265_S45_L002			24	C9_B001265_S45_L002	24_59_M	Spleen	False	1	False	C9_B001265_S45_L002.mus-2-0-1	exact_library_id_plus_documented_alignment_suffix	C9_B001265_S45_L002.mus-2-0-1-1	one_assay_suffix	24m	1	nan	CD4-positive, alpha-beta T cell	nan	Cd3e T cell	facs	24_59_M	1293704.0	1548.0	male	nan	Spleen	nan	4	21
C9_B001277_S57_L002			24	C9_B001277_S57_L002	24_61_M	Thymus	False	1	False	C9_B001277_S57_L002.mus-6-0-1	exact_library_id_plus_documented_alignment_suffix	C9_B001277_S57_L002.mus-6-0-1-1	one_assay_suffix	24m	1	nan	DN4 thymocyte	nan	DN4 thymocyte	facs	24_61_M	988077.0	1975.0	male	Flowthrough	Thymus	nan	4	9
C9_B001385_S129_L003			24	C9_B001385_S129_L003	24_58_M	Thymus	False	1	False	C9_B001385_S129_L003.mus-4-0-1	exact_library_id_plus_documented_alignment_suffix	C9_B001385_S129_L003.mus-4-0-1-1	one_assay_suffix	24m	1	nan	DN4 thymocyte	nan	DN4 thymocyte	facs	24_58_M	954317.0	1837.0	male	Flowthrough	Thymus	nan	6	5
C9_B001397_S225_L001			24	C9_B001397_S225_L001	24_59_M	Thymus	False	1	False	C9_B001397_S225_L001.mus-5-0-1	exact_library_id_plus_documented_alignment_suffix	C9_B001397_S225_L001.mus-5-0-1-1	one_assay_suffix	24m	1	nan	DN4 thymocyte	nan	DN4 thymocyte	facs	24_59_M	1280030.0	2356.0	male	Flowthrough	Thymus	nan	6	5
C9_B002881_S141_L001	21.0	4.0	24	C9_B002881_S141_L001	24_59_M	Trachea	True	4	True	C9_B002881_S141_L001.mus-2-0-1	exact_library_id_plus_documented_alignment_suffix	C9_B002881_S141_L001.mus-2-0-1-1	one_assay_suffix	24m	1	nan	T cell	nan	nan	facs	24_59_M	871727.0	941.0	male	nan	Trachea	nan	6	5
C9_B002892_S81			24	C9_B002892_S81	24_58_M	Marrow	False	1	False	C9_B002892_S81.mus-7-0-1	exact_library_id_plus_documented_alignment_suffix	C9_B002892_S81.mus-7-0-1-1	one_assay_suffix	24m	1	nan	CD4-positive, alpha-beta T cell	nan	BM CD4 T cell	facs	24_58_M	462844.0	900.0	male	T-cells	Marrow	nan	4	21
D10_B000331_S82_L004			24	D10_B000331_S82_L004	24_61_M	GAT	False	1	False	D10_B000331_S82_L004.mus-6-0-1	exact_library_id_plus_documented_alignment_suffix	D10_B000331_S82_L004.mus-6-0-1-1	one_assay_suffix	24m	1	nan	CD4-positive, alpha-beta T cell	nan	nan	facs	24_61_M	509078.0	1151.0	male	Fat	GAT	nan	4	9
D10_B001183_S22_L003			24	D10_B001183_S22_L003	24_59_M	MAT	False	1	False	D10_B001183_S22_L003.mus-1-0-1	exact_library_id_plus_documented_alignment_suffix	D10_B001183_S22_L003.mus-1-0-1-1	one_assay_suffix	24m	1	nan	CD8-positive, alpha-beta T cell	nan	nan	facs	24_59_M	2538416.0	2105.0	male	Fat	MAT	nan	4	9
D10_B001188_S34			24	D10_B001188_S34	24_58_M	SCAT	False	1	False	D10_B001188_S34.mus-7-0-1	exact_library_id_plus_documented_alignment_suffix	D10_B001188_S34.mus-7-0-1-1	one_assay_suffix	24m	1	nan	T cell	nan	nan	facs	24_58_M	4060750.0	1547.0	male	Fat	SCAT	nan	6	5
D10_B001263_S250			24	D10_B001263_S250	24_58_M	Spleen	False	1	False	D10_B001263_S250.mus-7-0-1	exact_library_id_plus_documented_alignment_suffix	D10_B001263_S250.mus-7-0-1-1	one_assay_suffix	24m	1	nan	CD4-positive, alpha-beta T cell	nan	Cd3e T cell	facs	24_58_M	526508.0	1315.0	male	nan	Spleen	nan	6	5
D10_B001277_S82_L002			24	D10_B001277_S82_L002	24_61_M	Thymus	False	1	False	D10_B001277_S82_L002.mus-6-0-1	exact_library_id_plus_documented_alignment_suffix	D10_B001277_S82_L002.mus-6-0-1-1	one_assay_suffix	24m	1	nan	DN4 thymocyte	nan	DN4 thymocyte	facs	24_61_M	1085108.0	2600.0	male	Flowthrough	Thymus	nan	4	9
D10_B001385_S154_L003			24	D10_B001385_S154_L003	24_58_M	Thymus	False	1	False	D10_B001385_S154_L003.mus-4-0-1	exact_library_id_plus_documented_alignment_suffix	D10_B001385_S154_L003.mus-4-0-1-1	one_assay_suffix	24m	1	nan	DN4 thymocyte	nan	DN4 thymocyte	facs	24_58_M	587129.0	2198.0	male	Flowthrough	Thymus	nan	6	5
D10_B001386_S22_L003			24	D10_B001386_S22_L003	24_58_M	Liver	False	1	False	D10_B001386_S22_L003.mus-2-0-1	exact_library_id_plus_documented_alignment_suffix	D10_B001386_S22_L003.mus-2-0-1-1	one_assay_suffix	24m	1	nan	T cell	nan	nan	facs	24_58_M	1711457.0	1730.0	male	Non-hepatocytes	Liver	nan	40	47
D10_B001397_S250_L001			24	D10_B001397_S250_L001	24_59_M	Thymus	False	1	False	D10_B001397_S250_L001.mus-5-0-1	exact_library_id_plus_documented_alignment_suffix	D10_B001397_S250_L001.mus-5-0-1-1	one_assay_suffix	24m	1	nan	DN4 thymocyte	nan	DN4 thymocyte	facs	24_59_M	740027.0	1960.0	male	Flowthrough	Thymus	nan	6	5
D11_B000331_S83_L004	15.0	15.0	24	D11_B000331_S83_L004	24_61_M	GAT	True	15	True	D11_B000331_S83_L004.mus-6-0-1	exact_library_id_plus_documented_alignment_suffix	D11_B000331_S83_L004.mus-6-0-1-1	one_assay_suffix	24m	1	nan	CD4-positive, alpha-beta T cell	nan	nan	facs	24_61_M	486100.0	1590.0	male	Fat	GAT	nan	4	9
D11_B001183_S23_L003			24	D11_B001183_S23_L003	24_59_M	MAT	False	1	False	D11_B001183_S23_L003.mus-1-0-1	exact_library_id_plus_documented_alignment_suffix	D11_B001183_S23_L003.mus-1-0-1-1	one_assay_suffix	24m	1	nan	CD8-positive, alpha-beta T cell	nan	nan	facs	24_59_M	2666538.0	1803.0	male	Fat	MAT	nan	4	9
D11_B001385_S155_L003			24	D11_B001385_S155_L003	24_58_M	Thymus	False	1	False	D11_B001385_S155_L003.mus-4-0-1	exact_library_id_plus_documented_alignment_suffix	D11_B001385_S155_L003.mus-4-0-1-1	one_assay_suffix	24m	1	nan	DN4 thymocyte	nan	DN4 thymocyte	facs	24_58_M	327208.0	1667.0	male	Flowthrough	Thymus	nan	6	5
D11_B002892_S107			24	D11_B002892_S107	24_58_M	Marrow	False	1	False	D11_B002892_S107.mus-7-0-1	exact_library_id_plus_documented_alignment_suffix	D11_B002892_S107.mus-7-0-1-1	one_assay_suffix	24m	1	nan	CD4-positive, alpha-beta T cell	nan	BM CD4 T cell	facs	24_58_M	1443521.0	1505.0	male	T-cells	Marrow	nan	4	48
D12_B000848_S60_L003			24	D12_B000848_S60_L003	24_60_M	Spleen	False	1	False	D12_B000848_S60_L003.mus-5-0-1	exact_library_id_plus_documented_alignment_suffix	D12_B000848_S60_L003.mus-5-0-1-1	one_assay_suffix	24m	1	nan	CD4-positive, alpha-beta T cell	nan	Cd3e T cell	facs	24_60_M	755187.0	2254.0	male	nan	Spleen	nan	4	21
D12_B001277_S84_L002			24	D12_B001277_S84_L002	24_61_M	Thymus	False	1	False	D12_B001277_S84_L002.mus-6-0-1	exact_library_id_plus_documented_alignment_suffix	D12_B001277_S84_L002.mus-6-0-1-1	one_assay_suffix	24m	1	nan	thymocyte	nan	proliferating thymocyte; DN to DP transition, dividing (some are Cd8+/ Cd4+, some undergoing VDJ recombination)	facs	24_61_M	1363803.0	2521.0	male	Flowthrough	Thymus	nan	21	23
D12_B001397_S252_L001			24	D12_B001397_S252_L001	24_59_M	Thymus	False	1	False	D12_B001397_S252_L001.mus-5-0-1	exact_library_id_plus_documented_alignment_suffix	D12_B001397_S252_L001.mus-5-0-1-1	one_assay_suffix	24m	1	nan	thymocyte	nan	proliferating thymocyte; DN to DP transition, dividing (some are Cd8+/ Cd4+, some undergoing VDJ recombination)	facs	24_59_M	955160.0	2456.0	male	Flowthrough	Thymus	nan	21	23
D13_B001183_S25_L003			24	D13_B001183_S25_L003	24_59_M	MAT	False	1	False	D13_B001183_S25_L003.mus-1-0-1	exact_library_id_plus_documented_alignment_suffix	D13_B001183_S25_L003.mus-1-0-1-1	one_assay_suffix	24m	1	nan	CD4-positive, alpha-beta T cell	nan	nan	facs	24_59_M	1675821.0	1434.0	male	Fat	MAT	nan	6	5
D13_B001385_S157_L003			24	D13_B001385_S157_L003	24_58_M	Thymus	False	1	False	D13_B001385_S157_L003.mus-4-0-1	exact_library_id_plus_documented_alignment_suffix	D13_B001385_S157_L003.mus-4-0-1-1	one_assay_suffix	24m	1	nan	thymocyte	nan	proliferating thymocyte; DN to DP transition, dividing (some are Cd8+/ Cd4+, some undergoing VDJ recombination)	facs	24_58_M	867278.0	3148.0	male	Flowthrough	Thymus	nan	16	23
D13_B001397_S253_L001			24	D13_B001397_S253_L001	24_59_M	Thymus	False	1	False	D13_B001397_S253_L001.mus-5-0-1	exact_library_id_plus_documented_alignment_suffix	D13_B001397_S253_L001.mus-5-0-1-1	one_assay_suffix	24m	1	nan	thymocyte	nan	proliferating thymocyte; DN to DP transition, dividing (some are Cd8+/ Cd4+, some undergoing VDJ recombination)	facs	24_59_M	1776640.0	2394.0	male	Flowthrough	Thymus	nan	21	23
D13_B002892_S109			24	D13_B002892_S109	24_58_M	Marrow	False	1	False	D13_B002892_S109.mus-7-0-1	exact_library_id_plus_documented_alignment_suffix	D13_B002892_S109.mus-7-0-1-1	one_assay_suffix	24m	1	nan	mature alpha-beta T cell	nan	BM CD8 + CD4 T cell	facs	24_58_M	1500893.0	979.0	male	T-cells	Marrow	nan	4	9
D14_B001397_S254_L001			24	D14_B001397_S254_L001	24_59_M	Thymus	False	1	False	D14_B001397_S254_L001.mus-5-0-1	exact_library_id_plus_documented_alignment_suffix	D14_B001397_S254_L001.mus-5-0-1-1	one_assay_suffix	24m	1	nan	thymocyte	nan	proliferating thymocyte; DN to DP transition, dividing (some are Cd8+/ Cd4+, some undergoing VDJ recombination)	facs	24_59_M	2022554.0	4184.0	male	Flowthrough	Thymus	nan	21	23
D14_B002900_S194_L003			24	D14_B002900_S194_L003	24_59_M	GAT	False	1	False	D14_B002900_S194_L003.mus-4-0-1	exact_library_id_plus_documented_alignment_suffix	D14_B002900_S194_L003.mus-4-0-1-1	one_assay_suffix	24m	1	nan	CD4-positive, alpha-beta T cell	nan	nan	facs	24_59_M	617157.0	1193.0	male	Fat	GAT	nan	4	21
D16_B000844_S40_L001	7.0	12.0	24	D16_B000844_S40_L001	24_60_M	Kidney	True	12	True	D16_B000844_S40_L001.mus-5-0-1	exact_library_id_plus_documented_alignment_suffix	D16_B000844_S40_L001.mus-5-0-1-1	one_assay_suffix	24m	1	nan	fenestrated cell	nan	fenestrated cell	facs	24_60_M	1390452.0	3966.0	male	nan	Kidney	nan	10	27
D16_B001242_S280			24	D16_B001242_S280	24_58_M	Liver	False	1	False	D16_B001242_S280.mus-7-0-1	exact_library_id_plus_documented_alignment_suffix	D16_B001242_S280.mus-7-0-1-1	one_assay_suffix	24m	1	nan	CD4-positive, alpha-beta T cell	nan	nan	facs	24_58_M	100211.0	1305.0	male	Non-hepatocytes	Liver	nan	4	21
D16_B001263_S256			24	D16_B001263_S256	24_58_M	Spleen	False	1	False	D16_B001263_S256.mus-7-0-1	exact_library_id_plus_documented_alignment_suffix	D16_B001263_S256.mus-7-0-1-1	one_assay_suffix	24m	1	nan	CD4-positive, alpha-beta T cell	nan	Cd3e T cell	facs	24_58_M	948815.0	1378.0	male	nan	Spleen	nan	4	21
D16_B001277_S88_L002			24	D16_B001277_S88_L002	24_61_M	Thymus	False	1	False	D16_B001277_S88_L002.mus-6-0-1	exact_library_id_plus_documented_alignment_suffix	D16_B001277_S88_L002.mus-6-0-1-1	one_assay_suffix	24m	1	nan	thymocyte	nan	proliferating thymocyte; DN to DP transition, dividing (some are Cd8+/ Cd4+, some undergoing VDJ recombination)	facs	24_61_M	68055.0	1914.0	male	Flowthrough	Thymus	nan	21	23
D16_B001385_S160_L003			24	D16_B001385_S160_L003	24_58_M	Thymus	False	1	False	D16_B001385_S160_L003.mus-4-0-1	exact_library_id_plus_documented_alignment_suffix	D16_B001385_S160_L003.mus-4-0-1-1	one_assay_suffix	24m	1	nan	thymocyte	nan	proliferating thymocyte; DN to DP transition, dividing (some are Cd8+/ Cd4+, some undergoing VDJ recombination)	facs	24_58_M	1392487.0	4040.0	male	Flowthrough	Thymus	nan	39	45
D16_B001397_S256_L001			24	D16_B001397_S256_L001	24_59_M	Thymus	False	1	False	D16_B001397_S256_L001.mus-5-0-1	exact_library_id_plus_documented_alignment_suffix	D16_B001397_S256_L001.mus-5-0-1-1	one_assay_suffix	24m	1	nan	thymocyte	nan	proliferating thymocyte; DN to DP transition, dividing (some are Cd8+/ Cd4+, some undergoing VDJ recombination)	facs	24_59_M	1320123.0	3184.0	male	Flowthrough	Thymus	nan	21	23
D16_B002898_S172			24	D16_B002898_S172	24_58_M	GAT	False	1	False	D16_B002898_S172.mus-7-0-1	exact_library_id_plus_documented_alignment_suffix	D16_B002898_S172.mus-7-0-1-1	one_assay_suffix	24m	1	nan	CD4-positive, alpha-beta T cell	nan	nan	facs	24_58_M	859053.0	1422.0	male	Fat	GAT	nan	4	9
D17_B001261_S65_L003	14.0	6.0	24	D17_B001261_S65_L003	24_59_M	Kidney	True	6	True	D17_B001261_S65_L003.mus-2-0-1	exact_library_id_plus_documented_alignment_suffix	D17_B001261_S65_L003.mus-2-0-1-1	one_assay_suffix	24m	1	nan	T cell	nan	T cell	facs	24_59_M	3475655.0	2491.0	male	nan	Kidney	nan	4	21
D17_B002881_S173_L001	2.0	2.0	24	D17_B002881_S173_L001	24_59_M	Trachea	True	2	True	D17_B002881_S173_L001.mus-2-0-1	exact_library_id_plus_documented_alignment_suffix	D17_B002881_S173_L001.mus-2-0-1-1	one_assay_suffix	24m	1	nan	T cell	nan	nan	facs	24_59_M	553043.0	731.0	male	nan	Trachea	nan	4	21
D17_B003843_S65_L004			24	D17_B003843_S65_L004	24_58_M	Trachea	False	1	False	D17_B003843_S65_L004.mus-4-0-1	exact_library_id_plus_documented_alignment_suffix	D17_B003843_S65_L004.mus-4-0-1-1	one_assay_suffix	24m	1	nan	T cell	nan	nan	facs	24_58_M	661091.0	1456.0	male	nan	Trachea	nan	4	21
D18_B000851_S90_L004	83.0	2.0	24	D18_B000851_S90_L004	24_61_M	Spleen	True	2	True	D18_B000851_S90_L004.mus-6-0-1	exact_library_id_plus_documented_alignment_suffix	D18_B000851_S90_L004.mus-6-0-1-1	one_assay_suffix	24m	1	nan	CD8-positive, alpha-beta T cell	nan	nan	facs	24_61_M	74517.0	1361.0	male	nan	Spleen	nan	4	9
D18_B001277_S90_L002			24	D18_B001277_S90_L002	24_61_M	Thymus	False	1	False	D18_B001277_S90_L002.mus-6-0-1	exact_library_id_plus_documented_alignment_suffix	D18_B001277_S90_L002.mus-6-0-1-1	one_assay_suffix	24m	1	nan	thymocyte	nan	proliferating thymocyte; DN to DP transition, dividing (some are Cd8+/ Cd4+, some undergoing VDJ recombination)	facs	24_61_M	1838169.0	4596.0	male	Flowthrough	Thymus	nan	21	23
D18_B001385_S162_L003			24	D18_B001385_S162_L003	24_58_M	Thymus	False	1	False	D18_B001385_S162_L003.mus-4-0-1	exact_library_id_plus_documented_alignment_suffix	D18_B001385_S162_L003.mus-4-0-1-1	one_assay_suffix	24m	1	nan	thymocyte	nan	proliferating thymocyte; DN to DP transition, dividing (some are Cd8+/ Cd4+, some undergoing VDJ recombination)	facs	24_58_M	1207132.0	3149.0	male	Flowthrough	Thymus	nan	16	23
D18_B001397_S258_L001			24	D18_B001397_S258_L001	24_59_M	Thymus	False	1	False	D18_B001397_S258_L001.mus-5-0-1	exact_library_id_plus_documented_alignment_suffix	D18_B001397_S258_L001.mus-5-0-1-1	one_assay_suffix	24m	1	nan	thymocyte	nan	proliferating thymocyte; DN to DP transition, dividing (some are Cd8+/ Cd4+, some undergoing VDJ recombination)	facs	24_59_M	2660170.0	3977.0	male	Flowthrough	Thymus	nan	21	23
D18_B002949_S162_L002			24	D18_B002949_S162_L002	24_59_M	Marrow	False	1	False	D18_B002949_S162_L002.mus-5-0-1	exact_library_id_plus_documented_alignment_suffix	D18_B002949_S162_L002.mus-5-0-1-1	one_assay_suffix	24m	1	nan	CD4-positive, alpha-beta T cell	nan	BM CD4 T cell	facs	24_59_M	1163871.0	1819.0	male	T-cells	Marrow	nan	4	21
D18_B003233_S90_L003			24	D18_B003233_S90_L003	24_61_M	Heart	False	1	False	D18_B003233_S90_L003.mus-8-0-1	exact_library_id_plus_documented_alignment_suffix	D18_B003233_S90_L003.mus-8-0-1-1	one_assay_suffix	24m	1	nan	T cell	nan	T cell	facs	24_61_M	648526.0	603.0	male	RV	Heart	nan	6	5
D19_B000848_S67_L003			24	D19_B000848_S67_L003	24_60_M	Spleen	False	1	False	D19_B000848_S67_L003.mus-5-0-1	exact_library_id_plus_documented_alignment_suffix	D19_B000848_S67_L003.mus-5-0-1-1	one_assay_suffix	24m	1	nan	CD4-positive, alpha-beta T cell	nan	Cd3e T cell	facs	24_60_M	499154.0	1755.0	male	nan	Spleen	nan	4	21
D19_B000851_S91_L004			24	D19_B000851_S91_L004	24_61_M	Spleen	False	1	False	D19_B000851_S91_L004.mus-6-0-1	exact_library_id_plus_documented_alignment_suffix	D19_B000851_S91_L004.mus-6-0-1-1	one_assay_suffix	24m	1	nan	CD8-positive, alpha-beta T cell	nan	nan	facs	24_61_M	65336.0	1286.0	male	nan	Spleen	nan	4	9
D19_B001277_S91_L002			24	D19_B001277_S91_L002	24_61_M	Thymus	False	1	False	D19_B001277_S91_L002.mus-6-0-1	exact_library_id_plus_documented_alignment_suffix	D19_B001277_S91_L002.mus-6-0-1-1	one_assay_suffix	24m	1	nan	thymocyte	nan	proliferating thymocyte; DN to DP transition, dividing (some are Cd8+/ Cd4+, some undergoing VDJ recombination)	facs	24_61_M	1588878.0	4224.0	male	Flowthrough	Thymus	nan	21	23
D19_B001385_S163_L003			24	D19_B001385_S163_L003	24_58_M	Thymus	False	1	False	D19_B001385_S163_L003.mus-4-0-1	exact_library_id_plus_documented_alignment_suffix	D19_B001385_S163_L003.mus-4-0-1-1	one_assay_suffix	24m	1	nan	thymocyte	nan	proliferating thymocyte; DN to DP transition, dividing (some are Cd8+/ Cd4+, some undergoing VDJ recombination)	facs	24_58_M	1649966.0	3587.0	male	Flowthrough	Thymus	nan	21	23
D19_B001397_S259_L001			24	D19_B001397_S259_L001	24_59_M	Thymus	False	1	False	D19_B001397_S259_L001.mus-5-0-1	exact_library_id_plus_documented_alignment_suffix	D19_B001397_S259_L001.mus-5-0-1-1	one_assay_suffix	24m	1	nan	thymocyte	nan	proliferating thymocyte; DN to DP transition, dividing (some are Cd8+/ Cd4+, some undergoing VDJ recombination)	facs	24_59_M	1794062.0	2786.0	male	Flowthrough	Thymus	nan	21	23
D19_B002949_S163_L002			24	D19_B002949_S163_L002	24_59_M	Marrow	False	1	False	D19_B002949_S163_L002.mus-5-0-1	exact_library_id_plus_documented_alignment_suffix	D19_B002949_S163_L002.mus-5-0-1-1	one_assay_suffix	24m	1	nan	mature alpha-beta T cell	nan	BM CD8 + CD4 T cell	facs	24_59_M	1246210.0	2157.0	male	T-cells	Marrow	nan	4	48
D19_B003031_S187_L004			24	D19_B003031_S187_L004	24_60_M	Marrow	False	1	False	D19_B003031_S187_L004.mus-5-0-1	exact_library_id_plus_documented_alignment_suffix	D19_B003031_S187_L004.mus-5-0-1-1	one_assay_suffix	24m	1	nan	NK cell	nan	Klrb1a/b/c(-) NK cell	facs	24_60_M	71649.0	1786.0	male	T-cells	Marrow	nan	4	48
D19_B003234_S151_L004			24	D19_B003234_S151_L004	24_60_M	Lung	False	1	False	D19_B003234_S151_L004.mus-5-0-1	exact_library_id_plus_documented_alignment_suffix	D19_B003234_S151_L004.mus-5-0-1-1	one_assay_suffix	24m	1	nan	CD8-positive, alpha-beta T cell	nan	CD8+ T	facs	24_60_M	229809.0	978.0	male	EPCAM	Lung	nan	6	5
D1_B000846_S73_L003			24	D1_B000846_S73_L003	24_61_M	Kidney	False	1	False	D1_B000846_S73_L003.mus-6-0-1	exact_library_id_plus_documented_alignment_suffix	D1_B000846_S73_L003.mus-6-0-1-1	one_assay_suffix	24m	1	nan	T cell	nan	T cell	facs	24_61_M	4583411.0	1564.0	male	nan	Kidney	nan	4	9
D1_B000852_S73_L001	51.0	6.0	24	D1_B000852_S73_L001	24_61_M	Brain_Myeloid	True	6	True	D1_B000852_S73_L001.mus-8-0-1	exact_library_id_plus_documented_alignment_suffix	D1_B000852_S73_L001.mus-8-0-1-1	one_assay_suffix	24m	1	nan	microglial cell	nan	nan	facs	24_61_M	3895041.0	1474.0	male	Striatum	Brain_Myeloid	nan	4	9
D1_B001277_S73_L002			24	D1_B001277_S73_L002	24_61_M	Thymus	False	1	False	D1_B001277_S73_L002.mus-6-0-1	exact_library_id_plus_documented_alignment_suffix	D1_B001277_S73_L002.mus-6-0-1-1	one_assay_suffix	24m	1	nan	DN4 thymocyte	nan	DN4 thymocyte	facs	24_61_M	1061134.0	2048.0	male	Flowthrough	Thymus	nan	6	5
D1_B001385_S145_L003			24	D1_B001385_S145_L003	24_58_M	Thymus	False	1	False	D1_B001385_S145_L003.mus-4-0-1	exact_library_id_plus_documented_alignment_suffix	D1_B001385_S145_L003.mus-4-0-1-1	one_assay_suffix	24m	1	nan	DN4 thymocyte	nan	DN4 thymocyte	facs	24_58_M	656634.0	1924.0	male	Flowthrough	Thymus	nan	4	21
D1_B001397_S241_L001			24	D1_B001397_S241_L001	24_59_M	Thymus	False	1	False	D1_B001397_S241_L001.mus-5-0-1	exact_library_id_plus_documented_alignment_suffix	D1_B001397_S241_L001.mus-5-0-1-1	one_assay_suffix	24m	1	nan	DN4 thymocyte	nan	DN4 thymocyte	facs	24_59_M	1953445.0	3336.0	male	Flowthrough	Thymus	nan	6	5
D1_B003228_S181_L003	51.0	6.0	24	D1_B003228_S181_L003	24_61_M	Brain_Non-Myeloid	True	6	True	D1_B003228_S181_L003.mus-1-0-1	exact_library_id_plus_documented_alignment_suffix		unmatched																
D1_B003234_S133_L004			24	D1_B003234_S133_L004	24_60_M	Lung	False	1	False	D1_B003234_S133_L004.mus-5-0-1	exact_library_id_plus_documented_alignment_suffix	D1_B003234_S133_L004.mus-5-0-1-1	one_assay_suffix	24m	1	nan	CD8-positive, alpha-beta T cell	nan	CD8+ T	facs	24_60_M	796960.0	2007.0	male	EPCAM	Lung	nan	4	9
D1_B003902_S193_L002	24.0	34.0	24	D1_B003902_S193_L002	24_59_M	Liver	True	34	True	D1_B003902_S193_L002.mus-2-0-1	exact_library_id_plus_documented_alignment_suffix	D1_B003902_S193_L002.mus-2-0-1-1	one_assay_suffix	24m	1	nan	CD8-positive, alpha-beta T cell	nan	nan	facs	24_59_M	2258204.0	562.0	male	Non-hepatocytes	Liver	nan	4	9
D20_B000851_S92_L004			24	D20_B000851_S92_L004	24_61_M	Spleen	False	1	False	D20_B000851_S92_L004.mus-6-0-1	exact_library_id_plus_documented_alignment_suffix	D20_B000851_S92_L004.mus-6-0-1-1	one_assay_suffix	24m	1	nan	CD8-positive, alpha-beta T cell	nan	nan	facs	24_61_M	89309.0	1646.0	male	nan	Spleen	nan	4	9
D20_B001261_S68_L003	44.0	2.0	24	D20_B001261_S68_L003	24_59_M	Kidney	True	2	True	D20_B001261_S68_L003.mus-2-0-1	exact_library_id_plus_documented_alignment_suffix	D20_B001261_S68_L003.mus-2-0-1-1	one_assay_suffix	24m	1	nan	T cell	nan	T cell	facs	24_59_M	1540395.0	1719.0	male	nan	Kidney	nan	4	9
D20_B001277_S92_L002			24	D20_B001277_S92_L002	24_61_M	Thymus	False	1	False	D20_B001277_S92_L002.mus-6-0-1	exact_library_id_plus_documented_alignment_suffix	D20_B001277_S92_L002.mus-6-0-1-1	one_assay_suffix	24m	1	nan	thymocyte	nan	proliferating thymocyte; DN to DP transition, dividing (some are Cd8+/ Cd4+, some undergoing VDJ recombination)	facs	24_61_M	1173137.0	2701.0	male	Flowthrough	Thymus	nan	21	23
D20_B001385_S164_L003			24	D20_B001385_S164_L003	24_58_M	Thymus	False	1	False	D20_B001385_S164_L003.mus-4-0-1	exact_library_id_plus_documented_alignment_suffix	D20_B001385_S164_L003.mus-4-0-1-1	one_assay_suffix	24m	1	nan	thymocyte	nan	proliferating thymocyte; DN to DP transition, dividing (some are Cd8+/ Cd4+, some undergoing VDJ recombination)	facs	24_58_M	1244761.0	2910.0	male	Flowthrough	Thymus	nan	21	23
D20_B001397_S260_L001			24	D20_B001397_S260_L001	24_59_M	Thymus	False	1	False	D20_B001397_S260_L001.mus-5-0-1	exact_library_id_plus_documented_alignment_suffix	D20_B001397_S260_L001.mus-5-0-1-1	one_assay_suffix	24m	1	nan	thymocyte	nan	proliferating thymocyte; DN to DP transition, dividing (some are Cd8+/ Cd4+, some undergoing VDJ recombination)	facs	24_59_M	2715369.0	3611.0	male	Flowthrough	Thymus	nan	21	23
D20_B002875_S260_L001			24	D20_B002875_S260_L001	24_59_M	Lung	False	1	False	D20_B002875_S260_L001.mus-2-0-1	exact_library_id_plus_documented_alignment_suffix	D20_B002875_S260_L001.mus-2-0-1-1	one_assay_suffix	24m	1	nan	regulatory T cell	nan	Regulatory T	facs	24_59_M	943329.0	1073.0	male	EPCAM	Lung	nan	6	5
D20_B002982_S104_L004	70.0	2.0	24	D20_B002982_S104_L004	24_60_M	Lung	True	2	True	D20_B002982_S104_L004.mus-0-0-1	exact_library_id_plus_documented_alignment_suffix	D20_B002982_S104_L004.mus-0-0-1-1	one_assay_suffix	24m	1	nan	CD8-positive, alpha-beta T cell	nan	CD8+ T	facs	24_60_M	392769.0	1032.0	male	Endomucin	Lung	nan	4	9
D20_B003031_S188_L004			24	D20_B003031_S188_L004	24_60_M	Marrow	False	1	False	D20_B003031_S188_L004.mus-5-0-1	exact_library_id_plus_documented_alignment_suffix	D20_B003031_S188_L004.mus-5-0-1-1	one_assay_suffix	24m	1	nan	mature alpha-beta T cell	nan	BM CD8 + CD4 T cell	facs	24_60_M	95750.0	1732.0	male	T-cells	Marrow	nan	4	48
D21_B001277_S93_L002			24	D21_B001277_S93_L002	24_61_M	Thymus	False	1	False	D21_B001277_S93_L002.mus-6-0-1	exact_library_id_plus_documented_alignment_suffix	D21_B001277_S93_L002.mus-6-0-1-1	one_assay_suffix	24m	1	nan	thymocyte	nan	proliferating thymocyte; DN to DP transition, dividing (some are Cd8+/ Cd4+, some undergoing VDJ recombination)	facs	24_61_M	878543.0	2582.0	male	Flowthrough	Thymus	nan	21	23
D21_B002982_S105_L004			24	D21_B002982_S105_L004	24_60_M	Lung	False	1	False	D21_B002982_S105_L004.mus-0-0-1	exact_library_id_plus_documented_alignment_suffix	D21_B002982_S105_L004.mus-0-0-1-1	one_assay_suffix	24m	1	nan	regulatory T cell	nan	Regulatory T	facs	24_60_M	288846.0	760.0	male	Endomucin	Lung	nan	4	21
D21_B003031_S189_L004			24	D21_B003031_S189_L004	24_60_M	Marrow	False	1	False	D21_B003031_S189_L004.mus-5-0-1	exact_library_id_plus_documented_alignment_suffix	D21_B003031_S189_L004.mus-5-0-1-1	one_assay_suffix	24m	1	nan	mature alpha-beta T cell	nan	BM CD8 + CD4 T cell	facs	24_60_M	66390.0	1486.0	male	T-cells	Marrow	nan	4	48
D22_B000848_S70_L003			24	D22_B000848_S70_L003	24_60_M	Spleen	False	1	False	D22_B000848_S70_L003.mus-5-0-1	exact_library_id_plus_documented_alignment_suffix	D22_B000848_S70_L003.mus-5-0-1-1	one_assay_suffix	24m	1	nan	CD8-positive, alpha-beta T cell	nan	nan	facs	24_60_M	438435.0	1624.0	male	nan	Spleen	nan	4	9
D22_B000851_S94_L004			24	D22_B000851_S94_L004	24_61_M	Spleen	False	1	False	D22_B000851_S94_L004.mus-6-0-1	exact_library_id_plus_documented_alignment_suffix	D22_B000851_S94_L004.mus-6-0-1-1	one_assay_suffix	24m	1	nan	CD8-positive, alpha-beta T cell	nan	nan	facs	24_61_M	150926.0	2126.0	male	nan	Spleen	nan	4	9
D22_B001385_S166_L003			24	D22_B001385_S166_L003	24_58_M	Thymus	False	1	False	D22_B001385_S166_L003.mus-4-0-1	exact_library_id_plus_documented_alignment_suffix	D22_B001385_S166_L003.mus-4-0-1-1	one_assay_suffix	24m	1	nan	thymocyte	nan	proliferating thymocyte; DN to DP transition, dividing (some are Cd8+/ Cd4+, some undergoing VDJ recombination)	facs	24_58_M	945424.0	1976.0	male	Flowthrough	Thymus	nan	21	23
D22_B001386_S34_L003			24	D22_B001386_S34_L003	24_58_M	Liver	False	1	False	D22_B001386_S34_L003.mus-2-0-1	exact_library_id_plus_documented_alignment_suffix	D22_B001386_S34_L003.mus-2-0-1-1	one_assay_suffix	24m	1	nan	T cell	nan	nan	facs	24_58_M	1586935.0	1838.0	male	Non-hepatocytes	Liver	nan	4	9
D2_B001277_S74_L002			24	D2_B001277_S74_L002	24_61_M	Thymus	False	1	False	D2_B001277_S74_L002.mus-6-0-1	exact_library_id_plus_documented_alignment_suffix	D2_B001277_S74_L002.mus-6-0-1-1	one_assay_suffix	24m	1	nan	DN4 thymocyte	nan	DN4 thymocyte	facs	24_61_M	113094.0	1780.0	male	Flowthrough	Thymus	nan	4	9
D2_B001385_S146_L003			24	D2_B001385_S146_L003	24_58_M	Thymus	False	1	False	D2_B001385_S146_L003.mus-4-0-1	exact_library_id_plus_documented_alignment_suffix	D2_B001385_S146_L003.mus-4-0-1-1	one_assay_suffix	24m	1	nan	DN4 thymocyte	nan	DN4 thymocyte	facs	24_58_M	883903.0	2496.0	male	Flowthrough	Thymus	nan	6	5
D2_B002892_S98			24	D2_B002892_S98	24_58_M	Marrow	False	1	False	D2_B002892_S98.mus-7-0-1	exact_library_id_plus_documented_alignment_suffix	D2_B002892_S98.mus-7-0-1-1	one_assay_suffix	24m	1	nan	mature alpha-beta T cell	nan	BM CD8 + CD4 T cell	facs	24_58_M	919482.0	926.0	male	T-cells	Marrow	nan	4	9
D2_B003902_S194_L002	24.0	34.0	24	D2_B003902_S194_L002	24_59_M	Liver	True	34	True	D2_B003902_S194_L002.mus-2-0-1	exact_library_id_plus_documented_alignment_suffix	D2_B003902_S194_L002.mus-2-0-1-1	one_assay_suffix	24m	1	nan	CD8-positive, alpha-beta T cell	nan	nan	facs	24_59_M	2191514.0	556.0	male	Non-hepatocytes	Liver	nan	4	9
D3_B001265_S63_L002			24	D3_B001265_S63_L002	24_59_M	Spleen	False	1	False	D3_B001265_S63_L002.mus-2-0-1	exact_library_id_plus_documented_alignment_suffix	D3_B001265_S63_L002.mus-2-0-1-1	one_assay_suffix	24m	1	nan	CD8-positive, alpha-beta T cell	nan	nan	facs	24_59_M	539088.0	1386.0	male	nan	Spleen	nan	6	9
D3_B001385_S147_L003			24	D3_B001385_S147_L003	24_58_M	Thymus	False	1	False	D3_B001385_S147_L003.mus-4-0-1	exact_library_id_plus_documented_alignment_suffix	D3_B001385_S147_L003.mus-4-0-1-1	one_assay_suffix	24m	1	nan	DN4 thymocyte	nan	DN4 thymocyte	facs	24_58_M	424864.0	1760.0	male	Flowthrough	Thymus	nan	4	9
D3_B001397_S243_L001	0.0	10.0	24	D3_B001397_S243_L001	24_59_M	Thymus	True	10	True	D3_B001397_S243_L001.mus-5-0-1	exact_library_id_plus_documented_alignment_suffix	D3_B001397_S243_L001.mus-5-0-1-1	one_assay_suffix	24m	1	nan	DN4 thymocyte	nan	DN4 thymocyte	facs	24_59_M	1759565.0	2577.0	male	Flowthrough	Thymus	nan	4	9
D3_B001612_S75_L001			24	D3_B001612_S75_L001	24_61_M	Brain_Non-Myeloid	False	1	False	D3_B001612_S75_L001.mus-8-0-1	exact_library_id_plus_documented_alignment_suffix		unmatched																
D3_B002949_S147_L002			24	D3_B002949_S147_L002	24_59_M	Marrow	False	1	False	D3_B002949_S147_L002.mus-5-0-1	exact_library_id_plus_documented_alignment_suffix	D3_B002949_S147_L002.mus-5-0-1-1	one_assay_suffix	24m	1	nan	promonocyte	nan	monocyte + promonocyte	facs	24_59_M	3751650.0	3692.0	male	T-cells	Marrow	nan	2	4
D3_B002990_S75_L003			24	D3_B002990_S75_L003	24_61_M	Trachea	False	1	False	D3_B002990_S75_L003.mus-6-0-1	exact_library_id_plus_documented_alignment_suffix	D3_B002990_S75_L003.mus-6-0-1-1	one_assay_suffix	24m	1	nan	T cell	nan	nan	facs	24_61_M	1458218.0	1622.0	male	nan	Trachea	nan	4	21
D3_B003232_S147_L002	7.0	12.0	24	D3_B003232_S147_L002	24_60_M	Brain_Non-Myeloid	True	12	True	D3_B003232_S147_L002.mus-0-0-1	exact_library_id_plus_documented_alignment_suffix	D3_B003232_S147_L002.mus-0-0-1-1	one_assay_suffix	24m	1	nan	T cell	nan	nan	facs	24_60_M	4463792.0	900.0	male	Cerebellum	Brain_Non-Myeloid	nan	4	21
D3_B003902_S195_L002	0.0	10.0	24	D3_B003902_S195_L002	24_59_M	Liver	True	10	True	D3_B003902_S195_L002.mus-2-0-1	exact_library_id_plus_documented_alignment_suffix	D3_B003902_S195_L002.mus-2-0-1-1	one_assay_suffix	24m	1	nan	CD8-positive, alpha-beta T cell	nan	nan	facs	24_59_M	4257584.0	1009.0	male	Non-hepatocytes	Liver	nan	4	9
D4_B000342_S76_L004			24	D4_B000342_S76_L004	24_61_M	Lung	False	1	False	D4_B000342_S76_L004.mus-6-0-1	exact_library_id_plus_documented_alignment_suffix	D4_B000342_S76_L004.mus-6-0-1-1	one_assay_suffix	24m	1	nan	CD8-positive, alpha-beta T cell	nan	CD8+ T	facs	24_61_M	961982.0	1734.0	male	EPCAM	Lung	nan	4	9
D4_B001277_S76_L002			24	D4_B001277_S76_L002	24_61_M	Thymus	False	1	False	D4_B001277_S76_L002.mus-6-0-1	exact_library_id_plus_documented_alignment_suffix	D4_B001277_S76_L002.mus-6-0-1-1	one_assay_suffix	24m	1	nan	DN4 thymocyte	nan	DN4 thymocyte	facs	24_61_M	736030.0	1426.0	male	Flowthrough	Thymus	nan	6	5
D4_B001385_S148_L003			24	D4_B001385_S148_L003	24_58_M	Thymus	False	1	False	D4_B001385_S148_L003.mus-4-0-1	exact_library_id_plus_documented_alignment_suffix	D4_B001385_S148_L003.mus-4-0-1-1	one_assay_suffix	24m	1	nan	DN4 thymocyte	nan	DN4 thymocyte	facs	24_58_M	562910.0	1938.0	male	Flowthrough	Thymus	nan	4	9
D4_B002892_S100			24	D4_B002892_S100	24_58_M	Marrow	False	1	False	D4_B002892_S100.mus-7-0-1	exact_library_id_plus_documented_alignment_suffix	D4_B002892_S100.mus-7-0-1-1	one_assay_suffix	24m	1	nan	CD4-positive, alpha-beta T cell	nan	BM CD4 T cell	facs	24_58_M	1525149.0	1038.0	male	T-cells	Marrow	nan	4	21
D5_B001277_S77_L002			24	D5_B001277_S77_L002	24_61_M	Thymus	False	1	False	D5_B001277_S77_L002.mus-6-0-1	exact_library_id_plus_documented_alignment_suffix	D5_B001277_S77_L002.mus-6-0-1-1	one_assay_suffix	24m	1	nan	DN4 thymocyte	nan	DN4 thymocyte	facs	24_61_M	1207002.0	2911.0	male	Flowthrough	Thymus	nan	4	9
D5_B001385_S149_L003			24	D5_B001385_S149_L003	24_58_M	Thymus	False	1	False	D5_B001385_S149_L003.mus-4-0-1	exact_library_id_plus_documented_alignment_suffix	D5_B001385_S149_L003.mus-4-0-1-1	one_assay_suffix	24m	1	nan	DN4 thymocyte	nan	DN4 thymocyte	facs	24_58_M	713960.0	1922.0	male	Flowthrough	Thymus	nan	6	5
D5_B002949_S149_L002			24	D5_B002949_S149_L002	24_59_M	Marrow	False	1	False	D5_B002949_S149_L002.mus-5-0-1	exact_library_id_plus_documented_alignment_suffix	D5_B002949_S149_L002.mus-5-0-1-1	one_assay_suffix	24m	1	nan	CD4-positive, alpha-beta T cell	nan	BM CD4 T cell	facs	24_59_M	984343.0	1569.0	male	T-cells	Marrow	nan	6	5
D6_B000830_S78_L004			24	D6_B000830_S78_L004	24_60_M	Thymus	False	1	False	D6_B000830_S78_L004.mus-8-0-1	exact_library_id_plus_documented_alignment_suffix	D6_B000830_S78_L004.mus-8-0-1-1	one_assay_suffix	24m	1	nan	DN4 thymocyte	nan	DN4 thymocyte	facs	24_60_M	152568.0	1208.0	male	Flowthrough	Thymus	nan	4	9
D6_B001385_S150_L003			24	D6_B001385_S150_L003	24_58_M	Thymus	False	1	False	D6_B001385_S150_L003.mus-4-0-1	exact_library_id_plus_documented_alignment_suffix	D6_B001385_S150_L003.mus-4-0-1-1	one_assay_suffix	24m	1	nan	DN4 thymocyte	nan	DN4 thymocyte	facs	24_58_M	762489.0	2365.0	male	Flowthrough	Thymus	nan	6	5
D6_B001397_S246_L001			24	D6_B001397_S246_L001	24_59_M	Thymus	False	1	False	D6_B001397_S246_L001.mus-5-0-1	exact_library_id_plus_documented_alignment_suffix	D6_B001397_S246_L001.mus-5-0-1-1	one_assay_suffix	24m	1	nan	DN4 thymocyte	nan	DN4 thymocyte	facs	24_59_M	1473186.0	2470.0	male	Flowthrough	Thymus	nan	6	5
D6_B002892_S102			24	D6_B002892_S102	24_58_M	Marrow	False	1	False	D6_B002892_S102.mus-7-0-1	exact_library_id_plus_documented_alignment_suffix	D6_B002892_S102.mus-7-0-1-1	one_assay_suffix	24m	1	nan	NK cell	nan	NK cell	facs	24_58_M	841379.0	1122.0	male	T-cells	Marrow	nan	4	9
D7_B000830_S79_L004			24	D7_B000830_S79_L004	24_60_M	Thymus	False	1	False	D7_B000830_S79_L004.mus-8-0-1	exact_library_id_plus_documented_alignment_suffix	D7_B000830_S79_L004.mus-8-0-1-1	one_assay_suffix	24m	1	nan	DN4 thymocyte	nan	DN4 thymocyte	facs	24_60_M	2894536.0	3382.0	male	Flowthrough	Thymus	nan	4	9
D7_B001277_S79_L002			24	D7_B001277_S79_L002	24_61_M	Thymus	False	1	False	D7_B001277_S79_L002.mus-6-0-1	exact_library_id_plus_documented_alignment_suffix	D7_B001277_S79_L002.mus-6-0-1-1	one_assay_suffix	24m	1	nan	DN4 thymocyte	nan	DN4 thymocyte	facs	24_61_M	632831.0	1496.0	male	Flowthrough	Thymus	nan	6	5
D7_B001397_S247_L001			24	D7_B001397_S247_L001	24_59_M	Thymus	False	1	False	D7_B001397_S247_L001.mus-5-0-1	exact_library_id_plus_documented_alignment_suffix	D7_B001397_S247_L001.mus-5-0-1-1	one_assay_suffix	24m	1	nan	DN4 thymocyte	nan	DN4 thymocyte	facs	24_59_M	398695.0	2435.0	male	Flowthrough	Thymus	nan	6	5
D7_B002988_S91_L004			24	D7_B002988_S91_L004	24_60_M	Trachea	False	1	False	D7_B002988_S91_L004.mus-5-0-1	exact_library_id_plus_documented_alignment_suffix	D7_B002988_S91_L004.mus-5-0-1-1	one_assay_suffix	24m	1	nan	T cell	nan	nan	facs	24_60_M	1763952.0	1940.0	male	nan	Trachea	nan	6	5
D8_B000332_S188_L003			24	D8_B000332_S188_L003	24_60_M	SCAT	False	1	False	D8_B000332_S188_L003.mus-0-0-1	exact_library_id_plus_documented_alignment_suffix	D8_B000332_S188_L003.mus-0-0-1-1	one_assay_suffix	24m	1	nan	NK cell	nan	nan	facs	24_60_M	237806.0	1974.0	male	Fat	SCAT	nan	4	21
D8_B000830_S80_L004			24	D8_B000830_S80_L004	24_60_M	Thymus	False	1	False	D8_B000830_S80_L004.mus-8-0-1	exact_library_id_plus_documented_alignment_suffix	D8_B000830_S80_L004.mus-8-0-1-1	one_assay_suffix	24m	1	nan	DN4 thymocyte	nan	DN4 thymocyte	facs	24_60_M	6814479.0	2150.0	male	Flowthrough	Thymus	nan	6	5
D8_B000848_S56_L003			24	D8_B000848_S56_L003	24_60_M	Spleen	False	1	False	D8_B000848_S56_L003.mus-5-0-1	exact_library_id_plus_documented_alignment_suffix	D8_B000848_S56_L003.mus-5-0-1-1	one_assay_suffix	24m	1	nan	CD4-positive, alpha-beta T cell	nan	Cd3e T cell	facs	24_60_M	621148.0	1705.0	male	nan	Spleen	nan	4	21
D8_B001263_S248			24	D8_B001263_S248	24_58_M	Spleen	False	1	False	D8_B001263_S248.mus-7-0-1	exact_library_id_plus_documented_alignment_suffix	D8_B001263_S248.mus-7-0-1-1	one_assay_suffix	24m	1	nan	CD4-positive, alpha-beta T cell	nan	Cd3e T cell	facs	24_58_M	509403.0	1377.0	male	nan	Spleen	nan	4	21
D8_B001277_S80_L002	84.0	2.0	24	D8_B001277_S80_L002	24_61_M	Thymus	True	2	True	D8_B001277_S80_L002.mus-6-0-1	exact_library_id_plus_documented_alignment_suffix	D8_B001277_S80_L002.mus-6-0-1-1	one_assay_suffix	24m	1	nan	DN4 thymocyte	nan	DN4 thymocyte	facs	24_61_M	536744.0	1383.0	male	Flowthrough	Thymus	nan	4	21
D8_B001385_S152_L003			24	D8_B001385_S152_L003	24_58_M	Thymus	False	1	False	D8_B001385_S152_L003.mus-4-0-1	exact_library_id_plus_documented_alignment_suffix	D8_B001385_S152_L003.mus-4-0-1-1	one_assay_suffix	24m	1	nan	DN4 thymocyte	nan	DN4 thymocyte	facs	24_58_M	279271.0	2085.0	male	Flowthrough	Thymus	nan	4	21
D8_B001397_S248_L001			24	D8_B001397_S248_L001	24_59_M	Thymus	False	1	False	D8_B001397_S248_L001.mus-5-0-1	exact_library_id_plus_documented_alignment_suffix	D8_B001397_S248_L001.mus-5-0-1-1	one_assay_suffix	24m	1	nan	DN4 thymocyte	nan	DN4 thymocyte	facs	24_59_M	1588083.0	2752.0	male	Flowthrough	Thymus	nan	6	5
D8_B002881_S164_L001			24	D8_B002881_S164_L001	24_59_M	Trachea	False	1	False	D8_B002881_S164_L001.mus-2-0-1	exact_library_id_plus_documented_alignment_suffix	D8_B002881_S164_L001.mus-2-0-1-1	one_assay_suffix	24m	1	nan	T cell	nan	nan	facs	24_59_M	1399792.0	1478.0	male	nan	Trachea	nan	4	21
D8_B002988_S92_L004			24	D8_B002988_S92_L004	24_60_M	Trachea	False	1	False	D8_B002988_S92_L004.mus-5-0-1	exact_library_id_plus_documented_alignment_suffix	D8_B002988_S92_L004.mus-5-0-1-1	one_assay_suffix	24m	1	nan	T cell	nan	nan	facs	24_60_M	3649529.0	2407.0	male	nan	Trachea	nan	4	21
D8_B003031_S176_L004			24	D8_B003031_S176_L004	24_60_M	Marrow	False	1	False	D8_B003031_S176_L004.mus-5-0-1	exact_library_id_plus_documented_alignment_suffix	D8_B003031_S176_L004.mus-5-0-1-1	one_assay_suffix	24m	1	nan	CD4-positive, alpha-beta T cell	nan	BM CD4 T cell	facs	24_60_M	358858.0	819.0	male	T-cells	Marrow	nan	4	5
D9_B000322_S81_L004			24	D9_B000322_S81_L004	24_61_M	SCAT	False	1	False	D9_B000322_S81_L004.mus-8-0-1	exact_library_id_plus_documented_alignment_suffix	D9_B000322_S81_L004.mus-8-0-1-1	one_assay_suffix	24m	1	nan	T cell	nan	nan	facs	24_61_M	337993.0	1300.0	male	Fat	SCAT	nan	4	9
D9_B000337_S273_L003			24	D9_B000337_S273_L003	24_60_M	GAT	False	1	False	D9_B000337_S273_L003.mus-0-0-1	exact_library_id_plus_documented_alignment_suffix	D9_B000337_S273_L003.mus-0-0-1-1	one_assay_suffix	24m	1	nan	CD4-positive, alpha-beta T cell	nan	nan	facs	24_60_M	603727.0	988.0	male	Fat	GAT	nan	4	9
D9_B001190_S117			24	D9_B001190_S117	24_58_M	MAT	False	1	False	D9_B001190_S117.mus-7-0-1	exact_library_id_plus_documented_alignment_suffix	D9_B001190_S117.mus-7-0-1-1	one_assay_suffix	24m	1	nan	CD4-positive, alpha-beta T cell	nan	nan	facs	24_58_M	453139.0	1197.0	male	Fat	MAT	nan	4	5
D9_B001277_S81_L002			24	D9_B001277_S81_L002	24_61_M	Thymus	False	1	False	D9_B001277_S81_L002.mus-6-0-1	exact_library_id_plus_documented_alignment_suffix	D9_B001277_S81_L002.mus-6-0-1-1	one_assay_suffix	24m	1	nan	DN4 thymocyte	nan	DN4 thymocyte	facs	24_61_M	795698.0	1896.0	male	Flowthrough	Thymus	nan	6	5
D9_B001385_S153_L003			24	D9_B001385_S153_L003	24_58_M	Thymus	False	1	False	D9_B001385_S153_L003.mus-4-0-1	exact_library_id_plus_documented_alignment_suffix	D9_B001385_S153_L003.mus-4-0-1-1	one_assay_suffix	24m	1	nan	thymocyte	nan	DN to DP transition (most are Cd8+/ Cd4+, some undergoing VDJ recombination)	facs	24_58_M	423925.0	2084.0	male	Flowthrough	Thymus	nan	6	23
D9_B001397_S249_L001			24	D9_B001397_S249_L001	24_59_M	Thymus	False	1	False	D9_B001397_S249_L001.mus-5-0-1	exact_library_id_plus_documented_alignment_suffix	D9_B001397_S249_L001.mus-5-0-1-1	one_assay_suffix	24m	1	nan	DN4 thymocyte	nan	DN4 thymocyte	facs	24_59_M	1666084.0	2743.0	male	Flowthrough	Thymus	nan	6	5
D9_B002881_S165_L001			24	D9_B002881_S165_L001	24_59_M	Trachea	False	1	False	D9_B002881_S165_L001.mus-2-0-1	exact_library_id_plus_documented_alignment_suffix	D9_B002881_S165_L001.mus-2-0-1-1	one_assay_suffix	24m	1	nan	T cell	nan	nan	facs	24_59_M	899955.0	1052.0	male	nan	Trachea	nan	4	9
D9_B002907_S105_L003	38.0	8.0	24	D9_B002907_S105_L003	24_59_M	SCAT	True	7	True	D9_B002907_S105_L003.mus-1-0-1	exact_library_id_plus_documented_alignment_suffix	D9_B002907_S105_L003.mus-1-0-1-1	one_assay_suffix	24m	1	nan	CD8-positive, alpha-beta T cell	nan	nan	facs	24_59_M	1608685.0	2894.0	male	Fat	SCAT	nan	4	9
E10_B000332_S214_L003			24	E10_B000332_S214_L003	24_60_M	SCAT	False	1	False	E10_B000332_S214_L003.mus-0-0-1	exact_library_id_plus_documented_alignment_suffix	E10_B000332_S214_L003.mus-0-0-1-1	one_assay_suffix	24m	1	nan	CD8-positive, alpha-beta T cell	nan	nan	facs	24_60_M	147712.0	1462.0	male	Fat	SCAT	nan	4	9
E10_B000333_S250_L004			24	E10_B000333_S250_L004	24_60_M	MAT	False	1	False	E10_B000333_S250_L004.mus-0-0-1	exact_library_id_plus_documented_alignment_suffix	E10_B000333_S250_L004.mus-0-0-1-1	one_assay_suffix	24m	1	nan	T cell	nan	nan	facs	24_60_M	293484.0	1453.0	male	Fat	MAT	nan	4	21
E10_B000830_S106_L004			24	E10_B000830_S106_L004	24_60_M	Thymus	False	1	False	E10_B000830_S106_L004.mus-8-0-1	exact_library_id_plus_documented_alignment_suffix	E10_B000830_S106_L004.mus-8-0-1-1	one_assay_suffix	24m	1	nan	DN4 thymocyte	nan	DN4 thymocyte	facs	24_60_M	3645226.0	2459.0	male	Flowthrough	Thymus	nan	4	21
E10_B000834_S34_L004			24	E10_B000834_S34_L004	24_60_M	BAT	False	1	False	E10_B000834_S34_L004.mus-0-0-1	exact_library_id_plus_documented_alignment_suffix	E10_B000834_S34_L004.mus-0-0-1-1	one_assay_suffix	24m	1	nan	T cell	nan	nan	facs	24_60_M	52170.0	1182.0	male	Fat	BAT	nan	6	5
E10_B001183_S46_L003			24	E10_B001183_S46_L003	24_59_M	MAT	False	1	False	E10_B001183_S46_L003.mus-1-0-1	exact_library_id_plus_documented_alignment_suffix	E10_B001183_S46_L003.mus-1-0-1-1	one_assay_suffix	24m	1	nan	CD8-positive, alpha-beta T cell	nan	nan	facs	24_59_M	1660229.0	1782.0	male	Fat	MAT	nan	4	9
E10_B001190_S142			24	E10_B001190_S142	24_58_M	MAT	False	1	False	E10_B001190_S142.mus-7-0-1	exact_library_id_plus_documented_alignment_suffix	E10_B001190_S142.mus-7-0-1-1	one_assay_suffix	24m	1	nan	CD4-positive, alpha-beta T cell	nan	nan	facs	24_58_M	482927.0	1265.0	male	Fat	MAT	nan	6	5
E10_B001277_S106_L002			24	E10_B001277_S106_L002	24_61_M	Thymus	False	1	False	E10_B001277_S106_L002.mus-6-0-1	exact_library_id_plus_documented_alignment_suffix	E10_B001277_S106_L002.mus-6-0-1-1	one_assay_suffix	24m	1	nan	thymocyte	nan	proliferating thymocyte; DN to DP transition, dividing (some are Cd8+/ Cd4+, some undergoing VDJ recombination)	facs	24_61_M	2626207.0	5759.0	male	Flowthrough	Thymus	nan	21	23
E10_B001385_S178_L003			24	E10_B001385_S178_L003	24_58_M	Thymus	False	1	False	E10_B001385_S178_L003.mus-4-0-1	exact_library_id_plus_documented_alignment_suffix	E10_B001385_S178_L003.mus-4-0-1-1	one_assay_suffix	24m	1	nan	DN4 thymocyte	nan	DN4 thymocyte	facs	24_58_M	397546.0	1671.0	male	Flowthrough	Thymus	nan	6	5
E10_B001397_S274_L001			24	E10_B001397_S274_L001	24_59_M	Thymus	False	1	False	E10_B001397_S274_L001.mus-5-0-1	exact_library_id_plus_documented_alignment_suffix	E10_B001397_S274_L001.mus-5-0-1-1	one_assay_suffix	24m	1	nan	DN4 thymocyte	nan	DN4 thymocyte	facs	24_59_M	1214531.0	2394.0	male	Flowthrough	Thymus	nan	6	5
E10_B002892_S130			24	E10_B002892_S130	24_58_M	Marrow	False	1	False	E10_B002892_S130.mus-7-0-1	exact_library_id_plus_documented_alignment_suffix	E10_B002892_S130.mus-7-0-1-1	one_assay_suffix	24m	1	nan	mature alpha-beta T cell	nan	BM CD8 + CD4 T cell	facs	24_58_M	356267.0	752.0	male	T-cells	Marrow	nan	4	9
E10_B002900_S214_L003	12.0	9.0	24	E10_B002900_S214_L003	24_59_M	GAT	True	9	True	E10_B002900_S214_L003.mus-4-0-1	exact_library_id_plus_documented_alignment_suffix	E10_B002900_S214_L003.mus-4-0-1-1	one_assay_suffix	24m	1	nan	CD4-positive, alpha-beta T cell	nan	nan	facs	24_59_M	2016093.0	1930.0	male	Fat	GAT	nan	4	21
E11_B000331_S107_L004	18.0	2.0	24	E11_B000331_S107_L004	24_61_M	GAT	True	2	True	E11_B000331_S107_L004.mus-6-0-1	exact_library_id_plus_documented_alignment_suffix	E11_B000331_S107_L004.mus-6-0-1-1	one_assay_suffix	24m	1	nan	CD4-positive, alpha-beta T cell	nan	nan	facs	24_61_M	351884.0	1722.0	male	Fat	GAT	nan	4	9
E11_B000830_S107_L004			24	E11_B000830_S107_L004	24_60_M	Thymus	False	1	False	E11_B000830_S107_L004.mus-8-0-1	exact_library_id_plus_documented_alignment_suffix	E11_B000830_S107_L004.mus-8-0-1-1	one_assay_suffix	24m	1	nan	DN4 thymocyte	nan	DN4 thymocyte	facs	24_60_M	193237.0	1684.0	male	Flowthrough	Thymus	nan	4	21
E11_B001183_S47_L003			24	E11_B001183_S47_L003	24_59_M	MAT	False	1	False	E11_B001183_S47_L003.mus-1-0-1	exact_library_id_plus_documented_alignment_suffix	E11_B001183_S47_L003.mus-1-0-1-1	one_assay_suffix	24m	1	nan	CD8-positive, alpha-beta T cell	nan	nan	facs	24_59_M	1292882.0	1688.0	male	Fat	MAT	nan	4	9
E11_B001277_S107_L002			24	E11_B001277_S107_L002	24_61_M	Thymus	False	1	False	E11_B001277_S107_L002.mus-6-0-1	exact_library_id_plus_documented_alignment_suffix	E11_B001277_S107_L002.mus-6-0-1-1	one_assay_suffix	24m	1	nan	DN4 thymocyte	nan	DN4 thymocyte	facs	24_61_M	414046.0	2336.0	male	Flowthrough	Thymus	nan	6	5
E11_B001385_S179_L003			24	E11_B001385_S179_L003	24_58_M	Thymus	False	1	False	E11_B001385_S179_L003.mus-4-0-1	exact_library_id_plus_documented_alignment_suffix	E11_B001385_S179_L003.mus-4-0-1-1	one_assay_suffix	24m	1	nan	DN4 thymocyte	nan	DN4 thymocyte	facs	24_58_M	249423.0	1852.0	male	Flowthrough	Thymus	nan	6	5
E11_B002907_S131_L003	16.0	2.0	24	E11_B002907_S131_L003	24_59_M	SCAT	True	2	True	E11_B002907_S131_L003.mus-1-0-1	exact_library_id_plus_documented_alignment_suffix	E11_B002907_S131_L003.mus-1-0-1-1	one_assay_suffix	24m	1	nan	epithelial cell	nan	nan	facs	24_59_M	484868.0	2137.0	male	Fat	SCAT	nan	40	47
E12_B000333_S252_L004	77.0	5.0	24	E12_B000333_S252_L004	24_60_M	MAT	True	5	True	E12_B000333_S252_L004.mus-0-0-1	exact_library_id_plus_documented_alignment_suffix	E12_B000333_S252_L004.mus-0-0-1-1	one_assay_suffix	24m	1	nan	T cell	nan	nan	facs	24_60_M	231577.0	1702.0	male	Fat	MAT	nan	4	21
E12_B000830_S108_L004			24	E12_B000830_S108_L004	24_60_M	Thymus	False	1	False	E12_B000830_S108_L004.mus-8-0-1	exact_library_id_plus_documented_alignment_suffix	E12_B000830_S108_L004.mus-8-0-1-1	one_assay_suffix	24m	1	nan	thymocyte	nan	proliferating thymocyte; DN to DP transition, dividing (some are Cd8+/ Cd4+, some undergoing VDJ recombination)	facs	24_60_M	187210.0	2710.0	male	Flowthrough	Thymus	nan	21	23
E12_B000848_S84_L003			24	E12_B000848_S84_L003	24_60_M	Spleen	False	1	False	E12_B000848_S84_L003.mus-5-0-1	exact_library_id_plus_documented_alignment_suffix	E12_B000848_S84_L003.mus-5-0-1-1	one_assay_suffix	24m	1	nan	CD8-positive, alpha-beta T cell	nan	nan	facs	24_60_M	380543.0	1918.0	male	nan	Spleen	nan	4	9
E12_B001188_S60			24	E12_B001188_S60	24_58_M	SCAT	False	1	False	E12_B001188_S60.mus-7-0-1	exact_library_id_plus_documented_alignment_suffix	E12_B001188_S60.mus-7-0-1-1	one_assay_suffix	24m	1	nan	B cell	nan	nan	facs	24_58_M	141264.0	957.0	male	Fat	SCAT	nan	4	21
E12_B001190_S144			24	E12_B001190_S144	24_58_M	MAT	False	1	False	E12_B001190_S144.mus-7-0-1	exact_library_id_plus_documented_alignment_suffix	E12_B001190_S144.mus-7-0-1-1	one_assay_suffix	24m	1	nan	CD4-positive, alpha-beta T cell	nan	nan	facs	24_58_M	567946.0	1881.0	male	Fat	MAT	nan	4	21
E12_B001263_S276			24	E12_B001263_S276	24_58_M	Spleen	False	1	False	E12_B001263_S276.mus-7-0-1	exact_library_id_plus_documented_alignment_suffix	E12_B001263_S276.mus-7-0-1-1	one_assay_suffix	24m	1	nan	CD4-positive, alpha-beta T cell	nan	Cd3e T cell	facs	24_58_M	758948.0	1556.0	male	nan	Spleen	nan	4	21
E12_B001277_S108_L002			24	E12_B001277_S108_L002	24_61_M	Thymus	False	1	False	E12_B001277_S108_L002.mus-6-0-1	exact_library_id_plus_documented_alignment_suffix	E12_B001277_S108_L002.mus-6-0-1-1	one_assay_suffix	24m	1	nan	DN4 thymocyte	nan	DN4 thymocyte	facs	24_61_M	1133835.0	3663.0	male	Flowthrough	Thymus	nan	21	23
E12_B001385_S180_L003			24	E12_B001385_S180_L003	24_58_M	Thymus	False	1	False	E12_B001385_S180_L003.mus-4-0-1	exact_library_id_plus_documented_alignment_suffix	E12_B001385_S180_L003.mus-4-0-1-1	one_assay_suffix	24m	1	nan	thymocyte	nan	proliferating thymocyte; DN to DP transition, dividing (some are Cd8+/ Cd4+, some undergoing VDJ recombination)	facs	24_58_M	320803.0	2452.0	male	Flowthrough	Thymus	nan	21	23
E12_B001615_S144_L001	64.0	3.0	24	E12_B001615_S144_L001	24_60_M	Brain_Non-Myeloid	True	3	True	E12_B001615_S144_L001.mus-0-0-1	exact_library_id_plus_documented_alignment_suffix	E12_B001615_S144_L001.mus-0-0-1-1	one_assay_suffix	24m	1	nan	CD8-positive, alpha-beta T cell	nan	nan	facs	24_60_M	2499908.0	2005.0	male	Cortex	Brain_Non-Myeloid	nan	4	9
E12_B002949_S180_L002			24	E12_B002949_S180_L002	24_59_M	Marrow	False	1	False	E12_B002949_S180_L002.mus-5-0-1	exact_library_id_plus_documented_alignment_suffix	E12_B002949_S180_L002.mus-5-0-1-1	one_assay_suffix	24m	1	nan	CD4-positive, alpha-beta T cell	nan	BM CD4 T cell	facs	24_59_M	263186.0	1356.0	male	T-cells	Marrow	nan	4	21
E13_B000331_S109_L004	28.0	2.0	24	E13_B000331_S109_L004	24_61_M	GAT	True	2	True	E13_B000331_S109_L004.mus-6-0-1	exact_library_id_plus_documented_alignment_suffix	E13_B000331_S109_L004.mus-6-0-1-1	one_assay_suffix	24m	1	nan	CD8-positive, alpha-beta T cell	nan	nan	facs	24_61_M	285029.0	1523.0	male	Fat	GAT	nan	4	9
E13_B001183_S49_L003			24	E13_B001183_S49_L003	24_59_M	MAT	False	1	False	E13_B001183_S49_L003.mus-1-0-1	exact_library_id_plus_documented_alignment_suffix	E13_B001183_S49_L003.mus-1-0-1-1	one_assay_suffix	24m	1	nan	CD4-positive, alpha-beta T cell	nan	nan	facs	24_59_M	1097730.0	1280.0	male	Fat	MAT	nan	4	21
E13_B001190_S145			24	E13_B001190_S145	24_58_M	MAT	False	1	False	E13_B001190_S145.mus-7-0-1	exact_library_id_plus_documented_alignment_suffix	E13_B001190_S145.mus-7-0-1-1	one_assay_suffix	24m	1	nan	CD4-positive, alpha-beta T cell	nan	nan	facs	24_58_M	306276.0	1345.0	male	Fat	MAT	nan	4	21
E13_B001385_S181_L003			24	E13_B001385_S181_L003	24_58_M	Thymus	False	1	False	E13_B001385_S181_L003.mus-4-0-1	exact_library_id_plus_documented_alignment_suffix	E13_B001385_S181_L003.mus-4-0-1-1	one_assay_suffix	24m	1	nan	epithelial cell of thymus	nan	TECs	facs	24_58_M	270813.0	1746.0	male	Flowthrough	Thymus	nan	21	23
E13_B001397_S277_L001			24	E13_B001397_S277_L001	24_59_M	Thymus	False	1	False	E13_B001397_S277_L001.mus-5-0-1	exact_library_id_plus_documented_alignment_suffix	E13_B001397_S277_L001.mus-5-0-1-1	one_assay_suffix	24m	1	nan	thymocyte	nan	proliferating thymocyte; DN to DP transition, dividing (some are Cd8+/ Cd4+, some undergoing VDJ recombination)	facs	24_59_M	3003422.0	4135.0	male	Flowthrough	Thymus	nan	21	23
E14_B000331_S110_L004			24	E14_B000331_S110_L004	24_61_M	GAT	False	1	False	E14_B000331_S110_L004.mus-6-0-1	exact_library_id_plus_documented_alignment_suffix	E14_B000331_S110_L004.mus-6-0-1-1	one_assay_suffix	24m	1	nan	CD8-positive, alpha-beta T cell	nan	nan	facs	24_61_M	359618.0	1630.0	male	Fat	GAT	nan	6	9
E14_B001190_S146	43.0	2.0	24	E14_B001190_S146	24_58_M	MAT	True	2	True	E14_B001190_S146.mus-7-0-1	exact_library_id_plus_documented_alignment_suffix	E14_B001190_S146.mus-7-0-1-1	one_assay_suffix	24m	1	nan	CD8-positive, alpha-beta T cell	nan	nan	facs	24_58_M	547645.0	1633.0	male	Fat	MAT	nan	4	9
E14_B001385_S182_L003			24	E14_B001385_S182_L003	24_58_M	Thymus	False	1	False	E14_B001385_S182_L003.mus-4-0-1	exact_library_id_plus_documented_alignment_suffix	E14_B001385_S182_L003.mus-4-0-1-1	one_assay_suffix	24m	1	nan	thymocyte	nan	proliferating thymocyte; DN to DP transition, dividing (some are Cd8+/ Cd4+, some undergoing VDJ recombination)	facs	24_58_M	677721.0	3097.0	male	Flowthrough	Thymus	nan	21	23
E14_B002892_S134			24	E14_B002892_S134	24_58_M	Marrow	False	1	False	E14_B002892_S134.mus-7-0-1	exact_library_id_plus_documented_alignment_suffix	E14_B002892_S134.mus-7-0-1-1	one_assay_suffix	24m	1	nan	CD4-positive, alpha-beta T cell	nan	BM CD4 T cell	facs	24_58_M	1557408.0	1353.0	male	T-cells	Marrow	nan	4	21
E14_B002949_S182_L002			24	E14_B002949_S182_L002	24_59_M	Marrow	False	1	False	E14_B002949_S182_L002.mus-5-0-1	exact_library_id_plus_documented_alignment_suffix	E14_B002949_S182_L002.mus-5-0-1-1	one_assay_suffix	24m	1	nan	CD4-positive, alpha-beta T cell	nan	BM CD4 T cell	facs	24_59_M	689401.0	1613.0	male	T-cells	Marrow	nan	4	21
E14_B003031_S206_L004			24	E14_B003031_S206_L004	24_60_M	Marrow	False	1	False	E14_B003031_S206_L004.mus-5-0-1	exact_library_id_plus_documented_alignment_suffix	E14_B003031_S206_L004.mus-5-0-1-1	one_assay_suffix	24m	1	nan	mature alpha-beta T cell	nan	BM CD8 + CD4 T cell	facs	24_60_M	81356.0	1578.0	male	T-cells	Marrow	nan	4	48
E15_B001183_S51_L003			24	E15_B001183_S51_L003	24_59_M	MAT	False	1	False	E15_B001183_S51_L003.mus-1-0-1	exact_library_id_plus_documented_alignment_suffix	E15_B001183_S51_L003.mus-1-0-1-1	one_assay_suffix	24m	1	nan	CD4-positive, alpha-beta T cell	nan	nan	facs	24_59_M	315176.0	1385.0	male	Fat	MAT	nan	4	21
E15_B001270_S63_L001			24	E15_B001270_S63_L001	24_61_M	Brain_Non-Myeloid	False	1	False	E15_B001270_S63_L001.mus-1-0-1	exact_library_id_plus_documented_alignment_suffix		unmatched																
E15_B001397_S279_L001			24	E15_B001397_S279_L001	24_59_M	Thymus	False	1	False	E15_B001397_S279_L001.mus-5-0-1	exact_library_id_plus_documented_alignment_suffix	E15_B001397_S279_L001.mus-5-0-1-1	one_assay_suffix	24m	1	nan	thymocyte	nan	proliferating thymocyte; DN to DP transition, dividing (some are Cd8+/ Cd4+, some undergoing VDJ recombination)	facs	24_59_M	1432032.0	2807.0	male	Flowthrough	Thymus	nan	21	23
E15_B002900_S219_L003			24	E15_B002900_S219_L003	24_59_M	GAT	False	1	False	E15_B002900_S219_L003.mus-4-0-1	exact_library_id_plus_documented_alignment_suffix	E15_B002900_S219_L003.mus-4-0-1-1	one_assay_suffix	24m	1	nan	CD8-positive, alpha-beta T cell	nan	nan	facs	24_59_M	942286.0	1774.0	male	Fat	GAT	nan	4	9
E15_B002949_S183_L002			24	E15_B002949_S183_L002	24_59_M	Marrow	False	1	False	E15_B002949_S183_L002.mus-5-0-1	exact_library_id_plus_documented_alignment_suffix	E15_B002949_S183_L002.mus-5-0-1-1	one_assay_suffix	24m	1	nan	CD4-positive, alpha-beta T cell	nan	BM CD4 T cell	facs	24_59_M	583145.0	1286.0	male	T-cells	Marrow	nan	4	9
E16_B000331_S112_L004			24	E16_B000331_S112_L004	24_61_M	GAT	False	1	False	E16_B000331_S112_L004.mus-6-0-1	exact_library_id_plus_documented_alignment_suffix	E16_B000331_S112_L004.mus-6-0-1-1	one_assay_suffix	24m	1	nan	CD4-positive, alpha-beta T cell	nan	nan	facs	24_61_M	215287.0	1260.0	male	Fat	GAT	nan	4	21
E16_B001188_S64	74.0	4.0	24	E16_B001188_S64	24_58_M	SCAT	True	4	True	E16_B001188_S64.mus-7-0-1	exact_library_id_plus_documented_alignment_suffix	E16_B001188_S64.mus-7-0-1-1	one_assay_suffix	24m	1	nan	NK cell	nan	nan	facs	24_58_M	237213.0	1205.0	male	Fat	SCAT	nan	4	21
E17_B000848_S89_L003			24	E17_B000848_S89_L003	24_60_M	Spleen	False	1	False	E17_B000848_S89_L003.mus-5-0-1	exact_library_id_plus_documented_alignment_suffix	E17_B000848_S89_L003.mus-5-0-1-1	one_assay_suffix	24m	1	nan	CD4-positive, alpha-beta T cell	nan	Cd3e T cell	facs	24_60_M	1277182.0	3107.0	male	nan	Spleen	nan	4	21
E17_B001277_S113_L002			24	E17_B001277_S113_L002	24_61_M	Thymus	False	1	False	E17_B001277_S113_L002.mus-6-0-1	exact_library_id_plus_documented_alignment_suffix	E17_B001277_S113_L002.mus-6-0-1-1	one_assay_suffix	24m	1	nan	thymocyte	nan	proliferating thymocyte; DN to DP transition, dividing (some are Cd8+/ Cd4+, some undergoing VDJ recombination)	facs	24_61_M	1670461.0	4649.0	male	Flowthrough	Thymus	nan	21	23
E17_B001385_S185_L003			24	E17_B001385_S185_L003	24_58_M	Thymus	False	1	False	E17_B001385_S185_L003.mus-4-0-1	exact_library_id_plus_documented_alignment_suffix	E17_B001385_S185_L003.mus-4-0-1-1	one_assay_suffix	24m	1	nan	thymocyte	nan	proliferating thymocyte; DN to DP transition, dividing (some are Cd8+/ Cd4+, some undergoing VDJ recombination)	facs	24_58_M	1604498.0	3990.0	male	Flowthrough	Thymus	nan	21	23
E17_B001397_S281_L001			24	E17_B001397_S281_L001	24_59_M	Thymus	False	1	False	E17_B001397_S281_L001.mus-5-0-1	exact_library_id_plus_documented_alignment_suffix	E17_B001397_S281_L001.mus-5-0-1-1	one_assay_suffix	24m	1	nan	thymocyte	nan	proliferating thymocyte; DN to DP transition, dividing (some are Cd8+/ Cd4+, some undergoing VDJ recombination)	facs	24_59_M	6093281.0	5041.0	male	Flowthrough	Thymus	nan	21	23
E18_B001385_S186_L003			24	E18_B001385_S186_L003	24_58_M	Thymus	False	1	False	E18_B001385_S186_L003.mus-4-0-1	exact_library_id_plus_documented_alignment_suffix	E18_B001385_S186_L003.mus-4-0-1-1	one_assay_suffix	24m	1	nan	thymocyte	nan	proliferating thymocyte; DN to DP transition, dividing (some are Cd8+/ Cd4+, some undergoing VDJ recombination)	facs	24_58_M	963605.0	2898.0	male	Flowthrough	Thymus	nan	21	23
E18_B002892_S138			24	E18_B002892_S138	24_58_M	Marrow	False	1	False	E18_B002892_S138.mus-7-0-1	exact_library_id_plus_documented_alignment_suffix	E18_B002892_S138.mus-7-0-1-1	one_assay_suffix	24m	1	nan	CD4-positive, alpha-beta T cell	nan	BM CD4 T cell	facs	24_58_M	1651837.0	876.0	male	T-cells	Marrow	nan	4	21
E18_B002946_S150_L002	95.0	2.0	24	E18_B002946_S150_L002	24_58_M	Lung	True	2	True	E18_B002946_S150_L002.mus-4-0-1	exact_library_id_plus_documented_alignment_suffix	E18_B002946_S150_L002.mus-4-0-1-1	one_assay_suffix	24m	1	nan	CD8-positive, alpha-beta T cell	nan	CD8+ T	facs	24_58_M	203377.0	1437.0	male	EPCAM	Lung	nan	4	9
E18_B002949_S186_L002			24	E18_B002949_S186_L002	24_59_M	Marrow	False	1	False	E18_B002949_S186_L002.mus-5-0-1	exact_library_id_plus_documented_alignment_suffix	E18_B002949_S186_L002.mus-5-0-1-1	one_assay_suffix	24m	1	nan	CD4-positive, alpha-beta T cell	nan	BM CD4 T cell	facs	24_59_M	778724.0	1462.0	male	T-cells	Marrow	nan	4	21
E18_B003031_S210_L004			24	E18_B003031_S210_L004	24_60_M	Marrow	False	1	False	E18_B003031_S210_L004.mus-5-0-1	exact_library_id_plus_documented_alignment_suffix	E18_B003031_S210_L004.mus-5-0-1-1	one_assay_suffix	24m	1	nan	CD4-positive, alpha-beta T cell	nan	BM CD4 T cell	facs	24_60_M	18424.0	625.0	male	T-cells	Marrow	nan	4	21
E1_B001265_S85_L002			24	E1_B001265_S85_L002	24_59_M	Spleen	False	1	False	E1_B001265_S85_L002.mus-2-0-1	exact_library_id_plus_documented_alignment_suffix	E1_B001265_S85_L002.mus-2-0-1-1	one_assay_suffix	24m	1	nan	CD4-positive, alpha-beta T cell	nan	Cd3e T cell	facs	24_59_M	1612491.0	2138.0	male	nan	Spleen	nan	4	21
E1_B001277_S97_L002			24	E1_B001277_S97_L002	24_61_M	Thymus	False	1	False	E1_B001277_S97_L002.mus-6-0-1	exact_library_id_plus_documented_alignment_suffix	E1_B001277_S97_L002.mus-6-0-1-1	one_assay_suffix	24m	1	nan	DN4 thymocyte	nan	DN4 thymocyte	facs	24_61_M	619535.0	2710.0	male	Flowthrough	Thymus	nan	4	9
E1_B001385_S169_L003			24	E1_B001385_S169_L003	24_58_M	Thymus	False	1	False	E1_B001385_S169_L003.mus-4-0-1	exact_library_id_plus_documented_alignment_suffix	E1_B001385_S169_L003.mus-4-0-1-1	one_assay_suffix	24m	1	nan	DN4 thymocyte	nan	DN4 thymocyte	facs	24_58_M	1041882.0	2510.0	male	Flowthrough	Thymus	nan	6	5
E1_B001397_S265_L001			24	E1_B001397_S265_L001	24_59_M	Thymus	False	1	False	E1_B001397_S265_L001.mus-5-0-1	exact_library_id_plus_documented_alignment_suffix	E1_B001397_S265_L001.mus-5-0-1-1	one_assay_suffix	24m	1	nan	DN4 thymocyte	nan	DN4 thymocyte	facs	24_59_M	1689681.0	2672.0	male	Flowthrough	Thymus	nan	6	5
E20_B001385_S188_L003			24	E20_B001385_S188_L003	24_58_M	Thymus	False	1	False	E20_B001385_S188_L003.mus-4-0-1	exact_library_id_plus_documented_alignment_suffix	E20_B001385_S188_L003.mus-4-0-1-1	one_assay_suffix	24m	1	nan	thymocyte	nan	proliferating thymocyte; DN to DP transition, dividing (some are Cd8+/ Cd4+, some undergoing VDJ recombination)	facs	24_58_M	769491.0	2096.0	male	Flowthrough	Thymus	nan	21	23
E20_B001397_S284_L001			24	E20_B001397_S284_L001	24_59_M	Thymus	False	1	False	E20_B001397_S284_L001.mus-5-0-1	exact_library_id_plus_documented_alignment_suffix	E20_B001397_S284_L001.mus-5-0-1-1	one_assay_suffix	24m	1	nan	thymocyte	nan	proliferating thymocyte; DN to DP transition, dividing (some are Cd8+/ Cd4+, some undergoing VDJ recombination)	facs	24_59_M	1140402.0	3015.0	male	Flowthrough	Thymus	nan	21	23
E20_B002875_S284_L001			24	E20_B002875_S284_L001	24_59_M	Lung	False	1	False	E20_B002875_S284_L001.mus-2-0-1	exact_library_id_plus_documented_alignment_suffix	E20_B002875_S284_L001.mus-2-0-1-1	one_assay_suffix	24m	1	nan	CD8-positive, alpha-beta T cell	nan	CD8+ T	facs	24_59_M	503145.0	1201.0	male	EPCAM	Lung	nan	4	21
E20_B002946_S152_L002			24	E20_B002946_S152_L002	24_58_M	Lung	False	1	False	E20_B002946_S152_L002.mus-4-0-1	exact_library_id_plus_documented_alignment_suffix	E20_B002946_S152_L002.mus-4-0-1-1	one_assay_suffix	24m	1	nan	T cell	nan	Ly6g5b+ T	facs	24_58_M	302728.0	1414.0	male	EPCAM	Lung	nan	4	9
E20_B003858_S140_L003	38.0	8.0	24	E20_B003858_S140_L003	24_59_M	Heart	True	7	True	E20_B003858_S140_L003.mus-2-0-1	exact_library_id_plus_documented_alignment_suffix	E20_B003858_S140_L003.mus-2-0-1-1	one_assay_suffix	24m	1	nan	T cell	nan	T cell	facs	24_59_M	825181.0	1519.0	male	RA	Heart	nan	4	9
E21_B000830_S117_L004			24	E21_B000830_S117_L004	24_60_M	Thymus	False	1	False	E21_B000830_S117_L004.mus-8-0-1	exact_library_id_plus_documented_alignment_suffix	E21_B000830_S117_L004.mus-8-0-1-1	one_assay_suffix	24m	1	nan	thymocyte	nan	proliferating thymocyte; DN to DP transition, dividing (some are Cd8+/ Cd4+, some undergoing VDJ recombination)	facs	24_60_M	132258.0	2334.0	male	Flowthrough	Thymus	nan	21	23
E21_B001277_S117_L002	99.0	2.0	24	E21_B001277_S117_L002	24_61_M	Thymus	True	1	False	E21_B001277_S117_L002.mus-6-0-1	exact_library_id_plus_documented_alignment_suffix	E21_B001277_S117_L002.mus-6-0-1-1	one_assay_suffix	24m	1	nan	DN4 thymocyte	nan	DN4 thymocyte	facs	24_61_M	665153.0	2849.0	male	Flowthrough	Thymus	nan	4	9
E21_B001397_S285_L001			24	E21_B001397_S285_L001	24_59_M	Thymus	False	1	False	E21_B001397_S285_L001.mus-5-0-1	exact_library_id_plus_documented_alignment_suffix	E21_B001397_S285_L001.mus-5-0-1-1	one_assay_suffix	24m	1	nan	thymocyte	nan	proliferating thymocyte; DN to DP transition, dividing (some are Cd8+/ Cd4+, some undergoing VDJ recombination)	facs	24_59_M	1908018.0	2804.0	male	Flowthrough	Thymus	nan	21	23
E21_B002946_S153_L002			24	E21_B002946_S153_L002	24_58_M	Lung	False	1	False	E21_B002946_S153_L002.mus-4-0-1	exact_library_id_plus_documented_alignment_suffix	E21_B002946_S153_L002.mus-4-0-1-1	one_assay_suffix	24m	1	nan	CD8-positive, alpha-beta T cell	nan	CD8+ T	facs	24_58_M	478263.0	1709.0	male	EPCAM	Lung	nan	4	9
E22_B001385_S190_L003			24	E22_B001385_S190_L003	24_58_M	Thymus	False	1	False	E22_B001385_S190_L003.mus-4-0-1	exact_library_id_plus_documented_alignment_suffix	E22_B001385_S190_L003.mus-4-0-1-1	one_assay_suffix	24m	1	nan	thymocyte	nan	proliferating thymocyte; DN to DP transition, dividing (some are Cd8+/ Cd4+, some undergoing VDJ recombination)	facs	24_58_M	3780150.0	3935.0	male	Flowthrough	Thymus	nan	21	23
E22_B001397_S286_L001			24	E22_B001397_S286_L001	24_59_M	Thymus	False	1	False	E22_B001397_S286_L001.mus-5-0-1	exact_library_id_plus_documented_alignment_suffix	E22_B001397_S286_L001.mus-5-0-1-1	one_assay_suffix	24m	1	nan	thymocyte	nan	proliferating thymocyte; DN to DP transition, dividing (some are Cd8+/ Cd4+, some undergoing VDJ recombination)	facs	24_59_M	3773337.0	4116.0	male	Flowthrough	Thymus	nan	21	23
E22_B002982_S130_L004	3.0	6.0	24	E22_B002982_S130_L004	24_60_M	Lung	True	6	True	E22_B002982_S130_L004.mus-0-0-1	exact_library_id_plus_documented_alignment_suffix	E22_B002982_S130_L004.mus-0-0-1-1	one_assay_suffix	24m	1	nan	CD8-positive, alpha-beta T cell	nan	CD8+ T	facs	24_60_M	189337.0	861.0	male	Endomucin	Lung	nan	4	9
E22_B003234_S178_L004			24	E22_B003234_S178_L004	24_60_M	Lung	False	1	False	E22_B003234_S178_L004.mus-5-0-1	exact_library_id_plus_documented_alignment_suffix	E22_B003234_S178_L004.mus-5-0-1-1	one_assay_suffix	24m	1	nan	CD8-positive, alpha-beta T cell	nan	CD8+ T	facs	24_60_M	485656.0	1292.0	male	EPCAM	Lung	nan	4	9
E2_B001277_S98_L002			24	E2_B001277_S98_L002	24_61_M	Thymus	False	1	False	E2_B001277_S98_L002.mus-6-0-1	exact_library_id_plus_documented_alignment_suffix	E2_B001277_S98_L002.mus-6-0-1-1	one_assay_suffix	24m	1	nan	DN4 thymocyte	nan	DN4 thymocyte	facs	24_61_M	900289.0	2509.0	male	Flowthrough	Thymus	nan	6	5
E2_B001385_S170_L003			24	E2_B001385_S170_L003	24_58_M	Thymus	False	1	False	E2_B001385_S170_L003.mus-4-0-1	exact_library_id_plus_documented_alignment_suffix	E2_B001385_S170_L003.mus-4-0-1-1	one_assay_suffix	24m	1	nan	DN4 thymocyte	nan	DN4 thymocyte	facs	24_58_M	954238.0	3170.0	male	Flowthrough	Thymus	nan	6	5
E2_B001397_S266_L001			24	E2_B001397_S266_L001	24_59_M	Thymus	False	1	False	E2_B001397_S266_L001.mus-5-0-1	exact_library_id_plus_documented_alignment_suffix	E2_B001397_S266_L001.mus-5-0-1-1	one_assay_suffix	24m	1	nan	DN4 thymocyte	nan	DN4 thymocyte	facs	24_59_M	1962670.0	2776.0	male	Flowthrough	Thymus	nan	4	9
E2_B002892_S122			24	E2_B002892_S122	24_58_M	Marrow	False	1	False	E2_B002892_S122.mus-7-0-1	exact_library_id_plus_documented_alignment_suffix	E2_B002892_S122.mus-7-0-1-1	one_assay_suffix	24m	1	nan	CD4-positive, alpha-beta T cell	nan	BM CD4 T cell	facs	24_58_M	1570923.0	2081.0	male	T-cells	Marrow	nan	0	0
E2_B002949_S170_L002			24	E2_B002949_S170_L002	24_59_M	Marrow	False	1	False	E2_B002949_S170_L002.mus-5-0-1	exact_library_id_plus_documented_alignment_suffix	E2_B002949_S170_L002.mus-5-0-1-1	one_assay_suffix	24m	1	nan	CD4-positive, alpha-beta T cell	nan	BM CD4 T cell	facs	24_59_M	1068069.0	1355.0	male	T-cells	Marrow	nan	4	21
E3_B001263_S267			24	E3_B001263_S267	24_58_M	Spleen	False	1	False	E3_B001263_S267.mus-7-0-1	exact_library_id_plus_documented_alignment_suffix	E3_B001263_S267.mus-7-0-1-1	one_assay_suffix	24m	1	nan	CD8-positive, alpha-beta T cell	nan	nan	facs	24_58_M	523294.0	1659.0	male	nan	Spleen	nan	4	9
E3_B001277_S99_L002			24	E3_B001277_S99_L002	24_61_M	Thymus	False	1	False	E3_B001277_S99_L002.mus-6-0-1	exact_library_id_plus_documented_alignment_suffix	E3_B001277_S99_L002.mus-6-0-1-1	one_assay_suffix	24m	1	nan	DN4 thymocyte	nan	DN4 thymocyte	facs	24_61_M	608004.0	2144.0	male	Flowthrough	Thymus	nan	6	5
E3_B001385_S171_L003			24	E3_B001385_S171_L003	24_58_M	Thymus	False	1	False	E3_B001385_S171_L003.mus-4-0-1	exact_library_id_plus_documented_alignment_suffix	E3_B001385_S171_L003.mus-4-0-1-1	one_assay_suffix	24m	1	nan	DN4 thymocyte	nan	DN4 thymocyte	facs	24_58_M	1040000.0	3015.0	male	Flowthrough	Thymus	nan	4	21
E4_B001277_S100_L002			24	E4_B001277_S100_L002	24_61_M	Thymus	False	1	False	E4_B001277_S100_L002.mus-6-0-1	exact_library_id_plus_documented_alignment_suffix	E4_B001277_S100_L002.mus-6-0-1-1	one_assay_suffix	24m	1	nan	thymocyte	nan	proliferating thymocyte; DN to DP transition, dividing (some are Cd8+/ Cd4+, some undergoing VDJ recombination)	facs	24_61_M	1210927.0	3410.0	male	Flowthrough	Thymus	nan	6	21
E4_B001385_S172_L003			24	E4_B001385_S172_L003	24_58_M	Thymus	False	1	False	E4_B001385_S172_L003.mus-4-0-1	exact_library_id_plus_documented_alignment_suffix	E4_B001385_S172_L003.mus-4-0-1-1	one_assay_suffix	24m	1	nan	DN4 thymocyte	nan	DN4 thymocyte	facs	24_58_M	448448.0	1921.0	male	Flowthrough	Thymus	nan	6	5
E4_B001386_S40_L003	39.0	8.0	24	E4_B001386_S40_L003	24_58_M	Liver	True	8	True	E4_B001386_S40_L003.mus-2-0-1	exact_library_id_plus_documented_alignment_suffix	E4_B001386_S40_L003.mus-2-0-1-1	one_assay_suffix	24m	1	nan	CD8-positive, alpha-beta T cell	nan	nan	facs	24_58_M	1980759.0	2141.0	male	Non-hepatocytes	Liver	nan	4	9
E4_B002875_S268_L001			24	E4_B002875_S268_L001	24_59_M	Lung	False	1	False	E4_B002875_S268_L001.mus-2-0-1	exact_library_id_plus_documented_alignment_suffix	E4_B002875_S268_L001.mus-2-0-1-1	one_assay_suffix	24m	1	nan	regulatory T cell	nan	Regulatory T	facs	24_59_M	141891.0	1102.0	male	EPCAM	Lung	nan	4	21
E4_B003031_S196_L004			24	E4_B003031_S196_L004	24_60_M	Marrow	False	1	False	E4_B003031_S196_L004.mus-5-0-1	exact_library_id_plus_documented_alignment_suffix	E4_B003031_S196_L004.mus-5-0-1-1	one_assay_suffix	24m	1	nan	mature alpha-beta T cell	nan	BM CD8 + CD4 T cell	facs	24_60_M	2094100.0	1713.0	male	T-cells	Marrow	nan	4	48
E5_B001277_S101_L002			24	E5_B001277_S101_L002	24_61_M	Thymus	False	1	False	E5_B001277_S101_L002.mus-6-0-1	exact_library_id_plus_documented_alignment_suffix	E5_B001277_S101_L002.mus-6-0-1-1	one_assay_suffix	24m	1	nan	DN4 thymocyte	nan	DN4 thymocyte	facs	24_61_M	409302.0	1946.0	male	Flowthrough	Thymus	nan	6	5
E5_B001397_S269_L001			24	E5_B001397_S269_L001	24_59_M	Thymus	False	1	False	E5_B001397_S269_L001.mus-5-0-1	exact_library_id_plus_documented_alignment_suffix	E5_B001397_S269_L001.mus-5-0-1-1	one_assay_suffix	24m	1	nan	DN4 thymocyte	nan	DN4 thymocyte	facs	24_59_M	2276791.0	2793.0	male	Flowthrough	Thymus	nan	6	5
E6_B001265_S90_L002			24	E6_B001265_S90_L002	24_59_M	Spleen	False	1	False	E6_B001265_S90_L002.mus-2-0-1	exact_library_id_plus_documented_alignment_suffix	E6_B001265_S90_L002.mus-2-0-1-1	one_assay_suffix	24m	1	nan	CD4-positive, alpha-beta T cell	nan	Cd3e T cell	facs	24_59_M	722186.0	1274.0	male	nan	Spleen	nan	4	21
E6_B002946_S138_L002			24	E6_B002946_S138_L002	24_58_M	Lung	False	1	False	E6_B002946_S138_L002.mus-4-0-1	exact_library_id_plus_documented_alignment_suffix	E6_B002946_S138_L002.mus-4-0-1-1	one_assay_suffix	24m	1	nan	CD8-positive, alpha-beta T cell	nan	CD8+ T	facs	24_58_M	2782916.0	1452.0	male	EPCAM	Lung	nan	4	9
E6_B003902_S222_L002	24.0	34.0	24	E6_B003902_S222_L002	24_59_M	Liver	True	34	True	E6_B003902_S222_L002.mus-2-0-1	exact_library_id_plus_documented_alignment_suffix	E6_B003902_S222_L002.mus-2-0-1-1	one_assay_suffix	24m	1	nan	CD8-positive, alpha-beta T cell	nan	nan	facs	24_59_M	5543240.0	877.0	male	Non-hepatocytes	Liver	nan	4	9
E7_B000322_S103_L004			24	E7_B000322_S103_L004	24_61_M	SCAT	False	1	False	E7_B000322_S103_L004.mus-8-0-1	exact_library_id_plus_documented_alignment_suffix	E7_B000322_S103_L004.mus-8-0-1-1	one_assay_suffix	24m	1	nan	CD8-positive, alpha-beta T cell	nan	nan	facs	24_61_M	1658556.0	1068.0	male	Fat	SCAT	nan	4	9
E7_B000830_S103_L004			24	E7_B000830_S103_L004	24_60_M	Thymus	False	1	False	E7_B000830_S103_L004.mus-8-0-1	exact_library_id_plus_documented_alignment_suffix	E7_B000830_S103_L004.mus-8-0-1-1	one_assay_suffix	24m	1	nan	DN4 thymocyte	nan	DN4 thymocyte	facs	24_60_M	938523.0	1638.0	male	Flowthrough	Thymus	nan	6	5
E7_B001277_S103_L002			24	E7_B001277_S103_L002	24_61_M	Thymus	False	1	False	E7_B001277_S103_L002.mus-6-0-1	exact_library_id_plus_documented_alignment_suffix	E7_B001277_S103_L002.mus-6-0-1-1	one_assay_suffix	24m	1	nan	macrophage	nan	macrophage	facs	24_61_M	793363.0	2610.0	male	Flowthrough	Thymus	nan	4	21
E7_B001385_S175_L003			24	E7_B001385_S175_L003	24_58_M	Thymus	False	1	False	E7_B001385_S175_L003.mus-4-0-1	exact_library_id_plus_documented_alignment_suffix	E7_B001385_S175_L003.mus-4-0-1-1	one_assay_suffix	24m	1	nan	DN4 thymocyte	nan	DN4 thymocyte	facs	24_58_M	914707.0	2365.0	male	Flowthrough	Thymus	nan	6	5
E7_B001397_S271_L001			24	E7_B001397_S271_L001	24_59_M	Thymus	False	1	False	E7_B001397_S271_L001.mus-5-0-1	exact_library_id_plus_documented_alignment_suffix	E7_B001397_S271_L001.mus-5-0-1-1	one_assay_suffix	24m	1	nan	DN4 thymocyte	nan	DN4 thymocyte	facs	24_59_M	2116488.0	2597.0	male	Flowthrough	Thymus	nan	6	5
E7_B002875_S271_L001	25.0	6.0	24	E7_B002875_S271_L001	24_59_M	Lung	True	6	True	E7_B002875_S271_L001.mus-2-0-1	exact_library_id_plus_documented_alignment_suffix	E7_B002875_S271_L001.mus-2-0-1-1	one_assay_suffix	24m	1	nan	CD8-positive, alpha-beta T cell	nan	CD8+ T	facs	24_59_M	854316.0	1423.0	male	EPCAM	Lung	nan	4	9
E7_B003902_S223_L002	0.0	10.0	24	E7_B003902_S223_L002	24_59_M	Liver	True	10	True	E7_B003902_S223_L002.mus-2-0-1	exact_library_id_plus_documented_alignment_suffix	E7_B003902_S223_L002.mus-2-0-1-1	one_assay_suffix	24m	1	nan	CD8-positive, alpha-beta T cell	nan	nan	facs	24_59_M	2069720.0	1232.0	male	Non-hepatocytes	Liver	nan	4	9
E8_B000830_S104_L004			24	E8_B000830_S104_L004	24_60_M	Thymus	False	1	False	E8_B000830_S104_L004.mus-8-0-1	exact_library_id_plus_documented_alignment_suffix	E8_B000830_S104_L004.mus-8-0-1-1	one_assay_suffix	24m	1	nan	DN4 thymocyte	nan	DN4 thymocyte	facs	24_60_M	4995022.0	2063.0	male	Flowthrough	Thymus	nan	6	5
E8_B001277_S104_L002			24	E8_B001277_S104_L002	24_61_M	Thymus	False	1	False	E8_B001277_S104_L002.mus-6-0-1	exact_library_id_plus_documented_alignment_suffix	E8_B001277_S104_L002.mus-6-0-1-1	one_assay_suffix	24m	1	nan	DN4 thymocyte	nan	DN4 thymocyte	facs	24_61_M	585899.0	2373.0	male	Flowthrough	Thymus	nan	6	5
E8_B001397_S272_L001			24	E8_B001397_S272_L001	24_59_M	Thymus	False	1	False	E8_B001397_S272_L001.mus-5-0-1	exact_library_id_plus_documented_alignment_suffix	E8_B001397_S272_L001.mus-5-0-1-1	one_assay_suffix	24m	1	nan	DN4 thymocyte	nan	DN4 thymocyte	facs	24_59_M	2063438.0	3065.0	male	Flowthrough	Thymus	nan	6	5
E8_B003031_S200_L004			24	E8_B003031_S200_L004	24_60_M	Marrow	False	1	False	E8_B003031_S200_L004.mus-5-0-1	exact_library_id_plus_documented_alignment_suffix	E8_B003031_S200_L004.mus-5-0-1-1	one_assay_suffix	24m	1	nan	CD4-positive, alpha-beta T cell	nan	BM CD4 T cell	facs	24_60_M	342556.0	1429.0	male	T-cells	Marrow	nan	4	48
E9_B000331_S105_L004			24	E9_B000331_S105_L004	24_61_M	GAT	False	1	False	E9_B000331_S105_L004.mus-6-0-1	exact_library_id_plus_documented_alignment_suffix	E9_B000331_S105_L004.mus-6-0-1-1	one_assay_suffix	24m	1	nan	CD4-positive, alpha-beta T cell	nan	nan	facs	24_61_M	358408.0	1043.0	male	Fat	GAT	nan	6	5
E9_B000830_S105_L004			24	E9_B000830_S105_L004	24_60_M	Thymus	False	1	False	E9_B000830_S105_L004.mus-8-0-1	exact_library_id_plus_documented_alignment_suffix	E9_B000830_S105_L004.mus-8-0-1-1	one_assay_suffix	24m	1	nan	DN4 thymocyte	nan	DN4 thymocyte	facs	24_60_M	5906747.0	2148.0	male	Flowthrough	Thymus	nan	4	9
E9_B001190_S141			24	E9_B001190_S141	24_58_M	MAT	False	1	False	E9_B001190_S141.mus-7-0-1	exact_library_id_plus_documented_alignment_suffix	E9_B001190_S141.mus-7-0-1-1	one_assay_suffix	24m	1	nan	CD4-positive, alpha-beta T cell	nan	nan	facs	24_58_M	392518.0	1154.0	male	Fat	MAT	nan	6	5
E9_B001277_S105_L002			24	E9_B001277_S105_L002	24_61_M	Thymus	False	1	False	E9_B001277_S105_L002.mus-6-0-1	exact_library_id_plus_documented_alignment_suffix	E9_B001277_S105_L002.mus-6-0-1-1	one_assay_suffix	24m	1	nan	DN4 thymocyte	nan	DN4 thymocyte	facs	24_61_M	757515.0	2500.0	male	Flowthrough	Thymus	nan	4	9
E9_B001397_S273_L001			24	E9_B001397_S273_L001	24_59_M	Thymus	False	1	False	E9_B001397_S273_L001.mus-5-0-1	exact_library_id_plus_documented_alignment_suffix	E9_B001397_S273_L001.mus-5-0-1-1	one_assay_suffix	24m	1	nan	DN4 thymocyte	nan	DN4 thymocyte	facs	24_59_M	1691964.0	2393.0	male	Flowthrough	Thymus	nan	6	5
E9_B002875_S273_L001			24	E9_B002875_S273_L001	24_59_M	Lung	False	1	False	E9_B002875_S273_L001.mus-2-0-1	exact_library_id_plus_documented_alignment_suffix	E9_B002875_S273_L001.mus-2-0-1-1	one_assay_suffix	24m	1	nan	regulatory T cell	nan	Regulatory T	facs	24_59_M	893517.0	913.0	male	EPCAM	Lung	nan	4	21
E9_B003031_S201_L004			24	E9_B003031_S201_L004	24_60_M	Marrow	False	1	False	E9_B003031_S201_L004.mus-5-0-1	exact_library_id_plus_documented_alignment_suffix	E9_B003031_S201_L004.mus-5-0-1-1	one_assay_suffix	24m	1	nan	basophil	nan	basophil	facs	24_60_M	466195.0	2368.0	male	T-cells	Marrow	nan	4	26
F10_B000337_S22_L003			24	F10_B000337_S22_L003	24_60_M	GAT	False	1	False	F10_B000337_S22_L003.mus-0-0-1	exact_library_id_plus_documented_alignment_suffix	F10_B000337_S22_L003.mus-0-0-1-1	one_assay_suffix	24m	1	nan	CD8-positive, alpha-beta T cell	nan	nan	facs	24_60_M	539294.0	1635.0	male	Fat	GAT	nan	4	9
F10_B001277_S130_L002	67.0	5.0	24	F10_B001277_S130_L002	24_61_M	Thymus	True	5	True	F10_B001277_S130_L002.mus-6-0-1	exact_library_id_plus_documented_alignment_suffix	F10_B001277_S130_L002.mus-6-0-1-1	one_assay_suffix	24m	1	nan	DN4 thymocyte	nan	DN4 thymocyte	facs	24_61_M	583155.0	1985.0	male	Flowthrough	Thymus	nan	4	9
F10_B001397_S298_L001			24	F10_B001397_S298_L001	24_59_M	Thymus	False	1	False	F10_B001397_S298_L001.mus-5-0-1	exact_library_id_plus_documented_alignment_suffix	F10_B001397_S298_L001.mus-5-0-1-1	one_assay_suffix	24m	1	nan	DN4 thymocyte	nan	DN4 thymocyte	facs	24_59_M	1420572.0	2255.0	male	Flowthrough	Thymus	nan	6	5
F10_B002898_S214			24	F10_B002898_S214	24_58_M	GAT	False	1	False	F10_B002898_S214.mus-7-0-1	exact_library_id_plus_documented_alignment_suffix	F10_B002898_S214.mus-7-0-1-1	one_assay_suffix	24m	1	nan	CD4-positive, alpha-beta T cell	nan	nan	facs	24_58_M	435283.0	1634.0	male	Fat	GAT	nan	4	9
F11_B000331_S131_L004			24	F11_B000331_S131_L004	24_61_M	GAT	False	1	False	F11_B000331_S131_L004.mus-6-0-1	exact_library_id_plus_documented_alignment_suffix	F11_B000331_S131_L004.mus-6-0-1-1	one_assay_suffix	24m	1	nan	CD4-positive, alpha-beta T cell	nan	nan	facs	24_61_M	283251.0	1842.0	male	Fat	GAT	nan	4	21
F11_B000830_S131_L004			24	F11_B000830_S131_L004	24_60_M	Thymus	False	1	False	F11_B000830_S131_L004.mus-8-0-1	exact_library_id_plus_documented_alignment_suffix	F11_B000830_S131_L004.mus-8-0-1-1	one_assay_suffix	24m	1	nan	DN4 thymocyte	nan	DN4 thymocyte	facs	24_60_M	229335.0	1964.0	male	Flowthrough	Thymus	nan	6	5
F11_B001190_S167			24	F11_B001190_S167	24_58_M	MAT	False	1	False	F11_B001190_S167.mus-7-0-1	exact_library_id_plus_documented_alignment_suffix	F11_B001190_S167.mus-7-0-1-1	one_assay_suffix	24m	1	nan	CD8-positive, alpha-beta T cell	nan	nan	facs	24_58_M	747560.0	2091.0	male	Fat	MAT	nan	4	9
F11_B001263_S299			24	F11_B001263_S299	24_58_M	Spleen	False	1	False	F11_B001263_S299.mus-7-0-1	exact_library_id_plus_documented_alignment_suffix	F11_B001263_S299.mus-7-0-1-1	one_assay_suffix	24m	1	nan	CD4-positive, alpha-beta T cell	nan	Cd3e T cell	facs	24_58_M	385254.0	1590.0	male	nan	Spleen	nan	4	21
F11_B001277_S131_L002	15.0	15.0	24	F11_B001277_S131_L002	24_61_M	Thymus	True	15	True	F11_B001277_S131_L002.mus-6-0-1	exact_library_id_plus_documented_alignment_suffix	F11_B001277_S131_L002.mus-6-0-1-1	one_assay_suffix	24m	1	nan	DN4 thymocyte	nan	DN4 thymocyte	facs	24_61_M	979105.0	2390.0	male	Flowthrough	Thymus	nan	4	9
F11_B001397_S299_L001			24	F11_B001397_S299_L001	24_59_M	Thymus	False	1	False	F11_B001397_S299_L001.mus-5-0-1	exact_library_id_plus_documented_alignment_suffix	F11_B001397_S299_L001.mus-5-0-1-1	one_assay_suffix	24m	1	nan	DN4 thymocyte	nan	DN4 thymocyte	facs	24_59_M	955828.0	2105.0	male	Flowthrough	Thymus	nan	6	5
F11_B002887_S215_L001			24	F11_B002887_S215_L001	24_58_M	BAT	False	1	False	F11_B002887_S215_L001.mus-4-0-1	exact_library_id_plus_documented_alignment_suffix	F11_B002887_S215_L001.mus-4-0-1-1	one_assay_suffix	24m	1	nan	T cell	nan	nan	facs	24_58_M	1113305.0	1731.0	male	Fat	BAT	nan	6	5
F12_B000851_S132_L004			24	F12_B000851_S132_L004	24_61_M	Spleen	False	1	False	F12_B000851_S132_L004.mus-6-0-1	exact_library_id_plus_documented_alignment_suffix	F12_B000851_S132_L004.mus-6-0-1-1	one_assay_suffix	24m	1	nan	CD8-positive, alpha-beta T cell	nan	nan	facs	24_61_M	99887.0	1941.0	male	nan	Spleen	nan	4	9
F12_B001261_S108_L003	63.0	2.0	24	F12_B001261_S108_L003	24_59_M	Kidney	True	2	True	F12_B001261_S108_L003.mus-2-0-1	exact_library_id_plus_documented_alignment_suffix	F12_B001261_S108_L003.mus-2-0-1-1	one_assay_suffix	24m	1	nan	T cell	nan	T cell	facs	24_59_M	1059020.0	1646.0	male	nan	Kidney	nan	4	9
F12_B001385_S204_L003			24	F12_B001385_S204_L003	24_58_M	Thymus	False	1	False	F12_B001385_S204_L003.mus-4-0-1	exact_library_id_plus_documented_alignment_suffix	F12_B001385_S204_L003.mus-4-0-1-1	one_assay_suffix	24m	1	nan	thymocyte	nan	proliferating thymocyte; DN to DP transition, dividing (some are Cd8+/ Cd4+, some undergoing VDJ recombination)	facs	24_58_M	513845.0	2373.0	male	Flowthrough	Thymus	nan	21	23
F12_B001397_S300_L001			24	F12_B001397_S300_L001	24_59_M	Thymus	False	1	False	F12_B001397_S300_L001.mus-5-0-1	exact_library_id_plus_documented_alignment_suffix	F12_B001397_S300_L001.mus-5-0-1-1	one_assay_suffix	24m	1	nan	thymocyte	nan	proliferating thymocyte; DN to DP transition, dividing (some are Cd8+/ Cd4+, some undergoing VDJ recombination)	facs	24_59_M	4151989.0	4868.0	male	Flowthrough	Thymus	nan	21	23
F12_B002900_S240_L003	20.0	2.0	24	F12_B002900_S240_L003	24_59_M	GAT	True	2	True	F12_B002900_S240_L003.mus-4-0-1	exact_library_id_plus_documented_alignment_suffix	F12_B002900_S240_L003.mus-4-0-1-1	one_assay_suffix	24m	1	nan	CD8-positive, alpha-beta T cell	nan	nan	facs	24_59_M	549477.0	1204.0	male	Fat	GAT	nan	4	21
F12_B002988_S144_L004			24	F12_B002988_S144_L004	24_60_M	Trachea	False	1	False	F12_B002988_S144_L004.mus-5-0-1	exact_library_id_plus_documented_alignment_suffix	F12_B002988_S144_L004.mus-5-0-1-1	one_assay_suffix	24m	1	nan	T cell	nan	nan	facs	24_60_M	1098947.0	2187.0	male	nan	Trachea	nan	4	21
F12_B003902_S252_L002	0.0	10.0	24	F12_B003902_S252_L002	24_59_M	Liver	True	10	True	F12_B003902_S252_L002.mus-2-0-1	exact_library_id_plus_documented_alignment_suffix	F12_B003902_S252_L002.mus-2-0-1-1	one_assay_suffix	24m	1	nan	CD8-positive, alpha-beta T cell	nan	nan	facs	24_59_M	201919.0	1521.0	male	Non-hepatocytes	Liver	nan	4	9
F13_B001183_S73_L003			24	F13_B001183_S73_L003	24_59_M	MAT	False	1	False	F13_B001183_S73_L003.mus-1-0-1	exact_library_id_plus_documented_alignment_suffix	F13_B001183_S73_L003.mus-1-0-1-1	one_assay_suffix	24m	1	nan	CD8-positive, alpha-beta T cell	nan	nan	facs	24_59_M	1162048.0	1699.0	male	Fat	MAT	nan	4	9
F13_B001397_S1_L001			24	F13_B001397_S1_L001	24_59_M	Thymus	False	1	False	F13_B001397_S1_L001.mus-5-0-1	exact_library_id_plus_documented_alignment_suffix	F13_B001397_S1_L001.mus-5-0-1-1	one_assay_suffix	24m	1	nan	thymocyte	nan	proliferating thymocyte; DN to DP transition, dividing (some are Cd8+/ Cd4+, some undergoing VDJ recombination)	facs	24_59_M	4218102.0	3973.0	male	Flowthrough	Thymus	nan	21	23
F13_B002898_S217			24	F13_B002898_S217	24_58_M	GAT	False	1	False	F13_B002898_S217.mus-7-0-1	exact_library_id_plus_documented_alignment_suffix	F13_B002898_S217.mus-7-0-1-1	one_assay_suffix	24m	1	nan	CD4-positive, alpha-beta T cell	nan	nan	facs	24_58_M	271127.0	940.0	male	Fat	GAT	nan	4	21
F13_B002900_S241_L003			24	F13_B002900_S241_L003	24_59_M	GAT	False	1	False	F13_B002900_S241_L003.mus-4-0-1	exact_library_id_plus_documented_alignment_suffix	F13_B002900_S241_L003.mus-4-0-1-1	one_assay_suffix	24m	1	nan	CD4-positive, alpha-beta T cell	nan	nan	facs	24_59_M	738721.0	991.0	male	Fat	GAT	nan	6	5
F13_B002992_S133_L003			24	F13_B002992_S133_L003	24_61_M	Marrow	False	1	False	F13_B002992_S133_L003.mus-8-0-1	exact_library_id_plus_documented_alignment_suffix	F13_B002992_S133_L003.mus-8-0-1-1	one_assay_suffix	24m	1	nan	mature alpha-beta T cell	nan	BM CD8 + CD4 T cell	facs	24_61_M	89293.0	881.0	male	T-cells	Marrow	nan	4	9
F13_B003902_S253_L002	37.0	2.0	24	F13_B003902_S253_L002	24_59_M	Liver	True	2	True	F13_B003902_S253_L002.mus-2-0-1	exact_library_id_plus_documented_alignment_suffix	F13_B003902_S253_L002.mus-2-0-1-1	one_assay_suffix	24m	1	nan	CD8-positive, alpha-beta T cell	nan	nan	facs	24_59_M	273660.0	1161.0	male	Non-hepatocytes	Liver	nan	4	9
F14_B000337_S26_L003			24	F14_B000337_S26_L003	24_60_M	GAT	False	1	False	F14_B000337_S26_L003.mus-0-0-1	exact_library_id_plus_documented_alignment_suffix	F14_B000337_S26_L003.mus-0-0-1-1	one_assay_suffix	24m	1	nan	CD4-positive, alpha-beta T cell	nan	nan	facs	24_60_M	471156.0	1018.0	male	Fat	GAT	nan	4	21
F14_B000848_S110_L003			24	F14_B000848_S110_L003	24_60_M	Spleen	False	1	False	F14_B000848_S110_L003.mus-5-0-1	exact_library_id_plus_documented_alignment_suffix	F14_B000848_S110_L003.mus-5-0-1-1	one_assay_suffix	24m	1	nan	CD4-positive, alpha-beta T cell	nan	Cd3e T cell	facs	24_60_M	389835.0	2221.0	male	nan	Spleen	nan	4	21
F14_B001397_S2_L001			24	F14_B001397_S2_L001	24_59_M	Thymus	False	1	False	F14_B001397_S2_L001.mus-5-0-1	exact_library_id_plus_documented_alignment_suffix	F14_B001397_S2_L001.mus-5-0-1-1	one_assay_suffix	24m	1	nan	thymocyte	nan	proliferating thymocyte; DN to DP transition, dividing (some are Cd8+/ Cd4+, some undergoing VDJ recombination)	facs	24_59_M	2158244.0	2975.0	male	Flowthrough	Thymus	nan	21	23
F14_B001616_S134_L001			24	F14_B001616_S134_L001	24_60_M	Brain_Non-Myeloid	False	1	False	F14_B001616_S134_L001.mus-6-0-1	exact_library_id_plus_documented_alignment_suffix	F14_B001616_S134_L001.mus-6-0-1-1	one_assay_suffix	24m	1	nan	CD8-positive, alpha-beta T cell	nan	nan	facs	24_60_M	723067.0	848.0	male	Striatum	Brain_Non-Myeloid	nan	4	9
F14_B002900_S242_L003			24	F14_B002900_S242_L003	24_59_M	GAT	False	1	False	F14_B002900_S242_L003.mus-4-0-1	exact_library_id_plus_documented_alignment_suffix	F14_B002900_S242_L003.mus-4-0-1-1	one_assay_suffix	24m	1	nan	CD8-positive, alpha-beta T cell	nan	nan	facs	24_59_M	984608.0	1548.0	male	Fat	GAT	nan	4	9
F15_B000337_S27_L003	26.0	2.0	24	F15_B000337_S27_L003	24_60_M	GAT	True	2	True	F15_B000337_S27_L003.mus-0-0-1	exact_library_id_plus_documented_alignment_suffix	F15_B000337_S27_L003.mus-0-0-1-1	one_assay_suffix	24m	1	nan	T cell	nan	nan	facs	24_60_M	492920.0	1573.0	male	Fat	GAT	nan	4	21
F15_B001183_S75_L003			24	F15_B001183_S75_L003	24_59_M	MAT	False	1	False	F15_B001183_S75_L003.mus-1-0-1	exact_library_id_plus_documented_alignment_suffix	F15_B001183_S75_L003.mus-1-0-1-1	one_assay_suffix	24m	1	nan	CD4-positive, alpha-beta T cell	nan	nan	facs	24_59_M	1241476.0	1548.0	male	Fat	MAT	nan	4	5
F15_B001263_S3			24	F15_B001263_S3	24_58_M	Spleen	False	1	False	F15_B001263_S3.mus-7-0-1	exact_library_id_plus_documented_alignment_suffix	F15_B001263_S3.mus-7-0-1-1	one_assay_suffix	24m	1	nan	CD8-positive, alpha-beta T cell	nan	nan	facs	24_58_M	1507876.0	2227.0	male	nan	Spleen	nan	4	9
F15_B001385_S207_L003			24	F15_B001385_S207_L003	24_58_M	Thymus	False	1	False	F15_B001385_S207_L003.mus-4-0-1	exact_library_id_plus_documented_alignment_suffix	F15_B001385_S207_L003.mus-4-0-1-1	one_assay_suffix	24m	1	nan	thymocyte	nan	proliferating thymocyte; DN to DP transition, dividing (some are Cd8+/ Cd4+, some undergoing VDJ recombination)	facs	24_58_M	596876.0	2357.0	male	Flowthrough	Thymus	nan	21	23
F15_B001397_S3_L001			24	F15_B001397_S3_L001	24_59_M	Thymus	False	1	False	F15_B001397_S3_L001.mus-5-0-1	exact_library_id_plus_documented_alignment_suffix	F15_B001397_S3_L001.mus-5-0-1-1	one_assay_suffix	24m	1	nan	thymocyte	nan	proliferating thymocyte; DN to DP transition, dividing (some are Cd8+/ Cd4+, some undergoing VDJ recombination)	facs	24_59_M	193694.0	2093.0	male	Flowthrough	Thymus	nan	21	23
F16_B000844_S88_L001	7.0	12.0	24	F16_B000844_S88_L001	24_60_M	Kidney	True	12	True	F16_B000844_S88_L001.mus-5-0-1	exact_library_id_plus_documented_alignment_suffix	F16_B000844_S88_L001.mus-5-0-1-1	one_assay_suffix	24m	1	nan	T cell	nan	T cell	facs	24_60_M	108946.0	2991.0	male	nan	Kidney	nan	4	9
F16_B001183_S76_L003			24	F16_B001183_S76_L003	24_59_M	MAT	False	1	False	F16_B001183_S76_L003.mus-1-0-1	exact_library_id_plus_documented_alignment_suffix	F16_B001183_S76_L003.mus-1-0-1-1	one_assay_suffix	24m	1	nan	CD4-positive, alpha-beta T cell	nan	nan	facs	24_59_M	528188.0	1427.0	male	Fat	MAT	nan	6	5
F16_B001190_S172			24	F16_B001190_S172	24_58_M	MAT	False	1	False	F16_B001190_S172.mus-7-0-1	exact_library_id_plus_documented_alignment_suffix	F16_B001190_S172.mus-7-0-1-1	one_assay_suffix	24m	1	nan	CD4-positive, alpha-beta T cell	nan	nan	facs	24_58_M	391259.0	1158.0	male	Fat	MAT	nan	6	5
F16_B001263_S4			24	F16_B001263_S4	24_58_M	Spleen	False	1	False	F16_B001263_S4.mus-7-0-1	exact_library_id_plus_documented_alignment_suffix	F16_B001263_S4.mus-7-0-1-1	one_assay_suffix	24m	1	nan	CD4-positive, alpha-beta T cell	nan	Cd3e T cell	facs	24_58_M	1059434.0	1609.0	male	nan	Spleen	nan	6	5
F16_B002892_S160			24	F16_B002892_S160	24_58_M	Marrow	False	1	False	F16_B002892_S160.mus-7-0-1	exact_library_id_plus_documented_alignment_suffix	F16_B002892_S160.mus-7-0-1-1	one_assay_suffix	24m	1	nan	NK cell	nan	NK cell	facs	24_58_M	562032.0	1284.0	male	T-cells	Marrow	nan	4	9
F17_B000848_S113_L003			24	F17_B000848_S113_L003	24_60_M	Spleen	False	1	False	F17_B000848_S113_L003.mus-5-0-1	exact_library_id_plus_documented_alignment_suffix	F17_B000848_S113_L003.mus-5-0-1-1	one_assay_suffix	24m	1	nan	CD4-positive, alpha-beta T cell	nan	Cd3e T cell	facs	24_60_M	318969.0	2198.0	male	nan	Spleen	nan	6	5
F17_B001277_S137_L002			24	F17_B001277_S137_L002	24_61_M	Thymus	False	1	False	F17_B001277_S137_L002.mus-6-0-1	exact_library_id_plus_documented_alignment_suffix	F17_B001277_S137_L002.mus-6-0-1-1	one_assay_suffix	24m	1	nan	thymocyte	nan	proliferating thymocyte; DN to DP transition, dividing (some are Cd8+/ Cd4+, some undergoing VDJ recombination)	facs	24_61_M	2100334.0	4542.0	male	Flowthrough	Thymus	nan	21	23
F17_B001397_S5_L001			24	F17_B001397_S5_L001	24_59_M	Thymus	False	1	False	F17_B001397_S5_L001.mus-5-0-1	exact_library_id_plus_documented_alignment_suffix	F17_B001397_S5_L001.mus-5-0-1-1	one_assay_suffix	24m	1	nan	macrophage	nan	macrophage	facs	24_59_M	3323185.0	4030.0	male	Flowthrough	Thymus	nan	21	23
F17_B002892_S161			24	F17_B002892_S161	24_58_M	Marrow	False	1	False	F17_B002892_S161.mus-7-0-1	exact_library_id_plus_documented_alignment_suffix	F17_B002892_S161.mus-7-0-1-1	one_assay_suffix	24m	1	nan	CD4-positive, alpha-beta T cell	nan	BM CD4 T cell	facs	24_58_M	1474892.0	1283.0	male	T-cells	Marrow	nan	4	48
F18_B001242_S30			24	F18_B001242_S30	24_58_M	Liver	False	1	False	F18_B001242_S30.mus-7-0-1	exact_library_id_plus_documented_alignment_suffix	F18_B001242_S30.mus-7-0-1-1	one_assay_suffix	24m	1	nan	CD4-positive, alpha-beta T cell	nan	nan	facs	24_58_M	2435666.0	1499.0	male	Non-hepatocytes	Liver	nan	4	9
F18_B001265_S126_L002			24	F18_B001265_S126_L002	24_59_M	Spleen	False	1	False	F18_B001265_S126_L002.mus-2-0-1	exact_library_id_plus_documented_alignment_suffix	F18_B001265_S126_L002.mus-2-0-1-1	one_assay_suffix	24m	1	nan	CD4-positive, alpha-beta T cell	nan	Cd3e T cell	facs	24_59_M	917654.0	1498.0	male	nan	Spleen	nan	4	21
F18_B001615_S174_L001			24	F18_B001615_S174_L001	24_60_M	Brain_Non-Myeloid	False	1	False	F18_B001615_S174_L001.mus-0-0-1	exact_library_id_plus_documented_alignment_suffix	F18_B001615_S174_L001.mus-0-0-1-1	one_assay_suffix	24m	1	nan	CD8-positive, alpha-beta T cell	nan	nan	facs	24_60_M	1486975.0	1462.0	male	Cortex	Brain_Non-Myeloid	nan	4	48
F18_B003902_S258_L002	24.0	34.0	24	F18_B003902_S258_L002	24_59_M	Liver	True	34	True	F18_B003902_S258_L002.mus-2-0-1	exact_library_id_plus_documented_alignment_suffix	F18_B003902_S258_L002.mus-2-0-1-1	one_assay_suffix	24m	1	nan	CD8-positive, alpha-beta T cell	nan	nan	facs	24_59_M	135935.0	1047.0	male	Non-hepatocytes	Liver	nan	4	9
F19_B001385_S211_L003			24	F19_B001385_S211_L003	24_58_M	Thymus	False	1	False	F19_B001385_S211_L003.mus-4-0-1	exact_library_id_plus_documented_alignment_suffix	F19_B001385_S211_L003.mus-4-0-1-1	one_assay_suffix	24m	1	nan	thymocyte	nan	proliferating thymocyte; DN to DP transition, dividing (some are Cd8+/ Cd4+, some undergoing VDJ recombination)	facs	24_58_M	1180788.0	2715.0	male	Flowthrough	Thymus	nan	21	23
F19_B001397_S7_L001			24	F19_B001397_S7_L001	24_59_M	Thymus	False	1	False	F19_B001397_S7_L001.mus-5-0-1	exact_library_id_plus_documented_alignment_suffix	F19_B001397_S7_L001.mus-5-0-1-1	one_assay_suffix	24m	1	nan	thymocyte	nan	proliferating thymocyte; DN to DP transition, dividing (some are Cd8+/ Cd4+, some undergoing VDJ recombination)	facs	24_59_M	1503551.0	3211.0	male	Flowthrough	Thymus	nan	21	23
F19_B002257_S139_L001	42.0	10.0	24	F19_B002257_S139_L001	24_61_M	Marrow	True	10	True	F19_B002257_S139_L001.mus-6-0-1	exact_library_id_plus_documented_alignment_suffix	F19_B002257_S139_L001.mus-6-0-1-1	one_assay_suffix	24m	1	nan	mature alpha-beta T cell	nan	BM CD8 + CD4 T cell	facs	24_61_M	500025.0	2053.0	male	B-cells	Marrow	nan	4	9
F1_B000852_S121_L001	51.0	6.0	24	F1_B000852_S121_L001	24_61_M	Brain_Myeloid	True	6	True	F1_B000852_S121_L001.mus-8-0-1	exact_library_id_plus_documented_alignment_suffix	F1_B000852_S121_L001.mus-8-0-1-1	one_assay_suffix	24m	1	nan	microglial cell	nan	nan	facs	24_61_M	4364281.0	1609.0	male	Striatum	Brain_Myeloid	nan	4	9
F1_B001277_S121_L002			24	F1_B001277_S121_L002	24_61_M	Thymus	False	1	False	F1_B001277_S121_L002.mus-6-0-1	exact_library_id_plus_documented_alignment_suffix	F1_B001277_S121_L002.mus-6-0-1-1	one_assay_suffix	24m	1	nan	DN4 thymocyte	nan	DN4 thymocyte	facs	24_61_M	1222049.0	3492.0	male	Flowthrough	Thymus	nan	4	9
F1_B001385_S193_L003			24	F1_B001385_S193_L003	24_58_M	Thymus	False	1	False	F1_B001385_S193_L003.mus-4-0-1	exact_library_id_plus_documented_alignment_suffix	F1_B001385_S193_L003.mus-4-0-1-1	one_assay_suffix	24m	1	nan	DN4 thymocyte	nan	DN4 thymocyte	facs	24_58_M	471356.0	1741.0	male	Flowthrough	Thymus	nan	4	21
F1_B003031_S217_L004			24	F1_B003031_S217_L004	24_60_M	Marrow	False	1	False	F1_B003031_S217_L004.mus-5-0-1	exact_library_id_plus_documented_alignment_suffix	F1_B003031_S217_L004.mus-5-0-1-1	one_assay_suffix	24m	1	nan	granulocyte monocyte progenitor cell	nan	granulocyte monocyte progenitor cell	facs	24_60_M	4782620.0	2234.0	male	T-cells	Marrow	nan	12	26
F1_B003228_S229_L003	51.0	6.0	24	F1_B003228_S229_L003	24_61_M	Brain_Non-Myeloid	True	6	True	F1_B003228_S229_L003.mus-1-0-1	exact_library_id_plus_documented_alignment_suffix		unmatched																
F20_B002892_S164	72.0	2.0	24	F20_B002892_S164	24_58_M	Marrow	True	2	True	F20_B002892_S164.mus-7-0-1	exact_library_id_plus_documented_alignment_suffix	F20_B002892_S164.mus-7-0-1-1	one_assay_suffix	24m	1	nan	NK cell	nan	NK cell	facs	24_58_M	970285.0	1030.0	male	T-cells	Marrow	nan	4	47
F20_B002949_S212_L002			24	F20_B002949_S212_L002	24_59_M	Marrow	False	1	False	F20_B002949_S212_L002.mus-5-0-1	exact_library_id_plus_documented_alignment_suffix	F20_B002949_S212_L002.mus-5-0-1-1	one_assay_suffix	24m	1	nan	mature alpha-beta T cell	nan	BM CD8 + CD4 T cell	facs	24_59_M	727416.0	1052.0	male	T-cells	Marrow	nan	6	5
F20_B002982_S152_L004			24	F20_B002982_S152_L004	24_60_M	Lung	False	1	False	F20_B002982_S152_L004.mus-0-0-1	exact_library_id_plus_documented_alignment_suffix	F20_B002982_S152_L004.mus-0-0-1-1	one_assay_suffix	24m	1	nan	regulatory T cell	nan	Regulatory T	facs	24_60_M	277842.0	968.0	male	Endomucin	Lung	nan	4	21
F21_B000848_S117_L003			24	F21_B000848_S117_L003	24_60_M	Spleen	False	1	False	F21_B000848_S117_L003.mus-5-0-1	exact_library_id_plus_documented_alignment_suffix	F21_B000848_S117_L003.mus-5-0-1-1	one_assay_suffix	24m	1	nan	CD4-positive, alpha-beta T cell	nan	Cd3e T cell	facs	24_60_M	752651.0	2938.0	male	nan	Spleen	nan	4	21
F21_B001243_S45_L002	24.0	34.0	24	F21_B001243_S45_L002	24_59_M	Liver	True	34	True	F21_B001243_S45_L002.mus-2-0-1	exact_library_id_plus_documented_alignment_suffix	F21_B001243_S45_L002.mus-2-0-1-1	one_assay_suffix	24m	1	nan	CD8-positive, alpha-beta T cell	nan	nan	facs	24_59_M	262836.0	1201.0	male	Non-hepatocytes	Liver	nan	4	9
F21_B001397_S9_L001			24	F21_B001397_S9_L001	24_59_M	Thymus	False	1	False	F21_B001397_S9_L001.mus-5-0-1	exact_library_id_plus_documented_alignment_suffix	F21_B001397_S9_L001.mus-5-0-1-1	one_assay_suffix	24m	1	nan	thymocyte	nan	proliferating thymocyte; DN to DP transition, dividing (some are Cd8+/ Cd4+, some undergoing VDJ recombination)	facs	24_59_M	3487253.0	3752.0	male	Flowthrough	Thymus	nan	21	23
F21_B002947_S129			24	F21_B002947_S129			False	1	False	__unmatched__F21_B002947_S129	unmatched_library		unmatched																
F22_B001263_S10			24	F22_B001263_S10	24_58_M	Spleen	False	1	False	F22_B001263_S10.mus-7-0-1	exact_library_id_plus_documented_alignment_suffix	F22_B001263_S10.mus-7-0-1-1	one_assay_suffix	24m	1	nan	CD8-positive, alpha-beta T cell	nan	Cd3e T cell	facs	24_58_M	1852511.0	2053.0	male	nan	Spleen	nan	4	21
F22_B001277_S142_L002			24	F22_B001277_S142_L002	24_61_M	Thymus	False	1	False	F22_B001277_S142_L002.mus-6-0-1	exact_library_id_plus_documented_alignment_suffix	F22_B001277_S142_L002.mus-6-0-1-1	one_assay_suffix	24m	1	nan	DN4 thymocyte	nan	DN4 thymocyte	facs	24_61_M	1334642.0	2656.0	male	Flowthrough	Thymus	nan	21	23
F22_B001385_S214_L003			24	F22_B001385_S214_L003	24_58_M	Thymus	False	1	False	F22_B001385_S214_L003.mus-4-0-1	exact_library_id_plus_documented_alignment_suffix	F22_B001385_S214_L003.mus-4-0-1-1	one_assay_suffix	24m	1	nan	thymocyte	nan	proliferating thymocyte; DN to DP transition, dividing (some are Cd8+/ Cd4+, some undergoing VDJ recombination)	facs	24_58_M	1390527.0	2434.0	male	Flowthrough	Thymus	nan	21	23
F22_B001397_S10_L001	41.0	2.0	24	F22_B001397_S10_L001	24_59_M	Thymus	True	1	False	F22_B001397_S10_L001.mus-5-0-1	exact_library_id_plus_documented_alignment_suffix	F22_B001397_S10_L001.mus-5-0-1-1	one_assay_suffix	24m	1	nan	thymocyte	nan	proliferating thymocyte; DN to DP transition, dividing (some are Cd8+/ Cd4+, some undergoing VDJ recombination)	facs	24_59_M	1507643.0	2656.0	male	Flowthrough	Thymus	nan	21	23
F22_B002892_S166			24	F22_B002892_S166	24_58_M	Marrow	False	1	False	F22_B002892_S166.mus-7-0-1	exact_library_id_plus_documented_alignment_suffix	F22_B002892_S166.mus-7-0-1-1	one_assay_suffix	24m	1	nan	CD4-positive, alpha-beta T cell	nan	BM CD4 T cell	facs	24_58_M	315788.0	739.0	male	T-cells	Marrow	nan	4	21
F22_B002982_S154_L004			24	F22_B002982_S154_L004	24_60_M	Lung	False	1	False	F22_B002982_S154_L004.mus-0-0-1	exact_library_id_plus_documented_alignment_suffix	F22_B002982_S154_L004.mus-0-0-1-1	one_assay_suffix	24m	1	nan	CD8-positive, alpha-beta T cell	nan	CD8+ T	facs	24_60_M	614505.0	1444.0	male	Endomucin	Lung	nan	4	5
F22_B002989_S142_L004			24	F22_B002989_S142_L004	24_61_M	Marrow	False	1	False	F22_B002989_S142_L004.mus-8-0-1	exact_library_id_plus_documented_alignment_suffix	F22_B002989_S142_L004.mus-8-0-1-1	one_assay_suffix	24m	1	nan	megakaryocyte-erythroid progenitor cell	nan	megakaryocyte-erythroid progenitor cell	facs	24_61_M	94845.0	1192.0	male	KLS	Marrow	nan	4	9
F2_B000848_S98_L003			24	F2_B000848_S98_L003	24_60_M	Spleen	False	1	False	F2_B000848_S98_L003.mus-5-0-1	exact_library_id_plus_documented_alignment_suffix	F2_B000848_S98_L003.mus-5-0-1-1	one_assay_suffix	24m	1	nan	CD8-positive, alpha-beta T cell	nan	nan	facs	24_60_M	2977391.0	3789.0	male	nan	Spleen	nan	4	9
F2_B001263_S290			24	F2_B001263_S290	24_58_M	Spleen	False	1	False	F2_B001263_S290.mus-7-0-1	exact_library_id_plus_documented_alignment_suffix	F2_B001263_S290.mus-7-0-1-1	one_assay_suffix	24m	1	nan	CD8-positive, alpha-beta T cell	nan	Cd3e T cell	facs	24_58_M	705996.0	2209.0	male	nan	Spleen	nan	6	5
F2_B001265_S110_L002			24	F2_B001265_S110_L002	24_59_M	Spleen	False	1	False	F2_B001265_S110_L002.mus-2-0-1	exact_library_id_plus_documented_alignment_suffix	F2_B001265_S110_L002.mus-2-0-1-1	one_assay_suffix	24m	1	nan	CD4-positive, alpha-beta T cell	nan	Cd3e T cell	facs	24_59_M	994605.0	1665.0	male	nan	Spleen	nan	6	5
F2_B001385_S194_L003			24	F2_B001385_S194_L003	24_58_M	Thymus	False	1	False	F2_B001385_S194_L003.mus-4-0-1	exact_library_id_plus_documented_alignment_suffix	F2_B001385_S194_L003.mus-4-0-1-1	one_assay_suffix	24m	1	nan	thymocyte	nan	proliferating thymocyte; DN to DP transition, dividing (some are Cd8+/ Cd4+, some undergoing VDJ recombination)	facs	24_58_M	1286033.0	3696.0	male	Flowthrough	Thymus	nan	6	5
F2_B003031_S218_L004	48.0	3.0	24	F2_B003031_S218_L004	24_60_M	Marrow	True	3	True	F2_B003031_S218_L004.mus-5-0-1	exact_library_id_plus_documented_alignment_suffix	F2_B003031_S218_L004.mus-5-0-1-1	one_assay_suffix	24m	1	nan	naive B cell	nan	naïve B cell	facs	24_60_M	1860718.0	1424.0	male	T-cells	Marrow	nan	4	48
F3_B001385_S195_L003			24	F3_B001385_S195_L003	24_58_M	Thymus	False	1	False	F3_B001385_S195_L003.mus-4-0-1	exact_library_id_plus_documented_alignment_suffix	F3_B001385_S195_L003.mus-4-0-1-1	one_assay_suffix	24m	1	nan	DN4 thymocyte	nan	DN4 thymocyte	facs	24_58_M	1115394.0	2058.0	male	Flowthrough	Thymus	nan	4	21
F4_B001277_S124_L002			24	F4_B001277_S124_L002	24_61_M	Thymus	False	1	False	F4_B001277_S124_L002.mus-6-0-1	exact_library_id_plus_documented_alignment_suffix	F4_B001277_S124_L002.mus-6-0-1-1	one_assay_suffix	24m	1	nan	DN4 thymocyte	nan	DN4 thymocyte	facs	24_61_M	738719.0	2226.0	male	Flowthrough	Thymus	nan	6	5
F4_B001397_S292_L001			24	F4_B001397_S292_L001	24_59_M	Thymus	False	1	False	F4_B001397_S292_L001.mus-5-0-1	exact_library_id_plus_documented_alignment_suffix	F4_B001397_S292_L001.mus-5-0-1-1	one_assay_suffix	24m	1	nan	thymocyte	nan	proliferating thymocyte; DN to DP transition, dividing (some are Cd8+/ Cd4+, some undergoing VDJ recombination)	facs	24_59_M	2915604.0	3882.0	male	Flowthrough	Thymus	nan	6	5
F4_B002881_S208_L001			24	F4_B002881_S208_L001	24_59_M	Trachea	False	1	False	F4_B002881_S208_L001.mus-2-0-1	exact_library_id_plus_documented_alignment_suffix	F4_B002881_S208_L001.mus-2-0-1-1	one_assay_suffix	24m	1	nan	T cell	nan	nan	facs	24_59_M	934748.0	1089.0	male	nan	Trachea	nan	4	21
F4_B002949_S196_L002	60.0	2.0	24	F4_B002949_S196_L002	24_59_M	Marrow	True	2	True	F4_B002949_S196_L002.mus-5-0-1	exact_library_id_plus_documented_alignment_suffix	F4_B002949_S196_L002.mus-5-0-1-1	one_assay_suffix	24m	1	nan	mature alpha-beta T cell	nan	BM CD8 + CD4 T cell	facs	24_59_M	3293884.0	3112.0	male	T-cells	Marrow	nan	4	9
F5_B000830_S125_L004			24	F5_B000830_S125_L004	24_60_M	Thymus	False	1	False	F5_B000830_S125_L004.mus-8-0-1	exact_library_id_plus_documented_alignment_suffix	F5_B000830_S125_L004.mus-8-0-1-1	one_assay_suffix	24m	1	nan	DN4 thymocyte	nan	DN4 thymocyte	facs	24_60_M	56836.0	1293.0	male	Flowthrough	Thymus	nan	4	9
F5_B000846_S125_L003	78.0	4.0	24	F5_B000846_S125_L003	24_61_M	Kidney	True	4	True	F5_B000846_S125_L003.mus-6-0-1	exact_library_id_plus_documented_alignment_suffix	F5_B000846_S125_L003.mus-6-0-1-1	one_assay_suffix	24m	1	nan	T cell	nan	T cell	facs	24_61_M	2829481.0	2528.0	male	nan	Kidney	nan	4	9
F5_B001243_S29_L002	24.0	34.0	24	F5_B001243_S29_L002	24_59_M	Liver	True	34	True	F5_B001243_S29_L002.mus-2-0-1	exact_library_id_plus_documented_alignment_suffix	F5_B001243_S29_L002.mus-2-0-1-1	one_assay_suffix	24m	1	nan	CD8-positive, alpha-beta T cell	nan	nan	facs	24_59_M	14511.0	746.0	male	Non-hepatocytes	Liver	nan	4	9
F5_B001261_S101_L003	2.0	2.0	24	F5_B001261_S101_L003	24_59_M	Kidney	True	2	True	F5_B001261_S101_L003.mus-2-0-1	exact_library_id_plus_documented_alignment_suffix	F5_B001261_S101_L003.mus-2-0-1-1	one_assay_suffix	24m	1	nan	T cell	nan	T cell	facs	24_59_M	3704377.0	2295.0	male	nan	Kidney	nan	4	21
F5_B001277_S125_L002			24	F5_B001277_S125_L002	24_61_M	Thymus	False	1	False	F5_B001277_S125_L002.mus-6-0-1	exact_library_id_plus_documented_alignment_suffix	F5_B001277_S125_L002.mus-6-0-1-1	one_assay_suffix	24m	1	nan	DN4 thymocyte	nan	DN4 thymocyte	facs	24_61_M	1117474.0	2318.0	male	Flowthrough	Thymus	nan	6	5
F5_B001385_S197_L003			24	F5_B001385_S197_L003	24_58_M	Thymus	False	1	False	F5_B001385_S197_L003.mus-4-0-1	exact_library_id_plus_documented_alignment_suffix	F5_B001385_S197_L003.mus-4-0-1-1	one_assay_suffix	24m	1	nan	DN4 thymocyte	nan	DN4 thymocyte	facs	24_58_M	754674.0	1632.0	male	Flowthrough	Thymus	nan	6	5
F5_B001397_S293_L001			24	F5_B001397_S293_L001	24_59_M	Thymus	False	1	False	F5_B001397_S293_L001.mus-5-0-1	exact_library_id_plus_documented_alignment_suffix	F5_B001397_S293_L001.mus-5-0-1-1	one_assay_suffix	24m	1	nan	DN4 thymocyte	nan	DN4 thymocyte	facs	24_59_M	2521514.0	2865.0	male	Flowthrough	Thymus	nan	6	5
F6_B000830_S126_L004			24	F6_B000830_S126_L004	24_60_M	Thymus	False	1	False	F6_B000830_S126_L004.mus-8-0-1	exact_library_id_plus_documented_alignment_suffix	F6_B000830_S126_L004.mus-8-0-1-1	one_assay_suffix	24m	1	nan	DN4 thymocyte	nan	DN4 thymocyte	facs	24_60_M	230984.0	1211.0	male	Flowthrough	Thymus	nan	6	5
F6_B001277_S126_L002			24	F6_B001277_S126_L002	24_61_M	Thymus	False	1	False	F6_B001277_S126_L002.mus-6-0-1	exact_library_id_plus_documented_alignment_suffix	F6_B001277_S126_L002.mus-6-0-1-1	one_assay_suffix	24m	1	nan	DN4 thymocyte	nan	DN4 thymocyte	facs	24_61_M	657351.0	1577.0	male	Flowthrough	Thymus	nan	6	5
F6_B002875_S294_L001	25.0	6.0	24	F6_B002875_S294_L001	24_59_M	Lung	True	6	True	F6_B002875_S294_L001.mus-2-0-1	exact_library_id_plus_documented_alignment_suffix	F6_B002875_S294_L001.mus-2-0-1-1	one_assay_suffix	24m	1	nan	CD8-positive, alpha-beta T cell	nan	CD8+ T	facs	24_59_M	714646.0	1277.0	male	EPCAM	Lung	nan	4	9
F6_B003031_S222_L004			24	F6_B003031_S222_L004	24_60_M	Marrow	False	1	False	F6_B003031_S222_L004.mus-5-0-1	exact_library_id_plus_documented_alignment_suffix	F6_B003031_S222_L004.mus-5-0-1-1	one_assay_suffix	24m	1	nan	mature alpha-beta T cell	nan	BM CD8 + CD4 T cell	facs	24_60_M	1775623.0	1574.0	male	T-cells	Marrow	nan	4	9
F7_B000830_S127_L004			24	F7_B000830_S127_L004	24_60_M	Thymus	False	1	False	F7_B000830_S127_L004.mus-8-0-1	exact_library_id_plus_documented_alignment_suffix	F7_B000830_S127_L004.mus-8-0-1-1	one_assay_suffix	24m	1	nan	DN4 thymocyte	nan	DN4 thymocyte	facs	24_60_M	3772317.0	2434.0	male	Flowthrough	Thymus	nan	4	9
F7_B001263_S295			24	F7_B001263_S295	24_58_M	Spleen	False	1	False	F7_B001263_S295.mus-7-0-1	exact_library_id_plus_documented_alignment_suffix	F7_B001263_S295.mus-7-0-1-1	one_assay_suffix	24m	1	nan	CD4-positive, alpha-beta T cell	nan	Cd3e T cell	facs	24_58_M	612268.0	1928.0	male	nan	Spleen	nan	4	21
F7_B001265_S115_L002			24	F7_B001265_S115_L002	24_59_M	Spleen	False	1	False	F7_B001265_S115_L002.mus-2-0-1	exact_library_id_plus_documented_alignment_suffix	F7_B001265_S115_L002.mus-2-0-1-1	one_assay_suffix	24m	1	nan	CD4-positive, alpha-beta T cell	nan	Cd3e T cell	facs	24_59_M	1252363.0	2103.0	male	nan	Spleen	nan	4	21
F7_B001277_S127_L002			24	F7_B001277_S127_L002	24_61_M	Thymus	False	1	False	F7_B001277_S127_L002.mus-6-0-1	exact_library_id_plus_documented_alignment_suffix	F7_B001277_S127_L002.mus-6-0-1-1	one_assay_suffix	24m	1	nan	DN4 thymocyte	nan	DN4 thymocyte	facs	24_61_M	634021.0	2026.0	male	Flowthrough	Thymus	nan	4	9
F7_B001397_S295_L001			24	F7_B001397_S295_L001	24_59_M	Thymus	False	1	False	F7_B001397_S295_L001.mus-5-0-1	exact_library_id_plus_documented_alignment_suffix	F7_B001397_S295_L001.mus-5-0-1-1	one_assay_suffix	24m	1	nan	DN4 thymocyte	nan	DN4 thymocyte	facs	24_59_M	1359344.0	2282.0	male	Flowthrough	Thymus	nan	6	5
F7_B002949_S199_L002	88.0	2.0	24	F7_B002949_S199_L002	24_59_M	Marrow	True	2	True	F7_B002949_S199_L002.mus-5-0-1	exact_library_id_plus_documented_alignment_suffix	F7_B002949_S199_L002.mus-5-0-1-1	one_assay_suffix	24m	1	nan	CD4-positive, alpha-beta T cell	nan	BM CD4 T cell	facs	24_59_M	1673045.0	1985.0	male	T-cells	Marrow	nan	4	21
F7_B003842_S199	100.0	2.0	24	F7_B003842_S199	24_58_M	Heart	True	2	True	F7_B003842_S199.mus-7-0-1	exact_library_id_plus_documented_alignment_suffix	F7_B003842_S199.mus-7-0-1-1	one_assay_suffix	24m	1	nan	T cell	nan	T cell	facs	24_58_M	390853.0	1352.0	male	LA	Heart	nan	40	47
F7_B003902_S247_L002	24.0	34.0	24	F7_B003902_S247_L002	24_59_M	Liver	True	34	True	F7_B003902_S247_L002.mus-2-0-1	exact_library_id_plus_documented_alignment_suffix	F7_B003902_S247_L002.mus-2-0-1-1	one_assay_suffix	24m	1	nan	CD8-positive, alpha-beta T cell	nan	nan	facs	24_59_M	2941123.0	1167.0	male	Non-hepatocytes	Liver	nan	4	9
F8_B000342_S128_L004	76.0	2.0	24	F8_B000342_S128_L004	24_61_M	Lung	True	2	True	F8_B000342_S128_L004.mus-6-0-1	exact_library_id_plus_documented_alignment_suffix	F8_B000342_S128_L004.mus-6-0-1-1	one_assay_suffix	24m	1	nan	CD8-positive, alpha-beta T cell	nan	CD8+ T	facs	24_61_M	705033.0	2677.0	male	EPCAM	Lung	nan	4	9
F8_B000844_S80_L001			24	F8_B000844_S80_L001	24_60_M	Kidney	False	1	False	F8_B000844_S80_L001.mus-5-0-1	exact_library_id_plus_documented_alignment_suffix	F8_B000844_S80_L001.mus-5-0-1-1	one_assay_suffix	24m	1	nan	T cell	nan	T cell	facs	24_60_M	406035.0	1461.0	male	nan	Kidney	nan	6	5
F8_B001263_S296			24	F8_B001263_S296	24_58_M	Spleen	False	1	False	F8_B001263_S296.mus-7-0-1	exact_library_id_plus_documented_alignment_suffix	F8_B001263_S296.mus-7-0-1-1	one_assay_suffix	24m	1	nan	CD8-positive, alpha-beta T cell	nan	nan	facs	24_58_M	225581.0	1182.0	male	nan	Spleen	nan	4	9
F8_B001385_S200_L003			24	F8_B001385_S200_L003	24_58_M	Thymus	False	1	False	F8_B001385_S200_L003.mus-4-0-1	exact_library_id_plus_documented_alignment_suffix	F8_B001385_S200_L003.mus-4-0-1-1	one_assay_suffix	24m	1	nan	DN4 thymocyte	nan	DN4 thymocyte	facs	24_58_M	64603.0	1279.0	male	Flowthrough	Thymus	nan	6	5
F8_B002881_S212_L001			24	F8_B002881_S212_L001	24_59_M	Trachea	False	1	False	F8_B002881_S212_L001.mus-2-0-1	exact_library_id_plus_documented_alignment_suffix	F8_B002881_S212_L001.mus-2-0-1-1	one_assay_suffix	24m	1	nan	T cell	nan	nan	facs	24_59_M	505461.0	1209.0	male	nan	Trachea	nan	4	21
F8_B002892_S152	36.0	2.0	24	F8_B002892_S152	24_58_M	Marrow	True	2	True	F8_B002892_S152.mus-7-0-1	exact_library_id_plus_documented_alignment_suffix	F8_B002892_S152.mus-7-0-1-1	one_assay_suffix	24m	1	nan	mature alpha-beta T cell	nan	BM CD8 + CD4 T cell	facs	24_58_M	1411208.0	1663.0	male	T-cells	Marrow	nan	4	48
F9_B000331_S129_L004	15.0	15.0	24	F9_B000331_S129_L004	24_61_M	GAT	True	15	True	F9_B000331_S129_L004.mus-6-0-1	exact_library_id_plus_documented_alignment_suffix	F9_B000331_S129_L004.mus-6-0-1-1	one_assay_suffix	24m	1	nan	CD8-positive, alpha-beta T cell	nan	nan	facs	24_61_M	359759.0	1781.0	male	Fat	GAT	nan	6	9
F9_B000834_S57_L004			24	F9_B000834_S57_L004	24_60_M	BAT	False	1	False	F9_B000834_S57_L004.mus-0-0-1	exact_library_id_plus_documented_alignment_suffix	F9_B000834_S57_L004.mus-0-0-1-1	one_assay_suffix	24m	1	nan	T cell	nan	nan	facs	24_60_M	160912.0	1483.0	male	Fat	BAT	nan	4	9
F9_B001385_S201_L003			24	F9_B001385_S201_L003	24_58_M	Thymus	False	1	False	F9_B001385_S201_L003.mus-4-0-1	exact_library_id_plus_documented_alignment_suffix	F9_B001385_S201_L003.mus-4-0-1-1	one_assay_suffix	24m	1	nan	DN4 thymocyte	nan	DN4 thymocyte	facs	24_58_M	584120.0	1514.0	male	Flowthrough	Thymus	nan	6	5
F9_B002875_S297_L001			24	F9_B002875_S297_L001	24_59_M	Lung	False	1	False	F9_B002875_S297_L001.mus-2-0-1	exact_library_id_plus_documented_alignment_suffix	F9_B002875_S297_L001.mus-2-0-1-1	one_assay_suffix	24m	1	nan	regulatory T cell	nan	Regulatory T	facs	24_59_M	1295481.0	1203.0	male	EPCAM	Lung	nan	4	21
G10_B000830_S154_L004			24	G10_B000830_S154_L004	24_60_M	Thymus	False	1	False	G10_B000830_S154_L004.mus-8-0-1	exact_library_id_plus_documented_alignment_suffix	G10_B000830_S154_L004.mus-8-0-1-1	one_assay_suffix	24m	1	nan	DN4 thymocyte	nan	DN4 thymocyte	facs	24_60_M	1112395.0	2445.0	male	Flowthrough	Thymus	nan	6	5
G10_B000851_S154_L004	62.0	3.0	24	G10_B000851_S154_L004	24_61_M	Spleen	True	3	True	G10_B000851_S154_L004.mus-6-0-1	exact_library_id_plus_documented_alignment_suffix	G10_B000851_S154_L004.mus-6-0-1-1	one_assay_suffix	24m	1	nan	CD8-positive, alpha-beta T cell	nan	nan	facs	24_61_M	611469.0	1551.0	male	nan	Spleen	nan	4	9
G10_B001277_S154_L002			24	G10_B001277_S154_L002	24_61_M	Thymus	False	1	False	G10_B001277_S154_L002.mus-6-0-1	exact_library_id_plus_documented_alignment_suffix	G10_B001277_S154_L002.mus-6-0-1-1	one_assay_suffix	24m	1	nan	DN4 thymocyte	nan	DN4 thymocyte	facs	24_61_M	586635.0	2204.0	male	Flowthrough	Thymus	nan	6	5
G10_B001385_S226_L003			24	G10_B001385_S226_L003	24_58_M	Thymus	False	1	False	G10_B001385_S226_L003.mus-4-0-1	exact_library_id_plus_documented_alignment_suffix	G10_B001385_S226_L003.mus-4-0-1-1	one_assay_suffix	24m	1	nan	DN4 thymocyte	nan	DN4 thymocyte	facs	24_58_M	290537.0	1764.0	male	Flowthrough	Thymus	nan	4	5
G10_B001397_S22_L001			24	G10_B001397_S22_L001	24_59_M	Thymus	False	1	False	G10_B001397_S22_L001.mus-5-0-1	exact_library_id_plus_documented_alignment_suffix	G10_B001397_S22_L001.mus-5-0-1-1	one_assay_suffix	24m	1	nan	DN4 thymocyte	nan	DN4 thymocyte	facs	24_59_M	1466052.0	2464.0	male	Flowthrough	Thymus	nan	6	5
G10_B002892_S178			24	G10_B002892_S178	24_58_M	Marrow	False	1	False	G10_B002892_S178.mus-7-0-1	exact_library_id_plus_documented_alignment_suffix	G10_B002892_S178.mus-7-0-1-1	one_assay_suffix	24m	1	nan	NK cell	nan	NK cell	facs	24_58_M	749755.0	1207.0	male	T-cells	Marrow	nan	4	9
G10_B002907_S178_L003	12.0	9.0	24	G10_B002907_S178_L003	24_59_M	SCAT	True	9	True	G10_B002907_S178_L003.mus-1-0-1	exact_library_id_plus_documented_alignment_suffix	G10_B002907_S178_L003.mus-1-0-1-1	one_assay_suffix	24m	1	nan	NK cell	nan	nan	facs	24_59_M	889579.0	2210.0	male	Fat	SCAT	nan	4	21
G10_B003231_S154_L004			24	G10_B003231_S154_L004	24_61_M	Heart	False	1	False	G10_B003231_S154_L004.mus-8-0-1	exact_library_id_plus_documented_alignment_suffix	G10_B003231_S154_L004.mus-8-0-1-1	one_assay_suffix	24m	1	nan	T cell	nan	T cell	facs	24_61_M	705969.0	1073.0	male	LA	Heart	nan	40	47
G10_B003902_S274_L002	25.0	6.0	24	G10_B003902_S274_L002	24_59_M	Liver	True	6	True	G10_B003902_S274_L002.mus-2-0-1	exact_library_id_plus_documented_alignment_suffix	G10_B003902_S274_L002.mus-2-0-1-1	one_assay_suffix	24m	1	nan	T cell	nan	nan	facs	24_59_M	465516.0	1687.0	male	Non-hepatocytes	Liver	nan	4	9
G11_B000333_S299_L004			24	G11_B000333_S299_L004	24_60_M	MAT	False	1	False	G11_B000333_S299_L004.mus-0-0-1	exact_library_id_plus_documented_alignment_suffix	G11_B000333_S299_L004.mus-0-0-1-1	one_assay_suffix	24m	1	nan	CD8-positive, alpha-beta T cell	nan	nan	facs	24_60_M	260296.0	1360.0	male	Fat	MAT	nan	4	9
G11_B000830_S155_L004			24	G11_B000830_S155_L004	24_60_M	Thymus	False	1	False	G11_B000830_S155_L004.mus-8-0-1	exact_library_id_plus_documented_alignment_suffix	G11_B000830_S155_L004.mus-8-0-1-1	one_assay_suffix	24m	1	nan	DN4 thymocyte	nan	DN4 thymocyte	facs	24_60_M	144970.0	2020.0	male	Flowthrough	Thymus	nan	6	5
G11_B001190_S191			24	G11_B001190_S191	24_58_M	MAT	False	1	False	G11_B001190_S191.mus-7-0-1	exact_library_id_plus_documented_alignment_suffix	G11_B001190_S191.mus-7-0-1-1	one_assay_suffix	24m	1	nan	CD8-positive, alpha-beta T cell	nan	nan	facs	24_58_M	429579.0	1331.0	male	Fat	MAT	nan	4	9
G11_B001277_S155_L002	15.0	15.0	24	G11_B001277_S155_L002	24_61_M	Thymus	True	15	True	G11_B001277_S155_L002.mus-6-0-1	exact_library_id_plus_documented_alignment_suffix	G11_B001277_S155_L002.mus-6-0-1-1	one_assay_suffix	24m	1	nan	DN4 thymocyte	nan	DN4 thymocyte	facs	24_61_M	876365.0	2691.0	male	Flowthrough	Thymus	nan	4	9
G11_B001397_S23_L001			24	G11_B001397_S23_L001	24_59_M	Thymus	False	1	False	G11_B001397_S23_L001.mus-5-0-1	exact_library_id_plus_documented_alignment_suffix	G11_B001397_S23_L001.mus-5-0-1-1	one_assay_suffix	24m	1	nan	DN4 thymocyte	nan	DN4 thymocyte	facs	24_59_M	125802.0	2131.0	male	Flowthrough	Thymus	nan	6	5
G11_B003902_S275_L002			24	G11_B003902_S275_L002	24_59_M	Liver	False	1	False	G11_B003902_S275_L002.mus-2-0-1	exact_library_id_plus_documented_alignment_suffix	G11_B003902_S275_L002.mus-2-0-1-1	one_assay_suffix	24m	1	nan	mature NK T cell	nan	nan	facs	24_59_M	153234.0	1600.0	male	Non-hepatocytes	Liver	nan	4	9
G12_B001190_S192			24	G12_B001190_S192	24_58_M	MAT	False	1	False	G12_B001190_S192.mus-7-0-1	exact_library_id_plus_documented_alignment_suffix	G12_B001190_S192.mus-7-0-1-1	one_assay_suffix	24m	1	nan	CD8-positive, alpha-beta T cell	nan	nan	facs	24_58_M	556637.0	1507.0	male	Fat	MAT	nan	4	5
G12_B001385_S228_L003			24	G12_B001385_S228_L003	24_58_M	Thymus	False	1	False	G12_B001385_S228_L003.mus-4-0-1	exact_library_id_plus_documented_alignment_suffix	G12_B001385_S228_L003.mus-4-0-1-1	one_assay_suffix	24m	1	nan	thymocyte	nan	proliferating thymocyte; DN to DP transition, dividing (some are Cd8+/ Cd4+, some undergoing VDJ recombination)	facs	24_58_M	233185.0	2176.0	male	Flowthrough	Thymus	nan	21	23
G12_B001397_S24_L001			24	G12_B001397_S24_L001	24_59_M	Thymus	False	1	False	G12_B001397_S24_L001.mus-5-0-1	exact_library_id_plus_documented_alignment_suffix	G12_B001397_S24_L001.mus-5-0-1-1	one_assay_suffix	24m	1	nan	thymocyte	nan	proliferating thymocyte; DN to DP transition, dividing (some are Cd8+/ Cd4+, some undergoing VDJ recombination)	facs	24_59_M	2289023.0	3317.0	male	Flowthrough	Thymus	nan	21	23
G13_B000331_S157_L004	45.0	2.0	24	G13_B000331_S157_L004	24_61_M	GAT	True	2	True	G13_B000331_S157_L004.mus-6-0-1	exact_library_id_plus_documented_alignment_suffix	G13_B000331_S157_L004.mus-6-0-1-1	one_assay_suffix	24m	1	nan	CD8-positive, alpha-beta T cell	nan	nan	facs	24_61_M	169398.0	2016.0	male	Fat	GAT	nan	4	9
G13_B001277_S157_L002			24	G13_B001277_S157_L002	24_61_M	Thymus	False	1	False	G13_B001277_S157_L002.mus-6-0-1	exact_library_id_plus_documented_alignment_suffix	G13_B001277_S157_L002.mus-6-0-1-1	one_assay_suffix	24m	1	nan	DN4 thymocyte	nan	DN4 thymocyte	facs	24_61_M	719719.0	2792.0	male	Flowthrough	Thymus	nan	21	23
G13_B001385_S229_L003			24	G13_B001385_S229_L003	24_58_M	Thymus	False	1	False	G13_B001385_S229_L003.mus-4-0-1	exact_library_id_plus_documented_alignment_suffix	G13_B001385_S229_L003.mus-4-0-1-1	one_assay_suffix	24m	1	nan	thymocyte	nan	proliferating thymocyte; DN to DP transition, dividing (some are Cd8+/ Cd4+, some undergoing VDJ recombination)	facs	24_58_M	228502.0	2185.0	male	Flowthrough	Thymus	nan	21	23
G13_B002898_S241			24	G13_B002898_S241	24_58_M	GAT	False	1	False	G13_B002898_S241.mus-7-0-1	exact_library_id_plus_documented_alignment_suffix	G13_B002898_S241.mus-7-0-1-1	one_assay_suffix	24m	1	nan	CD4-positive, alpha-beta T cell	nan	nan	facs	24_58_M	269279.0	857.0	male	Fat	GAT	nan	4	21
G13_B002949_S229_L002			24	G13_B002949_S229_L002	24_59_M	Marrow	False	1	False	G13_B002949_S229_L002.mus-5-0-1	exact_library_id_plus_documented_alignment_suffix	G13_B002949_S229_L002.mus-5-0-1-1	one_assay_suffix	24m	1	nan	mature alpha-beta T cell	nan	BM CD8 + CD4 T cell	facs	24_59_M	300316.0	1091.0	male	T-cells	Marrow	nan	4	9
G13_B003800_S157_L002	66.0	3.0	24	G13_B003800_S157_L002	24_61_M	Heart	True	3	True	G13_B003800_S157_L002.mus-6-0-1	exact_library_id_plus_documented_alignment_suffix	G13_B003800_S157_L002.mus-6-0-1-1	one_assay_suffix	24m	1	nan	T cell	nan	T cell	facs	24_61_M	5956462.0	2211.0	male	RA	Heart	nan	4	9
G14_B001183_S98_L003			24	G14_B001183_S98_L003	24_59_M	MAT	False	1	False	G14_B001183_S98_L003.mus-1-0-1	exact_library_id_plus_documented_alignment_suffix	G14_B001183_S98_L003.mus-1-0-1-1	one_assay_suffix	24m	1	nan	CD4-positive, alpha-beta T cell	nan	nan	facs	24_59_M	861124.0	2075.0	male	Fat	MAT	nan	6	5
G14_B001188_S110			24	G14_B001188_S110	24_58_M	SCAT	False	1	False	G14_B001188_S110.mus-7-0-1	exact_library_id_plus_documented_alignment_suffix	G14_B001188_S110.mus-7-0-1-1	one_assay_suffix	24m	1	nan	T cell	nan	nan	facs	24_58_M	275058.0	952.0	male	Fat	SCAT	nan	4	9
G14_B001389_S182_L003	93.0	3.0	24	G14_B001389_S182_L003	24_59_M	BAT	True	3	True	G14_B001389_S182_L003.mus-4-0-1	exact_library_id_plus_documented_alignment_suffix	G14_B001389_S182_L003.mus-4-0-1-1	one_assay_suffix	24m	1	nan	T cell	nan	nan	facs	24_59_M	119208.0	1245.0	male	Fat	BAT	nan	4	5
G14_B001397_S26_L001			24	G14_B001397_S26_L001	24_59_M	Thymus	False	1	False	G14_B001397_S26_L001.mus-5-0-1	exact_library_id_plus_documented_alignment_suffix	G14_B001397_S26_L001.mus-5-0-1-1	one_assay_suffix	24m	1	nan	thymocyte	nan	proliferating thymocyte; DN to DP transition, dividing (some are Cd8+/ Cd4+, some undergoing VDJ recombination)	facs	24_59_M	2191944.0	3718.0	male	Flowthrough	Thymus	nan	21	23
G14_B002907_S182_L003			24	G14_B002907_S182_L003	24_59_M	SCAT	False	1	False	G14_B002907_S182_L003.mus-1-0-1	exact_library_id_plus_documented_alignment_suffix	G14_B002907_S182_L003.mus-1-0-1-1	one_assay_suffix	24m	1	nan	B cell	nan	nan	facs	24_59_M	609675.0	2638.0	male	Fat	SCAT	nan	4	9
G15_B000331_S159_L004			24	G15_B000331_S159_L004	24_61_M	GAT	False	1	False	G15_B000331_S159_L004.mus-6-0-1	exact_library_id_plus_documented_alignment_suffix	G15_B000331_S159_L004.mus-6-0-1-1	one_assay_suffix	24m	1	nan	CD8-positive, alpha-beta T cell	nan	nan	facs	24_61_M	263411.0	2318.0	male	Fat	GAT	nan	4	9
G15_B001263_S27			24	G15_B001263_S27	24_58_M	Spleen	False	1	False	G15_B001263_S27.mus-7-0-1	exact_library_id_plus_documented_alignment_suffix	G15_B001263_S27.mus-7-0-1-1	one_assay_suffix	24m	1	nan	CD8-positive, alpha-beta T cell	nan	nan	facs	24_58_M	1549110.0	2324.0	male	nan	Spleen	nan	4	9
G15_B001385_S231_L003			24	G15_B001385_S231_L003	24_58_M	Thymus	False	1	False	G15_B001385_S231_L003.mus-4-0-1	exact_library_id_plus_documented_alignment_suffix	G15_B001385_S231_L003.mus-4-0-1-1	one_assay_suffix	24m	1	nan	epithelial cell of thymus	nan	TECs	facs	24_58_M	125283.0	1151.0	male	Flowthrough	Thymus	nan	21	23
G15_B001397_S27_L001			24	G15_B001397_S27_L001	24_59_M	Thymus	False	1	False	G15_B001397_S27_L001.mus-5-0-1	exact_library_id_plus_documented_alignment_suffix	G15_B001397_S27_L001.mus-5-0-1-1	one_assay_suffix	24m	1	nan	thymocyte	nan	proliferating thymocyte; DN to DP transition, dividing (some are Cd8+/ Cd4+, some undergoing VDJ recombination)	facs	24_59_M	3474243.0	4184.0	male	Flowthrough	Thymus	nan	21	23
G15_B003841_S135			24	G15_B003841_S135	24_58_M	Heart	False	1	False	G15_B003841_S135.mus-7-0-1	exact_library_id_plus_documented_alignment_suffix	G15_B003841_S135.mus-7-0-1-1	one_assay_suffix	24m	1	nan	T cell	nan	T cell	facs	24_58_M	840652.0	1669.0	male	RA	Heart	nan	4	9
G16_B000331_S160_L004			24	G16_B000331_S160_L004	24_61_M	GAT	False	1	False	G16_B000331_S160_L004.mus-6-0-1	exact_library_id_plus_documented_alignment_suffix	G16_B000331_S160_L004.mus-6-0-1-1	one_assay_suffix	24m	1	nan	CD4-positive, alpha-beta T cell	nan	nan	facs	24_61_M	149648.0	1611.0	male	Fat	GAT	nan	4	21
G16_B001385_S232_L003			24	G16_B001385_S232_L003	24_58_M	Thymus	False	1	False	G16_B001385_S232_L003.mus-4-0-1	exact_library_id_plus_documented_alignment_suffix	G16_B001385_S232_L003.mus-4-0-1-1	one_assay_suffix	24m	1	nan	thymocyte	nan	proliferating thymocyte; DN to DP transition, dividing (some are Cd8+/ Cd4+, some undergoing VDJ recombination)	facs	24_58_M	1000119.0	3073.0	male	Flowthrough	Thymus	nan	21	23
G16_B001397_S28_L001			24	G16_B001397_S28_L001	24_59_M	Thymus	False	1	False	G16_B001397_S28_L001.mus-5-0-1	exact_library_id_plus_documented_alignment_suffix	G16_B001397_S28_L001.mus-5-0-1-1	one_assay_suffix	24m	1	nan	thymocyte	nan	proliferating thymocyte; DN to DP transition, dividing (some are Cd8+/ Cd4+, some undergoing VDJ recombination)	facs	24_59_M	2063288.0	3149.0	male	Flowthrough	Thymus	nan	21	23
G16_B002900_S268_L003			24	G16_B002900_S268_L003	24_59_M	GAT	False	1	False	G16_B002900_S268_L003.mus-4-0-1	exact_library_id_plus_documented_alignment_suffix	G16_B002900_S268_L003.mus-4-0-1-1	one_assay_suffix	24m	1	nan	CD8-positive, alpha-beta T cell	nan	nan	facs	24_59_M	1298819.0	1624.0	male	Fat	GAT	nan	4	9
G16_B003846_S100			24	G16_B003846_S100	24_58_M	Heart	False	1	False	G16_B003846_S100.mus-7-0-1	exact_library_id_plus_documented_alignment_suffix	G16_B003846_S100.mus-7-0-1-1	one_assay_suffix	24m	1	nan	T cell	nan	T cell	facs	24_58_M	214798.0	1435.0	male	RV	Heart	nan	4	21
G16_B003902_S280_L002			24	G16_B003902_S280_L002	24_59_M	Liver	False	1	False	G16_B003902_S280_L002.mus-2-0-1	exact_library_id_plus_documented_alignment_suffix	G16_B003902_S280_L002.mus-2-0-1-1	one_assay_suffix	24m	1	nan	CD4-positive, alpha-beta T cell	nan	nan	facs	24_59_M	154001.0	1683.0	male	Non-hepatocytes	Liver	nan	4	9
G17_B000848_S137_L003			24	G17_B000848_S137_L003	24_60_M	Spleen	False	1	False	G17_B000848_S137_L003.mus-5-0-1	exact_library_id_plus_documented_alignment_suffix	G17_B000848_S137_L003.mus-5-0-1-1	one_assay_suffix	24m	1	nan	CD8-positive, alpha-beta T cell	nan	nan	facs	24_60_M	701928.0	2801.0	male	nan	Spleen	nan	4	9
G17_B001385_S233_L003			24	G17_B001385_S233_L003	24_58_M	Thymus	False	1	False	G17_B001385_S233_L003.mus-4-0-1	exact_library_id_plus_documented_alignment_suffix	G17_B001385_S233_L003.mus-4-0-1-1	one_assay_suffix	24m	1	nan	thymocyte	nan	proliferating thymocyte; DN to DP transition, dividing (some are Cd8+/ Cd4+, some undergoing VDJ recombination)	facs	24_58_M	1086879.0	3406.0	male	Flowthrough	Thymus	nan	21	23
G17_B001616_S161_L001			24	G17_B001616_S161_L001	24_60_M	Brain_Non-Myeloid	False	1	False	G17_B001616_S161_L001.mus-6-0-1	exact_library_id_plus_documented_alignment_suffix	G17_B001616_S161_L001.mus-6-0-1-1	one_assay_suffix	24m	1	nan	CD8-positive, alpha-beta T cell	nan	nan	facs	24_60_M	1824437.0	1409.0	male	Striatum	Brain_Non-Myeloid	nan	4	9
G17_B001619_S161_L004			24	G17_B001619_S161_L004	24_60_M	Brain_Non-Myeloid	False	1	False	G17_B001619_S161_L004.mus-6-0-1	exact_library_id_plus_documented_alignment_suffix	G17_B001619_S161_L004.mus-6-0-1-1	one_assay_suffix	24m	1	nan	CD8-positive, alpha-beta T cell	nan	nan	facs	24_60_M	742200.0	1780.0	male	Cortex	Brain_Non-Myeloid	nan	30	32
G17_B002881_S245_L001			24	G17_B002881_S245_L001	24_59_M	Trachea	False	1	False	G17_B002881_S245_L001.mus-2-0-1	exact_library_id_plus_documented_alignment_suffix	G17_B002881_S245_L001.mus-2-0-1-1	one_assay_suffix	24m	1	nan	T cell	nan	nan	facs	24_59_M	669667.0	1440.0	male	nan	Trachea	nan	4	21
G18_B000848_S138_L003			24	G18_B000848_S138_L003	24_60_M	Spleen	False	1	False	G18_B000848_S138_L003.mus-5-0-1	exact_library_id_plus_documented_alignment_suffix	G18_B000848_S138_L003.mus-5-0-1-1	one_assay_suffix	24m	1	nan	CD4-positive, alpha-beta T cell	nan	Cd3e T cell	facs	24_60_M	424630.0	1903.0	male	nan	Spleen	nan	6	5
G18_B001277_S162_L002			24	G18_B001277_S162_L002	24_61_M	Thymus	False	1	False	G18_B001277_S162_L002.mus-6-0-1	exact_library_id_plus_documented_alignment_suffix	G18_B001277_S162_L002.mus-6-0-1-1	one_assay_suffix	24m	1	nan	thymocyte	nan	proliferating thymocyte; DN to DP transition, dividing (some are Cd8+/ Cd4+, some undergoing VDJ recombination)	facs	24_61_M	946238.0	5647.0	male	Flowthrough	Thymus	nan	21	23
G18_B001385_S234_L003			24	G18_B001385_S234_L003	24_58_M	Thymus	False	1	False	G18_B001385_S234_L003.mus-4-0-1	exact_library_id_plus_documented_alignment_suffix	G18_B001385_S234_L003.mus-4-0-1-1	one_assay_suffix	24m	1	nan	thymocyte	nan	proliferating thymocyte; DN to DP transition, dividing (some are Cd8+/ Cd4+, some undergoing VDJ recombination)	facs	24_58_M	1153967.0	2900.0	male	Flowthrough	Thymus	nan	21	23
G18_B001397_S30_L001			24	G18_B001397_S30_L001	24_59_M	Thymus	False	1	False	G18_B001397_S30_L001.mus-5-0-1	exact_library_id_plus_documented_alignment_suffix	G18_B001397_S30_L001.mus-5-0-1-1	one_assay_suffix	24m	1	nan	thymocyte	nan	proliferating thymocyte; DN to DP transition, dividing (some are Cd8+/ Cd4+, some undergoing VDJ recombination)	facs	24_59_M	2839474.0	3482.0	male	Flowthrough	Thymus	nan	21	23
G18_B002875_S30_L001			24	G18_B002875_S30_L001	24_59_M	Lung	False	1	False	G18_B002875_S30_L001.mus-2-0-1	exact_library_id_plus_documented_alignment_suffix	G18_B002875_S30_L001.mus-2-0-1-1	one_assay_suffix	24m	1	nan	regulatory T cell	nan	Regulatory T	facs	24_59_M	500418.0	1354.0	male	EPCAM	Lung	nan	4	9
G18_B002892_S186			24	G18_B002892_S186	24_58_M	Marrow	False	1	False	G18_B002892_S186.mus-7-0-1	exact_library_id_plus_documented_alignment_suffix	G18_B002892_S186.mus-7-0-1-1	one_assay_suffix	24m	1	nan	mature alpha-beta T cell	nan	BM CD8 + CD4 T cell	facs	24_58_M	3601165.0	1630.0	male	T-cells	Marrow	nan	4	9
G18_B002946_S198_L002			24	G18_B002946_S198_L002	24_58_M	Lung	False	1	False	G18_B002946_S198_L002.mus-4-0-1	exact_library_id_plus_documented_alignment_suffix	G18_B002946_S198_L002.mus-4-0-1-1	one_assay_suffix	24m	1	nan	leukocyte	nan	Proliferating Immune	facs	24_58_M	94346.0	2132.0	male	EPCAM	Lung	nan	4	9
G19_B001277_S163_L002			24	G19_B001277_S163_L002	24_61_M	Thymus	False	1	False	G19_B001277_S163_L002.mus-6-0-1	exact_library_id_plus_documented_alignment_suffix	G19_B001277_S163_L002.mus-6-0-1-1	one_assay_suffix	24m	1	nan	thymocyte	nan	proliferating thymocyte; DN to DP transition, dividing (some are Cd8+/ Cd4+, some undergoing VDJ recombination)	facs	24_61_M	2452147.0	5916.0	male	Flowthrough	Thymus	nan	21	23
G19_B001385_S235_L003			24	G19_B001385_S235_L003	24_58_M	Thymus	False	1	False	G19_B001385_S235_L003.mus-4-0-1	exact_library_id_plus_documented_alignment_suffix	G19_B001385_S235_L003.mus-4-0-1-1	one_assay_suffix	24m	1	nan	thymocyte	nan	proliferating thymocyte; DN to DP transition, dividing (some are Cd8+/ Cd4+, some undergoing VDJ recombination)	facs	24_58_M	2665246.0	4002.0	male	Flowthrough	Thymus	nan	21	23
G19_B001386_S103_L003	74.0	4.0	24	G19_B001386_S103_L003	24_58_M	Liver	True	4	True	G19_B001386_S103_L003.mus-2-0-1	exact_library_id_plus_documented_alignment_suffix	G19_B001386_S103_L003.mus-2-0-1-1	one_assay_suffix	24m	1	nan	mature NK T cell	nan	nan	facs	24_58_M	1262664.0	1481.0	male	Non-hepatocytes	Liver	nan	4	9
G19_B001397_S31_L001			24	G19_B001397_S31_L001	24_59_M	Thymus	False	1	False	G19_B001397_S31_L001.mus-5-0-1	exact_library_id_plus_documented_alignment_suffix	G19_B001397_S31_L001.mus-5-0-1-1	one_assay_suffix	24m	1	nan	thymocyte	nan	proliferating thymocyte; DN to DP transition, dividing (some are Cd8+/ Cd4+, some undergoing VDJ recombination)	facs	24_59_M	3825048.0	4923.0	male	Flowthrough	Thymus	nan	21	23
G19_B002892_S187	43.0	2.0	24	G19_B002892_S187	24_58_M	Marrow	True	2	True	G19_B002892_S187.mus-7-0-1	exact_library_id_plus_documented_alignment_suffix	G19_B002892_S187.mus-7-0-1-1	one_assay_suffix	24m	1	nan	NK cell	nan	NK cell	facs	24_58_M	2709482.0	1769.0	male	T-cells	Marrow	nan	4	9
G19_B003843_S139_L004			24	G19_B003843_S139_L004	24_58_M	Trachea	False	1	False	G19_B003843_S139_L004.mus-4-0-1	exact_library_id_plus_documented_alignment_suffix	G19_B003843_S139_L004.mus-4-0-1-1	one_assay_suffix	24m	1	nan	T cell	nan	nan	facs	24_58_M	1131275.0	1505.0	male	nan	Trachea	nan	4	21
G1_B000848_S121_L003			24	G1_B000848_S121_L003	24_60_M	Spleen	False	1	False	G1_B000848_S121_L003.mus-5-0-1	exact_library_id_plus_documented_alignment_suffix	G1_B000848_S121_L003.mus-5-0-1-1	one_assay_suffix	24m	1	nan	CD8-positive, alpha-beta T cell	nan	nan	facs	24_60_M	1256519.0	2408.0	male	nan	Spleen	nan	4	9
G1_B001261_S121_L003	35.0	5.0	24	G1_B001261_S121_L003	24_59_M	Kidney	True	5	True	G1_B001261_S121_L003.mus-2-0-1	exact_library_id_plus_documented_alignment_suffix	G1_B001261_S121_L003.mus-2-0-1-1	one_assay_suffix	24m	1	nan	T cell	nan	T cell	facs	24_59_M	1398278.0	2484.0	male	nan	Kidney	nan	4	9
G1_B001385_S217_L003			24	G1_B001385_S217_L003	24_58_M	Thymus	False	1	False	G1_B001385_S217_L003.mus-4-0-1	exact_library_id_plus_documented_alignment_suffix	G1_B001385_S217_L003.mus-4-0-1-1	one_assay_suffix	24m	1	nan	DN4 thymocyte	nan	DN4 thymocyte	facs	24_58_M	676652.0	2732.0	male	Flowthrough	Thymus	nan	6	5
G1_B001397_S13_L001			24	G1_B001397_S13_L001	24_59_M	Thymus	False	1	False	G1_B001397_S13_L001.mus-5-0-1	exact_library_id_plus_documented_alignment_suffix	G1_B001397_S13_L001.mus-5-0-1-1	one_assay_suffix	24m	1	nan	DN4 thymocyte	nan	DN4 thymocyte	facs	24_59_M	1742790.0	3058.0	male	Flowthrough	Thymus	nan	6	5
G1_B002949_S217_L002			24	G1_B002949_S217_L002	24_59_M	Marrow	False	1	False	G1_B002949_S217_L002.mus-5-0-1	exact_library_id_plus_documented_alignment_suffix	G1_B002949_S217_L002.mus-5-0-1-1	one_assay_suffix	24m	1	nan	CD4-positive, alpha-beta T cell	nan	BM CD4 T cell	facs	24_59_M	645319.0	1319.0	male	T-cells	Marrow	nan	4	21
G20_B001397_S32_L001			24	G20_B001397_S32_L001	24_59_M	Thymus	False	1	False	G20_B001397_S32_L001.mus-5-0-1	exact_library_id_plus_documented_alignment_suffix	G20_B001397_S32_L001.mus-5-0-1-1	one_assay_suffix	24m	1	nan	thymocyte	nan	proliferating thymocyte; DN to DP transition, dividing (some are Cd8+/ Cd4+, some undergoing VDJ recombination)	facs	24_59_M	2850754.0	3678.0	male	Flowthrough	Thymus	nan	21	23
G20_B002992_S164_L003			24	G20_B002992_S164_L003	24_61_M	Marrow	False	1	False	G20_B002992_S164_L003.mus-8-0-1	exact_library_id_plus_documented_alignment_suffix	G20_B002992_S164_L003.mus-8-0-1-1	one_assay_suffix	24m	1	nan	mature alpha-beta T cell	nan	BM CD8 + CD4 T cell	facs	24_61_M	179465.0	1738.0	male	T-cells	Marrow	nan	4	33
G21_B000342_S165_L004			24	G21_B000342_S165_L004	24_61_M	Lung	False	1	False	G21_B000342_S165_L004.mus-6-0-1	exact_library_id_plus_documented_alignment_suffix	G21_B000342_S165_L004.mus-6-0-1-1	one_assay_suffix	24m	1	nan	CD8-positive, alpha-beta T cell	nan	CD8+ T	facs	24_61_M	659574.0	2645.0	male	EPCAM	Lung	nan	4	9
G21_B000851_S165_L004			24	G21_B000851_S165_L004	24_61_M	Spleen	False	1	False	G21_B000851_S165_L004.mus-6-0-1	exact_library_id_plus_documented_alignment_suffix	G21_B000851_S165_L004.mus-6-0-1-1	one_assay_suffix	24m	1	nan	CD8-positive, alpha-beta T cell	nan	nan	facs	24_61_M	72770.0	1673.0	male	nan	Spleen	nan	4	9
G21_B001385_S237_L003			24	G21_B001385_S237_L003	24_58_M	Thymus	False	1	False	G21_B001385_S237_L003.mus-4-0-1	exact_library_id_plus_documented_alignment_suffix	G21_B001385_S237_L003.mus-4-0-1-1	one_assay_suffix	24m	1	nan	thymocyte	nan	proliferating thymocyte; DN to DP transition, dividing (some are Cd8+/ Cd4+, some undergoing VDJ recombination)	facs	24_58_M	1089269.0	2857.0	male	Flowthrough	Thymus	nan	21	23
G21_B001397_S33_L001			24	G21_B001397_S33_L001	24_59_M	Thymus	False	1	False	G21_B001397_S33_L001.mus-5-0-1	exact_library_id_plus_documented_alignment_suffix	G21_B001397_S33_L001.mus-5-0-1-1	one_assay_suffix	24m	1	nan	thymocyte	nan	proliferating thymocyte; DN to DP transition, dividing (some are Cd8+/ Cd4+, some undergoing VDJ recombination)	facs	24_59_M	1662411.0	2872.0	male	Flowthrough	Thymus	nan	21	23
G21_B003804_S273_L003	50.0	3.0	24	G21_B003804_S273_L003	24_59_M	Lung	True	3	True	G21_B003804_S273_L003.mus-2-0-1	exact_library_id_plus_documented_alignment_suffix	G21_B003804_S273_L003.mus-2-0-1-1	one_assay_suffix	24m	1	nan	T cell	nan	Ly6g5b+ T	facs	24_59_M	2416333.0	1754.0	male	Endomucin	Lung	nan	4	21
G22_B000846_S166_L003			24	G22_B000846_S166_L003	24_61_M	Kidney	False	1	False	G22_B000846_S166_L003.mus-6-0-1	exact_library_id_plus_documented_alignment_suffix	G22_B000846_S166_L003.mus-6-0-1-1	one_assay_suffix	24m	1	nan	T cell	nan	T cell	facs	24_61_M	1476102.0	1853.0	male	nan	Kidney	nan	4	9
G22_B001385_S238_L003			24	G22_B001385_S238_L003	24_58_M	Thymus	False	1	False	G22_B001385_S238_L003.mus-4-0-1	exact_library_id_plus_documented_alignment_suffix	G22_B001385_S238_L003.mus-4-0-1-1	one_assay_suffix	24m	1	nan	thymocyte	nan	proliferating thymocyte; DN to DP transition, dividing (some are Cd8+/ Cd4+, some undergoing VDJ recombination)	facs	24_58_M	804075.0	2292.0	male	Flowthrough	Thymus	nan	21	23
G22_B001397_S34_L001			24	G22_B001397_S34_L001	24_59_M	Thymus	False	1	False	G22_B001397_S34_L001.mus-5-0-1	exact_library_id_plus_documented_alignment_suffix	G22_B001397_S34_L001.mus-5-0-1-1	one_assay_suffix	24m	1	nan	thymocyte	nan	proliferating thymocyte; DN to DP transition, dividing (some are Cd8+/ Cd4+, some undergoing VDJ recombination)	facs	24_59_M	1355383.0	2421.0	male	Flowthrough	Thymus	nan	21	23
G2_B000848_S122_L003			24	G2_B000848_S122_L003	24_60_M	Spleen	False	1	False	G2_B000848_S122_L003.mus-5-0-1	exact_library_id_plus_documented_alignment_suffix	G2_B000848_S122_L003.mus-5-0-1-1	one_assay_suffix	24m	1	nan	CD8-positive, alpha-beta T cell	nan	nan	facs	24_60_M	1208109.0	3053.0	male	nan	Spleen	nan	4	9
G2_B001385_S218_L003			24	G2_B001385_S218_L003	24_58_M	Thymus	False	1	False	G2_B001385_S218_L003.mus-4-0-1	exact_library_id_plus_documented_alignment_suffix	G2_B001385_S218_L003.mus-4-0-1-1	one_assay_suffix	24m	1	nan	DN4 thymocyte	nan	DN4 thymocyte	facs	24_58_M	392411.0	1747.0	male	Flowthrough	Thymus	nan	6	5
G2_B001397_S14_L001			24	G2_B001397_S14_L001	24_59_M	Thymus	False	1	False	G2_B001397_S14_L001.mus-5-0-1	exact_library_id_plus_documented_alignment_suffix	G2_B001397_S14_L001.mus-5-0-1-1	one_assay_suffix	24m	1	nan	thymocyte	nan	proliferating thymocyte; DN to DP transition, dividing (some are Cd8+/ Cd4+, some undergoing VDJ recombination)	facs	24_59_M	4594939.0	5442.0	male	Flowthrough	Thymus	nan	4	9
G2_B003858_S170_L003	87.0	2.0	24	G2_B003858_S170_L003	24_59_M	Heart	True	2	True	G2_B003858_S170_L003.mus-2-0-1	exact_library_id_plus_documented_alignment_suffix	G2_B003858_S170_L003.mus-2-0-1-1	one_assay_suffix	24m	1	nan	T cell	nan	T cell	facs	24_59_M	1576531.0	1204.0	male	RA	Heart	nan	4	21
G3_B001277_S147_L002			24	G3_B001277_S147_L002	24_61_M	Thymus	False	1	False	G3_B001277_S147_L002.mus-6-0-1	exact_library_id_plus_documented_alignment_suffix	G3_B001277_S147_L002.mus-6-0-1-1	one_assay_suffix	24m	1	nan	DN4 thymocyte	nan	DN4 thymocyte	facs	24_61_M	481069.0	1732.0	male	Flowthrough	Thymus	nan	6	5
G3_B001385_S219_L003			24	G3_B001385_S219_L003	24_58_M	Thymus	False	1	False	G3_B001385_S219_L003.mus-4-0-1	exact_library_id_plus_documented_alignment_suffix	G3_B001385_S219_L003.mus-4-0-1-1	one_assay_suffix	24m	1	nan	DN4 thymocyte	nan	DN4 thymocyte	facs	24_58_M	600294.0	2286.0	male	Flowthrough	Thymus	nan	6	5
G3_B001397_S15_L001	46.0	2.0	24	G3_B001397_S15_L001	24_59_M	Thymus	True	2	True	G3_B001397_S15_L001.mus-5-0-1	exact_library_id_plus_documented_alignment_suffix	G3_B001397_S15_L001.mus-5-0-1-1	one_assay_suffix	24m	1	nan	DN4 thymocyte	nan	DN4 thymocyte	facs	24_59_M	3353845.0	3382.0	male	Flowthrough	Thymus	nan	4	9
G3_B003902_S267_L002			24	G3_B003902_S267_L002	24_59_M	Liver	False	1	False	G3_B003902_S267_L002.mus-2-0-1	exact_library_id_plus_documented_alignment_suffix	G3_B003902_S267_L002.mus-2-0-1-1	one_assay_suffix	24m	1	nan	CD4-positive, alpha-beta T cell	nan	nan	facs	24_59_M	4348596.0	863.0	male	Non-hepatocytes	Liver	nan	4	21
G4_B001263_S16			24	G4_B001263_S16	24_58_M	Spleen	False	1	False	G4_B001263_S16.mus-7-0-1	exact_library_id_plus_documented_alignment_suffix	G4_B001263_S16.mus-7-0-1-1	one_assay_suffix	24m	1	nan	CD4-positive, alpha-beta T cell	nan	Cd3e T cell	facs	24_58_M	630027.0	1811.0	male	nan	Spleen	nan	6	5
G4_B001277_S148_L002			24	G4_B001277_S148_L002	24_61_M	Thymus	False	1	False	G4_B001277_S148_L002.mus-6-0-1	exact_library_id_plus_documented_alignment_suffix	G4_B001277_S148_L002.mus-6-0-1-1	one_assay_suffix	24m	1	nan	DN4 thymocyte	nan	DN4 thymocyte	facs	24_61_M	938594.0	2238.0	male	Flowthrough	Thymus	nan	4	21
G4_B001385_S220_L003	38.0	8.0	24	G4_B001385_S220_L003	24_58_M	Thymus	True	1	False	G4_B001385_S220_L003.mus-4-0-1	exact_library_id_plus_documented_alignment_suffix	G4_B001385_S220_L003.mus-4-0-1-1	one_assay_suffix	24m	1	nan	DN4 thymocyte	nan	DN4 thymocyte	facs	24_58_M	579055.0	2176.0	male	Flowthrough	Thymus	nan	6	5
G4_B002949_S220_L002			24	G4_B002949_S220_L002	24_59_M	Marrow	False	1	False	G4_B002949_S220_L002.mus-5-0-1	exact_library_id_plus_documented_alignment_suffix	G4_B002949_S220_L002.mus-5-0-1-1	one_assay_suffix	24m	1	nan	mature alpha-beta T cell	nan	BM CD8 + CD4 T cell	facs	24_59_M	810587.0	1426.0	male	T-cells	Marrow	nan	4	9
G5_B001277_S149_L002	66.0	3.0	24	G5_B001277_S149_L002	24_61_M	Thymus	True	3	True	G5_B001277_S149_L002.mus-6-0-1	exact_library_id_plus_documented_alignment_suffix	G5_B001277_S149_L002.mus-6-0-1-1	one_assay_suffix	24m	1	nan	DN4 thymocyte	nan	DN4 thymocyte	facs	24_61_M	721241.0	2135.0	male	Flowthrough	Thymus	nan	4	9
G5_B001397_S17_L001			24	G5_B001397_S17_L001	24_59_M	Thymus	False	1	False	G5_B001397_S17_L001.mus-5-0-1	exact_library_id_plus_documented_alignment_suffix	G5_B001397_S17_L001.mus-5-0-1-1	one_assay_suffix	24m	1	nan	DN4 thymocyte	nan	DN4 thymocyte	facs	24_59_M	2089779.0	2703.0	male	Flowthrough	Thymus	nan	4	5
G6_B000830_S150_L004			24	G6_B000830_S150_L004	24_60_M	Thymus	False	1	False	G6_B000830_S150_L004.mus-8-0-1	exact_library_id_plus_documented_alignment_suffix	G6_B000830_S150_L004.mus-8-0-1-1	one_assay_suffix	24m	1	nan	DN4 thymocyte	nan	DN4 thymocyte	facs	24_60_M	621267.0	1532.0	male	Flowthrough	Thymus	nan	6	5
G6_B001277_S150_L002			24	G6_B001277_S150_L002	24_61_M	Thymus	False	1	False	G6_B001277_S150_L002.mus-6-0-1	exact_library_id_plus_documented_alignment_suffix	G6_B001277_S150_L002.mus-6-0-1-1	one_assay_suffix	24m	1	nan	DN4 thymocyte	nan	DN4 thymocyte	facs	24_61_M	647012.0	2125.0	male	Flowthrough	Thymus	nan	4	21
G6_B001385_S222_L003			24	G6_B001385_S222_L003	24_58_M	Thymus	False	1	False	G6_B001385_S222_L003.mus-4-0-1	exact_library_id_plus_documented_alignment_suffix	G6_B001385_S222_L003.mus-4-0-1-1	one_assay_suffix	24m	1	nan	DN4 thymocyte	nan	DN4 thymocyte	facs	24_58_M	518113.0	1607.0	male	Flowthrough	Thymus	nan	6	5
G6_B001397_S18_L001			24	G6_B001397_S18_L001	24_59_M	Thymus	False	1	False	G6_B001397_S18_L001.mus-5-0-1	exact_library_id_plus_documented_alignment_suffix	G6_B001397_S18_L001.mus-5-0-1-1	one_assay_suffix	24m	1	nan	DN4 thymocyte	nan	DN4 thymocyte	facs	24_59_M	1639869.0	2288.0	male	Flowthrough	Thymus	nan	4	9
G6_B002875_S18_L001	0.0	10.0	24	G6_B002875_S18_L001	24_59_M	Lung	True	10	True	G6_B002875_S18_L001.mus-2-0-1	exact_library_id_plus_documented_alignment_suffix	G6_B002875_S18_L001.mus-2-0-1-1	one_assay_suffix	24m	1	nan	CD8-positive, alpha-beta T cell	nan	CD8+ T	facs	24_59_M	530908.0	1690.0	male	EPCAM	Lung	nan	4	9
G6_B002892_S174			24	G6_B002892_S174	24_58_M	Marrow	False	1	False	G6_B002892_S174.mus-7-0-1	exact_library_id_plus_documented_alignment_suffix	G6_B002892_S174.mus-7-0-1-1	one_assay_suffix	24m	1	nan	NK cell	nan	Klrb1a/b/c(-) NK cell	facs	24_58_M	1241758.0	2168.0	male	T-cells	Marrow	nan	11	7
G6_B002988_S162_L004			24	G6_B002988_S162_L004	24_60_M	Trachea	False	1	False	G6_B002988_S162_L004.mus-5-0-1	exact_library_id_plus_documented_alignment_suffix	G6_B002988_S162_L004.mus-5-0-1-1	one_assay_suffix	24m	1	nan	T cell	nan	nan	facs	24_60_M	1183108.0	1666.0	male	nan	Trachea	nan	4	21
G7_B000848_S127_L003			24	G7_B000848_S127_L003	24_60_M	Spleen	False	1	False	G7_B000848_S127_L003.mus-5-0-1	exact_library_id_plus_documented_alignment_suffix	G7_B000848_S127_L003.mus-5-0-1-1	one_assay_suffix	24m	1	nan	CD8-positive, alpha-beta T cell	nan	nan	facs	24_60_M	1545228.0	3060.0	male	nan	Spleen	nan	4	9
G7_B001385_S223_L003			24	G7_B001385_S223_L003	24_58_M	Thymus	False	1	False	G7_B001385_S223_L003.mus-4-0-1	exact_library_id_plus_documented_alignment_suffix	G7_B001385_S223_L003.mus-4-0-1-1	one_assay_suffix	24m	1	nan	DN4 thymocyte	nan	DN4 thymocyte	facs	24_58_M	486805.0	2074.0	male	Flowthrough	Thymus	nan	6	5
G7_B001397_S19_L001			24	G7_B001397_S19_L001	24_59_M	Thymus	False	1	False	G7_B001397_S19_L001.mus-5-0-1	exact_library_id_plus_documented_alignment_suffix	G7_B001397_S19_L001.mus-5-0-1-1	one_assay_suffix	24m	1	nan	DN4 thymocyte	nan	DN4 thymocyte	facs	24_59_M	1559758.0	2547.0	male	Flowthrough	Thymus	nan	6	5
G7_B002327_S127_L003			24	G7_B002327_S127_L003	24_59_M	Marrow	False	1	False	G7_B002327_S127_L003.mus-0-0-1	exact_library_id_plus_documented_alignment_suffix	G7_B002327_S127_L003.mus-0-0-1-1	one_assay_suffix	24m	1	nan	CD4-positive, alpha-beta T cell	nan	BM CD4 T cell	facs	24_59_M	850950.0	1164.0	male	B-cells	Marrow	nan	4	21
G7_B003902_S271_L002			24	G7_B003902_S271_L002	24_59_M	Liver	False	1	False	G7_B003902_S271_L002.mus-2-0-1	exact_library_id_plus_documented_alignment_suffix	G7_B003902_S271_L002.mus-2-0-1-1	one_assay_suffix	24m	1	nan	T cell	nan	nan	facs	24_59_M	5113430.0	1630.0	male	Non-hepatocytes	Liver	nan	4	9
G8_B000830_S152_L004			24	G8_B000830_S152_L004	24_60_M	Thymus	False	1	False	G8_B000830_S152_L004.mus-8-0-1	exact_library_id_plus_documented_alignment_suffix	G8_B000830_S152_L004.mus-8-0-1-1	one_assay_suffix	24m	1	nan	DN4 thymocyte	nan	DN4 thymocyte	facs	24_60_M	4890220.0	2079.0	male	Flowthrough	Thymus	nan	4	21
G8_B000851_S152_L004			24	G8_B000851_S152_L004	24_61_M	Spleen	False	1	False	G8_B000851_S152_L004.mus-6-0-1	exact_library_id_plus_documented_alignment_suffix	G8_B000851_S152_L004.mus-6-0-1-1	one_assay_suffix	24m	1	nan	CD8-positive, alpha-beta T cell	nan	nan	facs	24_61_M	3601292.0	1504.0	male	nan	Spleen	nan	4	9
G8_B001277_S152_L002	15.0	15.0	24	G8_B001277_S152_L002	24_61_M	Thymus	True	15	True	G8_B001277_S152_L002.mus-6-0-1	exact_library_id_plus_documented_alignment_suffix	G8_B001277_S152_L002.mus-6-0-1-1	one_assay_suffix	24m	1	nan	DN4 thymocyte	nan	DN4 thymocyte	facs	24_61_M	845645.0	2188.0	male	Flowthrough	Thymus	nan	4	9
G9_B000331_S153_L004			24	G9_B000331_S153_L004	24_61_M	GAT	False	1	False	G9_B000331_S153_L004.mus-6-0-1	exact_library_id_plus_documented_alignment_suffix	G9_B000331_S153_L004.mus-6-0-1-1	one_assay_suffix	24m	1	nan	CD8-positive, alpha-beta T cell	nan	nan	facs	24_61_M	174425.0	1300.0	male	Fat	GAT	nan	4	9
G9_B001257_S225			24	G9_B001257_S225			False	1	False	__unmatched__G9_B001257_S225	unmatched_library		unmatched																
G9_B001261_S129_L003	14.0	6.0	24	G9_B001261_S129_L003	24_59_M	Kidney	True	6	True	G9_B001261_S129_L003.mus-2-0-1	exact_library_id_plus_documented_alignment_suffix	G9_B001261_S129_L003.mus-2-0-1-1	one_assay_suffix	24m	1	nan	T cell	nan	T cell	facs	24_59_M	2231427.0	2698.0	male	nan	Kidney	nan	4	21
G9_B001277_S153_L002			24	G9_B001277_S153_L002	24_61_M	Thymus	False	1	False	G9_B001277_S153_L002.mus-6-0-1	exact_library_id_plus_documented_alignment_suffix	G9_B001277_S153_L002.mus-6-0-1-1	one_assay_suffix	24m	1	nan	DN4 thymocyte	nan	DN4 thymocyte	facs	24_61_M	448765.0	2068.0	male	Flowthrough	Thymus	nan	6	5
G9_B001385_S225_L003			24	G9_B001385_S225_L003	24_58_M	Thymus	False	1	False	G9_B001385_S225_L003.mus-4-0-1	exact_library_id_plus_documented_alignment_suffix	G9_B001385_S225_L003.mus-4-0-1-1	one_assay_suffix	24m	1	nan	DN4 thymocyte	nan	DN4 thymocyte	facs	24_58_M	532020.0	1808.0	male	Flowthrough	Thymus	nan	6	5
G9_B001397_S21_L001			24	G9_B001397_S21_L001	24_59_M	Thymus	False	1	False	G9_B001397_S21_L001.mus-5-0-1	exact_library_id_plus_documented_alignment_suffix	G9_B001397_S21_L001.mus-5-0-1-1	one_assay_suffix	24m	1	nan	DN4 thymocyte	nan	DN4 thymocyte	facs	24_59_M	1342667.0	2472.0	male	Flowthrough	Thymus	nan	4	5
G9_B002900_S261_L003			24	G9_B002900_S261_L003	24_59_M	GAT	False	1	False	G9_B002900_S261_L003.mus-4-0-1	exact_library_id_plus_documented_alignment_suffix	G9_B002900_S261_L003.mus-4-0-1-1	one_assay_suffix	24m	1	nan	CD4-positive, alpha-beta T cell	nan	nan	facs	24_59_M	397311.0	1267.0	male	Fat	GAT	nan	4	21
G9_B002907_S177_L003			24	G9_B002907_S177_L003	24_59_M	SCAT	False	1	False	G9_B002907_S177_L003.mus-1-0-1	exact_library_id_plus_documented_alignment_suffix	G9_B002907_S177_L003.mus-1-0-1-1	one_assay_suffix	24m	1	nan	epithelial cell	nan	nan	facs	24_59_M	634395.0	1789.0	male	Fat	SCAT	nan	4	21
G9_B003031_S249_L004	40.0	2.0	24	G9_B003031_S249_L004	24_60_M	Marrow	True	2	True	G9_B003031_S249_L004.mus-5-0-1	exact_library_id_plus_documented_alignment_suffix	G9_B003031_S249_L004.mus-5-0-1-1	one_assay_suffix	24m	1	nan	NK cell	nan	Klrb1a/b/c(-) NK cell	facs	24_60_M	197555.0	2209.0	male	T-cells	Marrow	nan	11	7
G9_B003234_S213_L004			24	G9_B003234_S213_L004	24_60_M	Lung	False	1	False	G9_B003234_S213_L004.mus-5-0-1	exact_library_id_plus_documented_alignment_suffix		unmatched																
G9_B003902_S273_L002	0.0	10.0	24	G9_B003902_S273_L002	24_59_M	Liver	True	10	True	G9_B003902_S273_L002.mus-2-0-1	exact_library_id_plus_documented_alignment_suffix	G9_B003902_S273_L002.mus-2-0-1-1	one_assay_suffix	24m	1	nan	CD8-positive, alpha-beta T cell	nan	nan	facs	24_59_M	660254.0	1545.0	male	Non-hepatocytes	Liver	nan	4	9
H10_B000331_S178_L004			24	H10_B000331_S178_L004	24_61_M	GAT	False	1	False	H10_B000331_S178_L004.mus-6-0-1	exact_library_id_plus_documented_alignment_suffix	H10_B000331_S178_L004.mus-6-0-1-1	one_assay_suffix	24m	1	nan	CD8-positive, alpha-beta T cell	nan	nan	facs	24_61_M	302495.0	2139.0	male	Fat	GAT	nan	4	9
H10_B000332_S286_L003			24	H10_B000332_S286_L003	24_60_M	SCAT	False	1	False	H10_B000332_S286_L003.mus-0-0-1	exact_library_id_plus_documented_alignment_suffix	H10_B000332_S286_L003.mus-0-0-1-1	one_assay_suffix	24m	1	nan	T cell	nan	nan	facs	24_60_M	95938.0	1053.0	male	Fat	SCAT	nan	4	21
H10_B000830_S178_L004			24	H10_B000830_S178_L004	24_60_M	Thymus	False	1	False	H10_B000830_S178_L004.mus-8-0-1	exact_library_id_plus_documented_alignment_suffix	H10_B000830_S178_L004.mus-8-0-1-1	one_assay_suffix	24m	1	nan	DN4 thymocyte	nan	DN4 thymocyte	facs	24_60_M	995790.0	2589.0	male	Flowthrough	Thymus	nan	6	5
H10_B001183_S118_L003			24	H10_B001183_S118_L003	24_59_M	MAT	False	1	False	H10_B001183_S118_L003.mus-1-0-1	exact_library_id_plus_documented_alignment_suffix	H10_B001183_S118_L003.mus-1-0-1-1	one_assay_suffix	24m	1	nan	CD8-positive, alpha-beta T cell	nan	nan	facs	24_59_M	1749915.0	1709.0	male	Fat	MAT	nan	4	9
H10_B001261_S154_L003			24	H10_B001261_S154_L003	24_59_M	Kidney	False	1	False	H10_B001261_S154_L003.mus-2-0-1	exact_library_id_plus_documented_alignment_suffix	H10_B001261_S154_L003.mus-2-0-1-1	one_assay_suffix	24m	1	nan	T cell	nan	T cell	facs	24_59_M	1823623.0	2495.0	male	nan	Kidney	nan	4	21
H10_B001265_S166_L002			24	H10_B001265_S166_L002	24_59_M	Spleen	False	1	False	H10_B001265_S166_L002.mus-2-0-1	exact_library_id_plus_documented_alignment_suffix	H10_B001265_S166_L002.mus-2-0-1-1	one_assay_suffix	24m	1	nan	CD4-positive, alpha-beta T cell	nan	Cd3e T cell	facs	24_59_M	719871.0	1222.0	male	nan	Spleen	nan	4	21
H10_B001385_S250_L003			24	H10_B001385_S250_L003	24_58_M	Thymus	False	1	False	H10_B001385_S250_L003.mus-4-0-1	exact_library_id_plus_documented_alignment_suffix	H10_B001385_S250_L003.mus-4-0-1-1	one_assay_suffix	24m	1	nan	DN4 thymocyte	nan	DN4 thymocyte	facs	24_58_M	442910.0	1845.0	male	Flowthrough	Thymus	nan	6	5
H10_B002949_S250_L002			24	H10_B002949_S250_L002	24_59_M	Marrow	False	1	False	H10_B002949_S250_L002.mus-5-0-1	exact_library_id_plus_documented_alignment_suffix	H10_B002949_S250_L002.mus-5-0-1-1	one_assay_suffix	24m	1	nan	mature alpha-beta T cell	nan	BM CD8 + CD4 T cell	facs	24_59_M	446867.0	1128.0	male	T-cells	Marrow	nan	4	9
H11_B000830_S179_L004			24	H11_B000830_S179_L004	24_60_M	Thymus	False	1	False	H11_B000830_S179_L004.mus-8-0-1	exact_library_id_plus_documented_alignment_suffix	H11_B000830_S179_L004.mus-8-0-1-1	one_assay_suffix	24m	1	nan	DN4 thymocyte	nan	DN4 thymocyte	facs	24_60_M	547771.0	3485.0	male	Flowthrough	Thymus	nan	4	9
H11_B001265_S167_L002			24	H11_B001265_S167_L002	24_59_M	Spleen	False	1	False	H11_B001265_S167_L002.mus-2-0-1	exact_library_id_plus_documented_alignment_suffix	H11_B001265_S167_L002.mus-2-0-1-1	one_assay_suffix	24m	1	nan	CD4-positive, alpha-beta T cell	nan	Cd3e T cell	facs	24_59_M	761397.0	1592.0	male	nan	Spleen	nan	4	21
H11_B001385_S251_L003			24	H11_B001385_S251_L003	24_58_M	Thymus	False	1	False	H11_B001385_S251_L003.mus-4-0-1	exact_library_id_plus_documented_alignment_suffix	H11_B001385_S251_L003.mus-4-0-1-1	one_assay_suffix	24m	1	nan	DN4 thymocyte	nan	DN4 thymocyte	facs	24_58_M	307219.0	1686.0	male	Flowthrough	Thymus	nan	4	9
H11_B003902_S299_L002	38.0	8.0	24	H11_B003902_S299_L002	24_59_M	Liver	True	7	True	H11_B003902_S299_L002.mus-2-0-1	exact_library_id_plus_documented_alignment_suffix	H11_B003902_S299_L002.mus-2-0-1-1	one_assay_suffix	24m	1	nan	T cell	nan	nan	facs	24_59_M	560745.0	2155.0	male	Non-hepatocytes	Liver	nan	4	9
H12_B000331_S180_L004			24	H12_B000331_S180_L004	24_61_M	GAT	False	1	False	H12_B000331_S180_L004.mus-6-0-1	exact_library_id_plus_documented_alignment_suffix	H12_B000331_S180_L004.mus-6-0-1-1	one_assay_suffix	24m	1	nan	CD4-positive, alpha-beta T cell	nan	nan	facs	24_61_M	146199.0	1203.0	male	Fat	GAT	nan	4	9
H12_B000333_S24_L004			24	H12_B000333_S24_L004	24_60_M	MAT	False	1	False	H12_B000333_S24_L004.mus-0-0-1	exact_library_id_plus_documented_alignment_suffix	H12_B000333_S24_L004.mus-0-0-1-1	one_assay_suffix	24m	1	nan	CD8-positive, alpha-beta T cell	nan	nan	facs	24_60_M	276219.0	1611.0	male	Fat	MAT	nan	4	9
H12_B001190_S216			24	H12_B001190_S216	24_58_M	MAT	False	1	False	H12_B001190_S216.mus-7-0-1	exact_library_id_plus_documented_alignment_suffix	H12_B001190_S216.mus-7-0-1-1	one_assay_suffix	24m	1	nan	CD8-positive, alpha-beta T cell	nan	nan	facs	24_58_M	443851.0	1752.0	male	Fat	MAT	nan	4	9
H12_B001277_S180_L002			24	H12_B001277_S180_L002	24_61_M	Thymus	False	1	False	H12_B001277_S180_L002.mus-6-0-1	exact_library_id_plus_documented_alignment_suffix	H12_B001277_S180_L002.mus-6-0-1-1	one_assay_suffix	24m	1	nan	thymocyte	nan	proliferating thymocyte; DN to DP transition, dividing (some are Cd8+/ Cd4+, some undergoing VDJ recombination)	facs	24_61_M	2745994.0	5358.0	male	Flowthrough	Thymus	nan	21	23
H12_B001385_S252_L003			24	H12_B001385_S252_L003	24_58_M	Thymus	False	1	False	H12_B001385_S252_L003.mus-4-0-1	exact_library_id_plus_documented_alignment_suffix	H12_B001385_S252_L003.mus-4-0-1-1	one_assay_suffix	24m	1	nan	epithelial cell of thymus	nan	TECs	facs	24_58_M	155351.0	1894.0	male	Flowthrough	Thymus	nan	21	23
H12_B001397_S48_L001			24	H12_B001397_S48_L001	24_59_M	Thymus	False	1	False	H12_B001397_S48_L001.mus-5-0-1	exact_library_id_plus_documented_alignment_suffix	H12_B001397_S48_L001.mus-5-0-1-1	one_assay_suffix	24m	1	nan	thymocyte	nan	proliferating thymocyte; DN to DP transition, dividing (some are Cd8+/ Cd4+, some undergoing VDJ recombination)	facs	24_59_M	3716890.0	4485.0	male	Flowthrough	Thymus	nan	21	23
H12_B003800_S180_L002			24	H12_B003800_S180_L002	24_61_M	Heart	False	1	False	H12_B003800_S180_L002.mus-6-0-1	exact_library_id_plus_documented_alignment_suffix	H12_B003800_S180_L002.mus-6-0-1-1	one_assay_suffix	24m	1	nan	T cell	nan	T cell	facs	24_61_M	3130909.0	1452.0	male	RA	Heart	nan	4	9
H12_B003902_S300_L002	35.0	5.0	24	H12_B003902_S300_L002	24_59_M	Liver	True	5	True	H12_B003902_S300_L002.mus-2-0-1	exact_library_id_plus_documented_alignment_suffix	H12_B003902_S300_L002.mus-2-0-1-1	one_assay_suffix	24m	1	nan	CD8-positive, alpha-beta T cell	nan	nan	facs	24_59_M	288355.0	1522.0	male	Non-hepatocytes	Liver	nan	4	9
H13_B000333_S25_L004			24	H13_B000333_S25_L004	24_60_M	MAT	False	1	False	H13_B000333_S25_L004.mus-0-0-1	exact_library_id_plus_documented_alignment_suffix	H13_B000333_S25_L004.mus-0-0-1-1	one_assay_suffix	24m	1	nan	CD8-positive, alpha-beta T cell	nan	nan	facs	24_60_M	122115.0	991.0	male	Fat	MAT	nan	4	21
H13_B001263_S49			24	H13_B001263_S49	24_58_M	Spleen	False	1	False	H13_B001263_S49.mus-7-0-1	exact_library_id_plus_documented_alignment_suffix	H13_B001263_S49.mus-7-0-1-1	one_assay_suffix	24m	1	nan	CD4-positive, alpha-beta T cell	nan	Cd3e T cell	facs	24_58_M	362801.0	1584.0	male	nan	Spleen	nan	4	21
H13_B001385_S253_L003			24	H13_B001385_S253_L003	24_58_M	Thymus	False	1	False	H13_B001385_S253_L003.mus-4-0-1	exact_library_id_plus_documented_alignment_suffix	H13_B001385_S253_L003.mus-4-0-1-1	one_assay_suffix	24m	1	nan	thymocyte	nan	proliferating thymocyte; DN to DP transition, dividing (some are Cd8+/ Cd4+, some undergoing VDJ recombination)	facs	24_58_M	529650.0	3583.0	male	Flowthrough	Thymus	nan	21	23
H13_B001397_S49_L001			24	H13_B001397_S49_L001	24_59_M	Thymus	False	1	False	H13_B001397_S49_L001.mus-5-0-1	exact_library_id_plus_documented_alignment_suffix	H13_B001397_S49_L001.mus-5-0-1-1	one_assay_suffix	24m	1	nan	thymocyte	nan	proliferating thymocyte; DN to DP transition, dividing (some are Cd8+/ Cd4+, some undergoing VDJ recombination)	facs	24_59_M	1839977.0	4113.0	male	Flowthrough	Thymus	nan	16	23
H13_B002881_S265_L001	50.0	3.0	24	H13_B002881_S265_L001	24_59_M	Trachea	True	3	True	H13_B002881_S265_L001.mus-2-0-1	exact_library_id_plus_documented_alignment_suffix	H13_B002881_S265_L001.mus-2-0-1-1	one_assay_suffix	24m	1	nan	T cell	nan	nan	facs	24_59_M	304797.0	1218.0	male	nan	Trachea	nan	4	21
H13_B002949_S253_L002			24	H13_B002949_S253_L002	24_59_M	Marrow	False	1	False	H13_B002949_S253_L002.mus-5-0-1	exact_library_id_plus_documented_alignment_suffix	H13_B002949_S253_L002.mus-5-0-1-1	one_assay_suffix	24m	1	nan	NK cell	nan	NK cell	facs	24_59_M	620135.0	1849.0	male	T-cells	Marrow	nan	4	9
H13_B003232_S253_L002			24	H13_B003232_S253_L002	24_60_M	Brain_Non-Myeloid	False	1	False	H13_B003232_S253_L002.mus-0-0-1	exact_library_id_plus_documented_alignment_suffix	H13_B003232_S253_L002.mus-0-0-1-1	one_assay_suffix	24m	1	nan	CD8-positive, alpha-beta T cell	nan	nan	facs	24_60_M	716012.0	1294.0	male	Cerebellum	Brain_Non-Myeloid	nan	4	9
H14_B000333_S26_L004			24	H14_B000333_S26_L004	24_60_M	MAT	False	1	False	H14_B000333_S26_L004.mus-0-0-1	exact_library_id_plus_documented_alignment_suffix	H14_B000333_S26_L004.mus-0-0-1-1	one_assay_suffix	24m	1	nan	CD8-positive, alpha-beta T cell	nan	nan	facs	24_60_M	368884.0	2041.0	male	Fat	MAT	nan	4	21
H14_B001263_S50			24	H14_B001263_S50	24_58_M	Spleen	False	1	False	H14_B001263_S50.mus-7-0-1	exact_library_id_plus_documented_alignment_suffix	H14_B001263_S50.mus-7-0-1-1	one_assay_suffix	24m	1	nan	CD4-positive, alpha-beta T cell	nan	Cd3e T cell	facs	24_58_M	1982389.0	2501.0	male	nan	Spleen	nan	4	21
H14_B001385_S254_L003			24	H14_B001385_S254_L003	24_58_M	Thymus	False	1	False	H14_B001385_S254_L003.mus-4-0-1	exact_library_id_plus_documented_alignment_suffix	H14_B001385_S254_L003.mus-4-0-1-1	one_assay_suffix	24m	1	nan	thymocyte	nan	proliferating thymocyte; DN to DP transition, dividing (some are Cd8+/ Cd4+, some undergoing VDJ recombination)	facs	24_58_M	191071.0	2626.0	male	Flowthrough	Thymus	nan	21	23
H14_B002887_S266_L001			24	H14_B002887_S266_L001	24_58_M	BAT	False	1	False	H14_B002887_S266_L001.mus-4-0-1	exact_library_id_plus_documented_alignment_suffix	H14_B002887_S266_L001.mus-4-0-1-1	one_assay_suffix	24m	1	nan	T cell	nan	nan	facs	24_58_M	731077.0	1360.0	male	Fat	BAT	nan	4	9
H14_B002900_S290_L003	12.0	9.0	24	H14_B002900_S290_L003	24_59_M	GAT	True	9	True	H14_B002900_S290_L003.mus-4-0-1	exact_library_id_plus_documented_alignment_suffix	H14_B002900_S290_L003.mus-4-0-1-1	one_assay_suffix	24m	1	nan	CD4-positive, alpha-beta T cell	nan	nan	facs	24_59_M	653555.0	1196.0	male	Fat	GAT	nan	4	21
H15_B000331_S183_L004	15.0	15.0	24	H15_B000331_S183_L004	24_61_M	GAT	True	15	True	H15_B000331_S183_L004.mus-6-0-1	exact_library_id_plus_documented_alignment_suffix	H15_B000331_S183_L004.mus-6-0-1-1	one_assay_suffix	24m	1	nan	CD8-positive, alpha-beta T cell	nan	nan	facs	24_61_M	260846.0	1659.0	male	Fat	GAT	nan	4	9
H15_B001183_S123_L003			24	H15_B001183_S123_L003	24_59_M	MAT	False	1	False	H15_B001183_S123_L003.mus-1-0-1	exact_library_id_plus_documented_alignment_suffix	H15_B001183_S123_L003.mus-1-0-1-1	one_assay_suffix	24m	1	nan	CD4-positive, alpha-beta T cell	nan	nan	facs	24_59_M	732856.0	1037.0	male	Fat	MAT	nan	6	5
H15_B001188_S135			24	H15_B001188_S135	24_58_M	SCAT	False	1	False	H15_B001188_S135.mus-7-0-1	exact_library_id_plus_documented_alignment_suffix	H15_B001188_S135.mus-7-0-1-1	one_assay_suffix	24m	1	nan	NK cell	nan	nan	facs	24_58_M	623036.0	1371.0	male	Fat	SCAT	nan	4	21
H15_B001190_S219			24	H15_B001190_S219	24_58_M	MAT	False	1	False	H15_B001190_S219.mus-7-0-1	exact_library_id_plus_documented_alignment_suffix	H15_B001190_S219.mus-7-0-1-1	one_assay_suffix	24m	1	nan	CD8-positive, alpha-beta T cell	nan	nan	facs	24_58_M	584258.0	1746.0	male	Fat	MAT	nan	4	9
H15_B001256_S219_L002			24	H15_B001256_S219_L002	24_59_M	Thymus	False	1	False	H15_B001256_S219_L002.mus-1-0-1	exact_library_id_plus_documented_alignment_suffix		unmatched																
H15_B001265_S171_L002			24	H15_B001265_S171_L002	24_59_M	Spleen	False	1	False	H15_B001265_S171_L002.mus-2-0-1	exact_library_id_plus_documented_alignment_suffix	H15_B001265_S171_L002.mus-2-0-1-1	one_assay_suffix	24m	1	nan	CD4-positive, alpha-beta T cell	nan	Cd3e T cell	facs	24_59_M	1111563.0	1562.0	male	nan	Spleen	nan	4	21
H15_B001385_S255_L003			24	H15_B001385_S255_L003	24_58_M	Thymus	False	1	False	H15_B001385_S255_L003.mus-4-0-1	exact_library_id_plus_documented_alignment_suffix	H15_B001385_S255_L003.mus-4-0-1-1	one_assay_suffix	24m	1	nan	thymocyte	nan	proliferating thymocyte; DN to DP transition, dividing (some are Cd8+/ Cd4+, some undergoing VDJ recombination)	facs	24_58_M	534176.0	2873.0	male	Flowthrough	Thymus	nan	21	23
H15_B001397_S51_L001			24	H15_B001397_S51_L001	24_59_M	Thymus	False	1	False	H15_B001397_S51_L001.mus-5-0-1	exact_library_id_plus_documented_alignment_suffix	H15_B001397_S51_L001.mus-5-0-1-1	one_assay_suffix	24m	1	nan	thymocyte	nan	proliferating thymocyte; DN to DP transition, dividing (some are Cd8+/ Cd4+, some undergoing VDJ recombination)	facs	24_59_M	218280.0	2047.0	male	Flowthrough	Thymus	nan	21	23
H15_B002900_S291_L003	79.0	3.0	24	H15_B002900_S291_L003	24_59_M	GAT	True	3	True	H15_B002900_S291_L003.mus-4-0-1	exact_library_id_plus_documented_alignment_suffix	H15_B002900_S291_L003.mus-4-0-1-1	one_assay_suffix	24m	1	nan	CD8-positive, alpha-beta T cell	nan	nan	facs	24_59_M	453844.0	1602.0	male	Fat	GAT	nan	4	9
H15_B002990_S183_L003			24	H15_B002990_S183_L003	24_61_M	Trachea	False	1	False	H15_B002990_S183_L003.mus-6-0-1	exact_library_id_plus_documented_alignment_suffix	H15_B002990_S183_L003.mus-6-0-1-1	one_assay_suffix	24m	1	nan	T cell	nan	nan	facs	24_61_M	406002.0	951.0	male	nan	Trachea	nan	4	9
H15_B003031_S279_L004	27.0	4.0	24	H15_B003031_S279_L004	24_60_M	Marrow	True	4	True	H15_B003031_S279_L004.mus-5-0-1	exact_library_id_plus_documented_alignment_suffix	H15_B003031_S279_L004.mus-5-0-1-1	one_assay_suffix	24m	1	nan	NK cell	nan	Klrb1a/b/c(-) NK cell	facs	24_60_M	114220.0	2234.0	male	T-cells	Marrow	nan	11	7
H16_B000331_S184_L004	67.0	5.0	24	H16_B000331_S184_L004	24_61_M	GAT	True	5	True	H16_B000331_S184_L004.mus-6-0-1	exact_library_id_plus_documented_alignment_suffix	H16_B000331_S184_L004.mus-6-0-1-1	one_assay_suffix	24m	1	nan	CD8-positive, alpha-beta T cell	nan	nan	facs	24_61_M	859285.0	4249.0	male	Fat	GAT	nan	4	9
H16_B001183_S124_L003			24	H16_B001183_S124_L003	24_59_M	MAT	False	1	False	H16_B001183_S124_L003.mus-1-0-1	exact_library_id_plus_documented_alignment_suffix	H16_B001183_S124_L003.mus-1-0-1-1	one_assay_suffix	24m	1	nan	CD4-positive, alpha-beta T cell	nan	nan	facs	24_59_M	1264214.0	2373.0	male	Fat	MAT	nan	4	21
H16_B001190_S220	39.0	8.0	24	H16_B001190_S220	24_58_M	MAT	True	8	True	H16_B001190_S220.mus-7-0-1	exact_library_id_plus_documented_alignment_suffix	H16_B001190_S220.mus-7-0-1-1	one_assay_suffix	24m	1	nan	CD8-positive, alpha-beta T cell	nan	nan	facs	24_58_M	529917.0	2651.0	male	Fat	MAT	nan	4	9
H16_B001263_S52			24	H16_B001263_S52	24_58_M	Spleen	False	1	False	H16_B001263_S52.mus-7-0-1	exact_library_id_plus_documented_alignment_suffix	H16_B001263_S52.mus-7-0-1-1	one_assay_suffix	24m	1	nan	CD4-positive, alpha-beta T cell	nan	Cd3e T cell	facs	24_58_M	1337562.0	2215.0	male	nan	Spleen	nan	4	21
H16_B001268_S184_L001	4.0	2.0	24	H16_B001268_S184_L001	24_60_M	Brain_Non-Myeloid	True	2	True	H16_B001268_S184_L001.mus-0-0-1	exact_library_id_plus_documented_alignment_suffix	H16_B001268_S184_L001.mus-0-0-1-1	one_assay_suffix	24m	1	nan	CD8-positive, alpha-beta T cell	nan	nan	facs	24_60_M	905093.0	1819.0	male	Hippocampus	Brain_Non-Myeloid	nan	4	9
H16_B001277_S184_L002			24	H16_B001277_S184_L002	24_61_M	Thymus	False	1	False	H16_B001277_S184_L002.mus-6-0-1	exact_library_id_plus_documented_alignment_suffix	H16_B001277_S184_L002.mus-6-0-1-1	one_assay_suffix	24m	1	nan	macrophage	nan	macrophage	facs	24_61_M	1103103.0	2410.0	male	Flowthrough	Thymus	nan	6	23
H16_B001385_S256_L003			24	H16_B001385_S256_L003	24_58_M	Thymus	False	1	False	H16_B001385_S256_L003.mus-4-0-1	exact_library_id_plus_documented_alignment_suffix	H16_B001385_S256_L003.mus-4-0-1-1	one_assay_suffix	24m	1	nan	thymocyte	nan	proliferating thymocyte; DN to DP transition, dividing (some are Cd8+/ Cd4+, some undergoing VDJ recombination)	facs	24_58_M	928804.0	3699.0	male	Flowthrough	Thymus	nan	21	23
H16_B001386_S124_L003	56.0	4.0	24	H16_B001386_S124_L003	24_58_M	Liver	True	4	True	H16_B001386_S124_L003.mus-2-0-1	exact_library_id_plus_documented_alignment_suffix	H16_B001386_S124_L003.mus-2-0-1-1	one_assay_suffix	24m	1	nan	CD4-positive, alpha-beta T cell	nan	nan	facs	24_58_M	1748283.0	1886.0	male	Non-hepatocytes	Liver	nan	4	21
H17_B000851_S185_L004			24	H17_B000851_S185_L004	24_61_M	Spleen	False	1	False	H17_B000851_S185_L004.mus-6-0-1	exact_library_id_plus_documented_alignment_suffix	H17_B000851_S185_L004.mus-6-0-1-1	one_assay_suffix	24m	1	nan	CD8-positive, alpha-beta T cell	nan	nan	facs	24_61_M	115123.0	1665.0	male	nan	Spleen	nan	4	9
H17_B001263_S53			24	H17_B001263_S53	24_58_M	Spleen	False	1	False	H17_B001263_S53.mus-7-0-1	exact_library_id_plus_documented_alignment_suffix	H17_B001263_S53.mus-7-0-1-1	one_assay_suffix	24m	1	nan	CD4-positive, alpha-beta T cell	nan	Cd3e T cell	facs	24_58_M	2695221.0	2541.0	male	nan	Spleen	nan	4	21
H17_B001385_S257_L003			24	H17_B001385_S257_L003	24_58_M	Thymus	False	1	False	H17_B001385_S257_L003.mus-4-0-1	exact_library_id_plus_documented_alignment_suffix	H17_B001385_S257_L003.mus-4-0-1-1	one_assay_suffix	24m	1	nan	epithelial cell of thymus	nan	TECs	facs	24_58_M	281876.0	2455.0	male	Flowthrough	Thymus	nan	21	23
H17_B003031_S281_L004			24	H17_B003031_S281_L004	24_60_M	Marrow	False	1	False	H17_B003031_S281_L004.mus-5-0-1	exact_library_id_plus_documented_alignment_suffix	H17_B003031_S281_L004.mus-5-0-1-1	one_assay_suffix	24m	1	nan	CD4-positive, alpha-beta T cell	nan	BM CD4 T cell	facs	24_60_M	34349.0	929.0	male	T-cells	Marrow	nan	4	21
H18_B000848_S162_L003			24	H18_B000848_S162_L003	24_60_M	Spleen	False	1	False	H18_B000848_S162_L003.mus-5-0-1	exact_library_id_plus_documented_alignment_suffix	H18_B000848_S162_L003.mus-5-0-1-1	one_assay_suffix	24m	1	nan	CD4-positive, alpha-beta T cell	nan	Cd3e T cell	facs	24_60_M	514171.0	2243.0	male	nan	Spleen	nan	4	5
H18_B001385_S258_L003			24	H18_B001385_S258_L003	24_58_M	Thymus	False	1	False	H18_B001385_S258_L003.mus-4-0-1	exact_library_id_plus_documented_alignment_suffix	H18_B001385_S258_L003.mus-4-0-1-1	one_assay_suffix	24m	1	nan	thymocyte	nan	proliferating thymocyte; DN to DP transition, dividing (some are Cd8+/ Cd4+, some undergoing VDJ recombination)	facs	24_58_M	1435237.0	4083.0	male	Flowthrough	Thymus	nan	21	23
H18_B001397_S54_L001			24	H18_B001397_S54_L001	24_59_M	Thymus	False	1	False	H18_B001397_S54_L001.mus-5-0-1	exact_library_id_plus_documented_alignment_suffix	H18_B001397_S54_L001.mus-5-0-1-1	one_assay_suffix	24m	1	nan	thymocyte	nan	proliferating thymocyte; DN to DP transition, dividing (some are Cd8+/ Cd4+, some undergoing VDJ recombination)	facs	24_59_M	2033781.0	3870.0	male	Flowthrough	Thymus	nan	21	23
H19_B001185_S223_L001			24	H19_B001185_S223_L001	24_59_M	Skin	False	1	False	H19_B001185_S223_L001.mus-2-0-1	exact_library_id_plus_documented_alignment_suffix	H19_B001185_S223_L001.mus-2-0-1-1	one_assay_suffix	24m	1	nan	T cell	nan	nan	facs	24_59_M	734118.0	1393.0	male	nan	Skin	nan	4	9
H19_B001385_S259_L003			24	H19_B001385_S259_L003	24_58_M	Thymus	False	1	False	H19_B001385_S259_L003.mus-4-0-1	exact_library_id_plus_documented_alignment_suffix	H19_B001385_S259_L003.mus-4-0-1-1	one_assay_suffix	24m	1	nan	thymocyte	nan	proliferating thymocyte; DN to DP transition, dividing (some are Cd8+/ Cd4+, some undergoing VDJ recombination)	facs	24_58_M	1782445.0	2750.0	male	Flowthrough	Thymus	nan	21	23
H19_B003234_S247_L004			24	H19_B003234_S247_L004	24_60_M	Lung	False	1	False	H19_B003234_S247_L004.mus-5-0-1	exact_library_id_plus_documented_alignment_suffix	H19_B003234_S247_L004.mus-5-0-1-1	one_assay_suffix	24m	1	nan	T cell	nan	Ly6g5b+ T	facs	24_60_M	681763.0	1989.0	male	EPCAM	Lung	nan	4	9
H19_B003843_S163_L004	39.0	8.0	24	H19_B003843_S163_L004	24_58_M	Trachea	True	8	True	H19_B003843_S163_L004.mus-4-0-1	exact_library_id_plus_documented_alignment_suffix	H19_B003843_S163_L004.mus-4-0-1-1	one_assay_suffix	24m	1	nan	T cell	nan	nan	facs	24_58_M	505763.0	1438.0	male	nan	Trachea	nan	4	9
H19_B003902_S7_L002	24.0	34.0	24	H19_B003902_S7_L002	24_59_M	Liver	True	34	True	H19_B003902_S7_L002.mus-2-0-1	exact_library_id_plus_documented_alignment_suffix	H19_B003902_S7_L002.mus-2-0-1-1	one_assay_suffix	24m	1	nan	CD8-positive, alpha-beta T cell	nan	nan	facs	24_59_M	112622.0	2164.0	male	Non-hepatocytes	Liver	nan	4	9
H19_B008782_S79_L004	82.0	3.0	24	H19_B008782_S79_L004	24_59_M	Liver	True	3	True	H19_B008782_S79_L004.mus-1-0-1	exact_library_id_plus_documented_alignment_suffix	H19_B008782_S79_L004.mus-1-0-1-1	one_assay_suffix	24m	1	nan	Kupffer cell	nan	Kupffer cell	facs	24_59_M	2290939.0	7186.0	male	Hepatocytes	Liver	nan	36	33
H1_B000830_S169_L004	90.0	2.0	24	H1_B000830_S169_L004	24_60_M	Thymus	True	2	True	H1_B000830_S169_L004.mus-8-0-1	exact_library_id_plus_documented_alignment_suffix	H1_B000830_S169_L004.mus-8-0-1-1	one_assay_suffix	24m	1	nan	DN4 thymocyte	nan	DN4 thymocyte	facs	24_60_M	255591.0	2433.0	male	Flowthrough	Thymus	nan	4	9
H1_B001265_S157_L002			24	H1_B001265_S157_L002	24_59_M	Spleen	False	1	False	H1_B001265_S157_L002.mus-2-0-1	exact_library_id_plus_documented_alignment_suffix	H1_B001265_S157_L002.mus-2-0-1-1	one_assay_suffix	24m	1	nan	CD8-positive, alpha-beta T cell	nan	nan	facs	24_59_M	2721594.0	2501.0	male	nan	Spleen	nan	4	9
H1_B001277_S169_L002			24	H1_B001277_S169_L002	24_61_M	Thymus	False	1	False	H1_B001277_S169_L002.mus-6-0-1	exact_library_id_plus_documented_alignment_suffix	H1_B001277_S169_L002.mus-6-0-1-1	one_assay_suffix	24m	1	nan	DN4 thymocyte	nan	DN4 thymocyte	facs	24_61_M	362884.0	1828.0	male	Flowthrough	Thymus	nan	6	5
H1_B001385_S241_L003			24	H1_B001385_S241_L003	24_58_M	Thymus	False	1	False	H1_B001385_S241_L003.mus-4-0-1	exact_library_id_plus_documented_alignment_suffix	H1_B001385_S241_L003.mus-4-0-1-1	one_assay_suffix	24m	1	nan	DN4 thymocyte	nan	DN4 thymocyte	facs	24_58_M	437186.0	2094.0	male	Flowthrough	Thymus	nan	6	5
H1_B001397_S37_L001			24	H1_B001397_S37_L001	24_59_M	Thymus	False	1	False	H1_B001397_S37_L001.mus-5-0-1	exact_library_id_plus_documented_alignment_suffix	H1_B001397_S37_L001.mus-5-0-1-1	one_assay_suffix	24m	1	nan	DN4 thymocyte	nan	DN4 thymocyte	facs	24_59_M	1492350.0	2803.0	male	Flowthrough	Thymus	nan	6	5
H1_B002892_S193			24	H1_B002892_S193	24_58_M	Marrow	False	1	False	H1_B002892_S193.mus-7-0-1	exact_library_id_plus_documented_alignment_suffix	H1_B002892_S193.mus-7-0-1-1	one_assay_suffix	24m	1	nan	NK cell	nan	Klrb1a/b/c(-) NK cell	facs	24_58_M	1865158.0	2465.0	male	T-cells	Marrow	nan	11	7
H1_B002946_S205_L002			24	H1_B002946_S205_L002	24_58_M	Lung	False	1	False	H1_B002946_S205_L002.mus-4-0-1	exact_library_id_plus_documented_alignment_suffix	H1_B002946_S205_L002.mus-4-0-1-1	one_assay_suffix	24m	1	nan	T cell	nan	Ly6g5b+ T	facs	24_58_M	5158891.0	1878.0	male	EPCAM	Lung	nan	4	21
H20_B000851_S188_L004			24	H20_B000851_S188_L004	24_61_M	Spleen	False	1	False	H20_B000851_S188_L004.mus-6-0-1	exact_library_id_plus_documented_alignment_suffix	H20_B000851_S188_L004.mus-6-0-1-1	one_assay_suffix	24m	1	nan	CD8-positive, alpha-beta T cell	nan	nan	facs	24_61_M	202678.0	1970.0	male	nan	Spleen	nan	4	9
H20_B001263_S56			24	H20_B001263_S56	24_58_M	Spleen	False	1	False	H20_B001263_S56.mus-7-0-1	exact_library_id_plus_documented_alignment_suffix	H20_B001263_S56.mus-7-0-1-1	one_assay_suffix	24m	1	nan	CD4-positive, alpha-beta T cell	nan	Cd3e T cell	facs	24_58_M	811388.0	1223.0	male	nan	Spleen	nan	4	21
H20_B001385_S260_L003			24	H20_B001385_S260_L003	24_58_M	Thymus	False	1	False	H20_B001385_S260_L003.mus-4-0-1	exact_library_id_plus_documented_alignment_suffix	H20_B001385_S260_L003.mus-4-0-1-1	one_assay_suffix	24m	1	nan	thymocyte	nan	proliferating thymocyte; DN to DP transition, dividing (some are Cd8+/ Cd4+, some undergoing VDJ recombination)	facs	24_58_M	1605072.0	3095.0	male	Flowthrough	Thymus	nan	21	23
H20_B001397_S56_L001			24	H20_B001397_S56_L001	24_59_M	Thymus	False	1	False	H20_B001397_S56_L001.mus-5-0-1	exact_library_id_plus_documented_alignment_suffix	H20_B001397_S56_L001.mus-5-0-1-1	one_assay_suffix	24m	1	nan	thymocyte	nan	proliferating thymocyte; DN to DP transition, dividing (some are Cd8+/ Cd4+, some undergoing VDJ recombination)	facs	24_59_M	850937.0	2814.0	male	Flowthrough	Thymus	nan	21	23
H20_B002982_S200_L004			24	H20_B002982_S200_L004	24_60_M	Lung	False	1	False	H20_B002982_S200_L004.mus-0-0-1	exact_library_id_plus_documented_alignment_suffix	H20_B002982_S200_L004.mus-0-0-1-1	one_assay_suffix	24m	1	nan	T cell	nan	Ly6g5b+ T	facs	24_60_M	990192.0	2367.0	male	Endomucin	Lung	nan	4	9
H21_B001277_S189_L002			24	H21_B001277_S189_L002	24_61_M	Thymus	False	1	False	H21_B001277_S189_L002.mus-6-0-1	exact_library_id_plus_documented_alignment_suffix	H21_B001277_S189_L002.mus-6-0-1-1	one_assay_suffix	24m	1	nan	thymocyte	nan	proliferating thymocyte; DN to DP transition, dividing (some are Cd8+/ Cd4+, some undergoing VDJ recombination)	facs	24_61_M	1837444.0	3451.0	male	Flowthrough	Thymus	nan	21	23
H21_B002875_S57_L001			24	H21_B002875_S57_L001	24_59_M	Lung	False	1	False	H21_B002875_S57_L001.mus-2-0-1	exact_library_id_plus_documented_alignment_suffix	H21_B002875_S57_L001.mus-2-0-1-1	one_assay_suffix	24m	1	nan	CD8-positive, alpha-beta T cell	nan	CD8+ T	facs	24_59_M	865150.0	1066.0	male	EPCAM	Lung	nan	4	9
H21_B002947_S177			24	H21_B002947_S177			False	1	False	__unmatched__H21_B002947_S177	unmatched_library		unmatched																
H21_B003804_S297_L003			24	H21_B003804_S297_L003	24_59_M	Lung	False	1	False	H21_B003804_S297_L003.mus-2-0-1	exact_library_id_plus_documented_alignment_suffix	H21_B003804_S297_L003.mus-2-0-1-1	one_assay_suffix	24m	1	nan	T cell	nan	Ly6g5b+ T	facs	24_59_M	1363375.0	1342.0	male	Endomucin	Lung	nan	4	21
H22_B001263_S58			24	H22_B001263_S58	24_58_M	Spleen	False	1	False	H22_B001263_S58.mus-7-0-1	exact_library_id_plus_documented_alignment_suffix	H22_B001263_S58.mus-7-0-1-1	one_assay_suffix	24m	1	nan	CD4-positive, alpha-beta T cell	nan	Cd3e T cell	facs	24_58_M	1057974.0	1363.0	male	nan	Spleen	nan	4	21
H22_B001397_S58_L001			24	H22_B001397_S58_L001	24_59_M	Thymus	False	1	False	H22_B001397_S58_L001.mus-5-0-1	exact_library_id_plus_documented_alignment_suffix	H22_B001397_S58_L001.mus-5-0-1-1	one_assay_suffix	24m	1	nan	thymocyte	nan	proliferating thymocyte; DN to DP transition, dividing (some are Cd8+/ Cd4+, some undergoing VDJ recombination)	facs	24_59_M	975236.0	2783.0	male	Flowthrough	Thymus	nan	21	23
H22_B002875_S58_L001			24	H22_B002875_S58_L001	24_59_M	Lung	False	1	False	H22_B002875_S58_L001.mus-2-0-1	exact_library_id_plus_documented_alignment_suffix	H22_B002875_S58_L001.mus-2-0-1-1	one_assay_suffix	24m	1	nan	CD8-positive, alpha-beta T cell	nan	CD8+ T	facs	24_59_M	1128561.0	1273.0	male	EPCAM	Lung	nan	4	9
H22_B002946_S226_L002	9.0	2.0	24	H22_B002946_S226_L002	24_58_M	Lung	True	2	True	H22_B002946_S226_L002.mus-4-0-1	exact_library_id_plus_documented_alignment_suffix	H22_B002946_S226_L002.mus-4-0-1-1	one_assay_suffix	24m	1	nan	leukocyte	nan	Proliferating Immune	facs	24_58_M	204433.0	2323.0	male	EPCAM	Lung	nan	4	21
H22_B002982_S202_L004			24	H22_B002982_S202_L004	24_60_M	Lung	False	1	False	H22_B002982_S202_L004.mus-0-0-1	exact_library_id_plus_documented_alignment_suffix	H22_B002982_S202_L004.mus-0-0-1-1	one_assay_suffix	24m	1	nan	CD8-positive, alpha-beta T cell	nan	CD8+ T	facs	24_60_M	269758.0	969.0	male	Endomucin	Lung	nan	6	5
H2_B001265_S158_L002			24	H2_B001265_S158_L002	24_59_M	Spleen	False	1	False	H2_B001265_S158_L002.mus-2-0-1	exact_library_id_plus_documented_alignment_suffix	H2_B001265_S158_L002.mus-2-0-1-1	one_assay_suffix	24m	1	nan	CD4-positive, alpha-beta T cell	nan	Cd3e T cell	facs	24_59_M	1546112.0	1803.0	male	nan	Spleen	nan	4	21
H2_B001385_S242_L003			24	H2_B001385_S242_L003	24_58_M	Thymus	False	1	False	H2_B001385_S242_L003.mus-4-0-1	exact_library_id_plus_documented_alignment_suffix	H2_B001385_S242_L003.mus-4-0-1-1	one_assay_suffix	24m	1	nan	DN4 thymocyte	nan	DN4 thymocyte	facs	24_58_M	625096.0	2600.0	male	Flowthrough	Thymus	nan	6	5
H2_B001397_S38_L001			24	H2_B001397_S38_L001	24_59_M	Thymus	False	1	False	H2_B001397_S38_L001.mus-5-0-1	exact_library_id_plus_documented_alignment_suffix	H2_B001397_S38_L001.mus-5-0-1-1	one_assay_suffix	24m	1	nan	DN4 thymocyte	nan	DN4 thymocyte	facs	24_59_M	1244238.0	2243.0	male	Flowthrough	Thymus	nan	6	5
H3_B001265_S159_L002			24	H3_B001265_S159_L002	24_59_M	Spleen	False	1	False	H3_B001265_S159_L002.mus-2-0-1	exact_library_id_plus_documented_alignment_suffix	H3_B001265_S159_L002.mus-2-0-1-1	one_assay_suffix	24m	1	nan	CD4-positive, alpha-beta T cell	nan	Cd3e T cell	facs	24_59_M	601052.0	992.0	male	nan	Spleen	nan	4	21
H3_B001277_S171_L002			24	H3_B001277_S171_L002	24_61_M	Thymus	False	1	False	H3_B001277_S171_L002.mus-6-0-1	exact_library_id_plus_documented_alignment_suffix	H3_B001277_S171_L002.mus-6-0-1-1	one_assay_suffix	24m	1	nan	DN4 thymocyte	nan	DN4 thymocyte	facs	24_61_M	553757.0	1742.0	male	Flowthrough	Thymus	nan	6	5
H3_B001385_S243_L003	32.0	2.0	24	H3_B001385_S243_L003	24_58_M	Thymus	True	1	False	H3_B001385_S243_L003.mus-4-0-1	exact_library_id_plus_documented_alignment_suffix	H3_B001385_S243_L003.mus-4-0-1-1	one_assay_suffix	24m	1	nan	DN4 thymocyte	nan	DN4 thymocyte	facs	24_58_M	908887.0	2354.0	male	Flowthrough	Thymus	nan	6	5
H3_B001397_S39_L001			24	H3_B001397_S39_L001	24_59_M	Thymus	False	1	False	H3_B001397_S39_L001.mus-5-0-1	exact_library_id_plus_documented_alignment_suffix	H3_B001397_S39_L001.mus-5-0-1-1	one_assay_suffix	24m	1	nan	DN4 thymocyte	nan	DN4 thymocyte	facs	24_59_M	966806.0	2288.0	male	Flowthrough	Thymus	nan	6	5
H4_B000830_S172_L004	102.0	2.0	24	H4_B000830_S172_L004	24_60_M	Thymus	True	2	True	H4_B000830_S172_L004.mus-8-0-1	exact_library_id_plus_documented_alignment_suffix	H4_B000830_S172_L004.mus-8-0-1-1	one_assay_suffix	24m	1	nan	DN4 thymocyte	nan	DN4 thymocyte	facs	24_60_M	188596.0	2051.0	male	Flowthrough	Thymus	nan	6	5
H4_B001242_S64			24	H4_B001242_S64	24_58_M	Liver	False	1	False	H4_B001242_S64.mus-7-0-1	exact_library_id_plus_documented_alignment_suffix	H4_B001242_S64.mus-7-0-1-1	one_assay_suffix	24m	1	nan	mature NK T cell	nan	nan	facs	24_58_M	3685189.0	1843.0	male	Non-hepatocytes	Liver	nan	4	9
H4_B001277_S172_L002	42.0	10.0	24	H4_B001277_S172_L002	24_61_M	Thymus	True	10	True	H4_B001277_S172_L002.mus-6-0-1	exact_library_id_plus_documented_alignment_suffix	H4_B001277_S172_L002.mus-6-0-1-1	one_assay_suffix	24m	1	nan	DN4 thymocyte	nan	DN4 thymocyte	facs	24_61_M	1186591.0	2520.0	male	Flowthrough	Thymus	nan	4	9
H4_B001385_S244_L003			24	H4_B001385_S244_L003	24_58_M	Thymus	False	1	False	H4_B001385_S244_L003.mus-4-0-1	exact_library_id_plus_documented_alignment_suffix	H4_B001385_S244_L003.mus-4-0-1-1	one_assay_suffix	24m	1	nan	DN4 thymocyte	nan	DN4 thymocyte	facs	24_58_M	999604.0	2678.0	male	Flowthrough	Thymus	nan	6	5
H4_B001397_S40_L001			24	H4_B001397_S40_L001	24_59_M	Thymus	False	1	False	H4_B001397_S40_L001.mus-5-0-1	exact_library_id_plus_documented_alignment_suffix	H4_B001397_S40_L001.mus-5-0-1-1	one_assay_suffix	24m	1	nan	DN4 thymocyte	nan	DN4 thymocyte	facs	24_59_M	1603751.0	2806.0	male	Flowthrough	Thymus	nan	6	5
H4_B002875_S40_L001			24	H4_B002875_S40_L001	24_59_M	Lung	False	1	False	H4_B002875_S40_L001.mus-2-0-1	exact_library_id_plus_documented_alignment_suffix	H4_B002875_S40_L001.mus-2-0-1-1	one_assay_suffix	24m	1	nan	regulatory T cell	nan	Regulatory T	facs	24_59_M	478283.0	1345.0	male	EPCAM	Lung	nan	4	21
H5_B000830_S173_L004			24	H5_B000830_S173_L004	24_60_M	Thymus	False	1	False	H5_B000830_S173_L004.mus-8-0-1	exact_library_id_plus_documented_alignment_suffix	H5_B000830_S173_L004.mus-8-0-1-1	one_assay_suffix	24m	1	nan	DN4 thymocyte	nan	DN4 thymocyte	facs	24_60_M	185511.0	1452.0	male	Flowthrough	Thymus	nan	6	5
H5_B001242_S65			24	H5_B001242_S65	24_58_M	Liver	False	1	False	H5_B001242_S65.mus-7-0-1	exact_library_id_plus_documented_alignment_suffix	H5_B001242_S65.mus-7-0-1-1	one_assay_suffix	24m	1	nan	mature NK T cell	nan	nan	facs	24_58_M	1362226.0	1321.0	male	Non-hepatocytes	Liver	nan	4	9
H5_B001243_S77_L002			24	H5_B001243_S77_L002	24_59_M	Liver	False	1	False	H5_B001243_S77_L002.mus-2-0-1	exact_library_id_plus_documented_alignment_suffix	H5_B001243_S77_L002.mus-2-0-1-1	one_assay_suffix	24m	1	nan	CD8-positive, alpha-beta T cell	nan	nan	facs	24_59_M	89597.0	1032.0	male	Non-hepatocytes	Liver	nan	4	9
H5_B001397_S41_L001			24	H5_B001397_S41_L001	24_59_M	Thymus	False	1	False	H5_B001397_S41_L001.mus-5-0-1	exact_library_id_plus_documented_alignment_suffix	H5_B001397_S41_L001.mus-5-0-1-1	one_assay_suffix	24m	1	nan	DN4 thymocyte	nan	DN4 thymocyte	facs	24_59_M	1069972.0	2069.0	male	Flowthrough	Thymus	nan	6	5
H6_B000830_S174_L004			24	H6_B000830_S174_L004	24_60_M	Thymus	False	1	False	H6_B000830_S174_L004.mus-8-0-1	exact_library_id_plus_documented_alignment_suffix	H6_B000830_S174_L004.mus-8-0-1-1	one_assay_suffix	24m	1	nan	DN4 thymocyte	nan	DN4 thymocyte	facs	24_60_M	743514.0	1494.0	male	Flowthrough	Thymus	nan	4	21
H6_B001263_S42			24	H6_B001263_S42	24_58_M	Spleen	False	1	False	H6_B001263_S42.mus-7-0-1	exact_library_id_plus_documented_alignment_suffix	H6_B001263_S42.mus-7-0-1-1	one_assay_suffix	24m	1	nan	CD4-positive, alpha-beta T cell	nan	Cd3e T cell	facs	24_58_M	255310.0	1217.0	male	nan	Spleen	nan	4	21
H6_B001265_S162_L002			24	H6_B001265_S162_L002	24_59_M	Spleen	False	1	False	H6_B001265_S162_L002.mus-2-0-1	exact_library_id_plus_documented_alignment_suffix	H6_B001265_S162_L002.mus-2-0-1-1	one_assay_suffix	24m	1	nan	CD4-positive, alpha-beta T cell	nan	Cd3e T cell	facs	24_59_M	1512300.0	1615.0	male	nan	Spleen	nan	4	5
H6_B001277_S174_L002			24	H6_B001277_S174_L002	24_61_M	Thymus	False	1	False	H6_B001277_S174_L002.mus-6-0-1	exact_library_id_plus_documented_alignment_suffix	H6_B001277_S174_L002.mus-6-0-1-1	one_assay_suffix	24m	1	nan	DN4 thymocyte	nan	DN4 thymocyte	facs	24_61_M	598305.0	2053.0	male	Flowthrough	Thymus	nan	6	5
H6_B001386_S114_L003	36.0	2.0	24	H6_B001386_S114_L003	24_58_M	Liver	True	2	True	H6_B001386_S114_L003.mus-2-0-1	exact_library_id_plus_documented_alignment_suffix	H6_B001386_S114_L003.mus-2-0-1-1	one_assay_suffix	24m	1	nan	T cell	nan	nan	facs	24_58_M	2170104.0	2100.0	male	Non-hepatocytes	Liver	nan	4	9
H6_B001397_S42_L001			24	H6_B001397_S42_L001	24_59_M	Thymus	False	1	False	H6_B001397_S42_L001.mus-5-0-1	exact_library_id_plus_documented_alignment_suffix	H6_B001397_S42_L001.mus-5-0-1-1	one_assay_suffix	24m	1	nan	thymocyte	nan	proliferating thymocyte; DN to DP transition, dividing (some are Cd8+/ Cd4+, some undergoing VDJ recombination)	facs	24_59_M	2940669.0	4138.0	male	Flowthrough	Thymus	nan	4	21
H6_B002946_S210_L002	39.0	8.0	24	H6_B002946_S210_L002	24_58_M	Lung	True	8	True	H6_B002946_S210_L002.mus-4-0-1	exact_library_id_plus_documented_alignment_suffix	H6_B002946_S210_L002.mus-4-0-1-1	one_assay_suffix	24m	1	nan	CD8-positive, alpha-beta T cell	nan	CD8+ T	facs	24_58_M	569491.0	1131.0	male	EPCAM	Lung	nan	4	9
H6_B003031_S270_L004			24	H6_B003031_S270_L004	24_60_M	Marrow	False	1	False	H6_B003031_S270_L004.mus-5-0-1	exact_library_id_plus_documented_alignment_suffix	H6_B003031_S270_L004.mus-5-0-1-1	one_assay_suffix	24m	1	nan	promonocyte	nan	monocyte + promonocyte	facs	24_60_M	5101101.0	3314.0	male	T-cells	Marrow	nan	2	4
H7_B000830_S175_L004			24	H7_B000830_S175_L004	24_60_M	Thymus	False	1	False	H7_B000830_S175_L004.mus-8-0-1	exact_library_id_plus_documented_alignment_suffix	H7_B000830_S175_L004.mus-8-0-1-1	one_assay_suffix	24m	1	nan	DN4 thymocyte	nan	DN4 thymocyte	facs	24_60_M	5421739.0	2374.0	male	Flowthrough	Thymus	nan	4	9
H7_B001277_S175_L002			24	H7_B001277_S175_L002	24_61_M	Thymus	False	1	False	H7_B001277_S175_L002.mus-6-0-1	exact_library_id_plus_documented_alignment_suffix	H7_B001277_S175_L002.mus-6-0-1-1	one_assay_suffix	24m	1	nan	DN4 thymocyte	nan	DN4 thymocyte	facs	24_61_M	738360.0	2066.0	male	Flowthrough	Thymus	nan	6	5
H7_B001385_S247_L003			24	H7_B001385_S247_L003	24_58_M	Thymus	False	1	False	H7_B001385_S247_L003.mus-4-0-1	exact_library_id_plus_documented_alignment_suffix	H7_B001385_S247_L003.mus-4-0-1-1	one_assay_suffix	24m	1	nan	DN4 thymocyte	nan	DN4 thymocyte	facs	24_58_M	472810.0	1930.0	male	Flowthrough	Thymus	nan	6	5
H7_B001397_S43_L001			24	H7_B001397_S43_L001	24_59_M	Thymus	False	1	False	H7_B001397_S43_L001.mus-5-0-1	exact_library_id_plus_documented_alignment_suffix	H7_B001397_S43_L001.mus-5-0-1-1	one_assay_suffix	24m	1	nan	DN4 thymocyte	nan	DN4 thymocyte	facs	24_59_M	1350559.0	2431.0	male	Flowthrough	Thymus	nan	6	5
H7_B002875_S43_L001			24	H7_B002875_S43_L001	24_59_M	Lung	False	1	False	H7_B002875_S43_L001.mus-2-0-1	exact_library_id_plus_documented_alignment_suffix	H7_B002875_S43_L001.mus-2-0-1-1	one_assay_suffix	24m	1	nan	CD8-positive, alpha-beta T cell	nan	CD8+ T	facs	24_59_M	1117103.0	1169.0	male	EPCAM	Lung	nan	6	5
H7_B002892_S199			24	H7_B002892_S199	24_58_M	Marrow	False	1	False	H7_B002892_S199.mus-7-0-1	exact_library_id_plus_documented_alignment_suffix	H7_B002892_S199.mus-7-0-1-1	one_assay_suffix	24m	1	nan	CD4-positive, alpha-beta T cell	nan	BM CD4 T cell	facs	24_58_M	1642425.0	1455.0	male	T-cells	Marrow	nan	0	48
H8_B001386_S116_L003	39.0	8.0	24	H8_B001386_S116_L003	24_58_M	Liver	True	8	True	H8_B001386_S116_L003.mus-2-0-1	exact_library_id_plus_documented_alignment_suffix	H8_B001386_S116_L003.mus-2-0-1-1	one_assay_suffix	24m	1	nan	T cell	nan	nan	facs	24_58_M	2030591.0	1778.0	male	Non-hepatocytes	Liver	nan	4	9
H8_B003031_S272_L004			24	H8_B003031_S272_L004	24_60_M	Marrow	False	1	False	H8_B003031_S272_L004.mus-5-0-1	exact_library_id_plus_documented_alignment_suffix	H8_B003031_S272_L004.mus-5-0-1-1	one_assay_suffix	24m	1	nan	CD4-positive, alpha-beta T cell	nan	BM CD4 T cell	facs	24_60_M	673583.0	1632.0	male	T-cells	Marrow	nan	4	48
H8_B003234_S236_L004			24	H8_B003234_S236_L004	24_60_M	Lung	False	1	False	H8_B003234_S236_L004.mus-5-0-1	exact_library_id_plus_documented_alignment_suffix	H8_B003234_S236_L004.mus-5-0-1-1	one_assay_suffix	24m	1	nan	regulatory T cell	nan	Regulatory T	facs	24_60_M	891051.0	1981.0	male	EPCAM	Lung	nan	4	21
H8_B003800_S176_L002			24	H8_B003800_S176_L002	24_61_M	Heart	False	1	False	H8_B003800_S176_L002.mus-6-0-1	exact_library_id_plus_documented_alignment_suffix	H8_B003800_S176_L002.mus-6-0-1-1	one_assay_suffix	24m	1	nan	T cell	nan	T cell	facs	24_61_M	89745.0	1158.0	male	RA	Heart	nan	4	9
H9_B000337_S69_L003			24	H9_B000337_S69_L003	24_60_M	GAT	False	1	False	H9_B000337_S69_L003.mus-0-0-1	exact_library_id_plus_documented_alignment_suffix	H9_B000337_S69_L003.mus-0-0-1-1	one_assay_suffix	24m	1	nan	CD8-positive, alpha-beta T cell	nan	nan	facs	24_60_M	541186.0	1571.0	male	Fat	GAT	nan	4	9
H9_B001183_S117_L003			24	H9_B001183_S117_L003	24_59_M	MAT	False	1	False	H9_B001183_S117_L003.mus-1-0-1	exact_library_id_plus_documented_alignment_suffix	H9_B001183_S117_L003.mus-1-0-1-1	one_assay_suffix	24m	1	nan	CD8-positive, alpha-beta T cell	nan	nan	facs	24_59_M	951637.0	1865.0	male	Fat	MAT	nan	6	5
H9_B001263_S45	91.0	2.0	24	H9_B001263_S45	24_58_M	Spleen	True	2	True	H9_B001263_S45.mus-7-0-1	exact_library_id_plus_documented_alignment_suffix	H9_B001263_S45.mus-7-0-1-1	one_assay_suffix	24m	1	nan	CD8-positive, alpha-beta T cell	nan	nan	facs	24_58_M	417324.0	1510.0	male	nan	Spleen	nan	4	9
H9_B001385_S249_L003			24	H9_B001385_S249_L003	24_58_M	Thymus	False	1	False	H9_B001385_S249_L003.mus-4-0-1	exact_library_id_plus_documented_alignment_suffix	H9_B001385_S249_L003.mus-4-0-1-1	one_assay_suffix	24m	1	nan	DN4 thymocyte	nan	DN4 thymocyte	facs	24_58_M	562756.0	2037.0	male	Flowthrough	Thymus	nan	6	5
H9_B003902_S297_L002	24.0	34.0	24	H9_B003902_S297_L002	24_59_M	Liver	True	34	True	H9_B003902_S297_L002.mus-2-0-1	exact_library_id_plus_documented_alignment_suffix	H9_B003902_S297_L002.mus-2-0-1-1	one_assay_suffix	24m	1	nan	CD8-positive, alpha-beta T cell	nan	nan	facs	24_59_M	815473.0	2086.0	male	Non-hepatocytes	Liver	nan	4	9
I10_B000322_S202_L004			24	I10_B000322_S202_L004	24_61_M	SCAT	False	1	False	I10_B000322_S202_L004.mus-8-0-1	exact_library_id_plus_documented_alignment_suffix	I10_B000322_S202_L004.mus-8-0-1-1	one_assay_suffix	24m	1	nan	NK cell	nan	nan	facs	24_61_M	191139.0	2263.0	male	Fat	SCAT	nan	4	21
I10_B000332_S10_L003			24	I10_B000332_S10_L003	24_60_M	SCAT	False	1	False	I10_B000332_S10_L003.mus-0-0-1	exact_library_id_plus_documented_alignment_suffix	I10_B000332_S10_L003.mus-0-0-1-1	one_assay_suffix	24m	1	nan	NK cell	nan	nan	facs	24_60_M	118915.0	899.0	male	Fat	SCAT	nan	4	21
I10_B000830_S202_L004	90.0	2.0	24	I10_B000830_S202_L004	24_60_M	Thymus	True	2	True	I10_B000830_S202_L004.mus-8-0-1	exact_library_id_plus_documented_alignment_suffix	I10_B000830_S202_L004.mus-8-0-1-1	one_assay_suffix	24m	1	nan	DN4 thymocyte	nan	DN4 thymocyte	facs	24_60_M	659448.0	2476.0	male	Flowthrough	Thymus	nan	4	9
I10_B002892_S226			24	I10_B002892_S226	24_58_M	Marrow	False	1	False	I10_B002892_S226.mus-7-0-1	exact_library_id_plus_documented_alignment_suffix	I10_B002892_S226.mus-7-0-1-1	one_assay_suffix	24m	1	nan	NK cell	nan	Klrb1a/b/c(-) NK cell	facs	24_58_M	956912.0	1921.0	male	T-cells	Marrow	nan	11	7
I10_B003790_S22_L002	3.0	6.0	24	I10_B003790_S22_L002	24_60_M	Heart	True	6	True	I10_B003790_S22_L002.mus-5-0-1	exact_library_id_plus_documented_alignment_suffix	I10_B003790_S22_L002.mus-5-0-1-1	one_assay_suffix	24m	1	nan	T cell	nan	T cell	facs	24_60_M	2231775.0	5214.0	male	RA	Heart	nan	4	9
I11_B000331_S203_L004			24	I11_B000331_S203_L004	24_61_M	GAT	False	1	False	I11_B000331_S203_L004.mus-6-0-1	exact_library_id_plus_documented_alignment_suffix	I11_B000331_S203_L004.mus-6-0-1-1	one_assay_suffix	24m	1	nan	CD8-positive, alpha-beta T cell	nan	nan	facs	24_61_M	294601.0	1880.0	male	Fat	GAT	nan	4	9
I11_B000337_S95_L003			24	I11_B000337_S95_L003	24_60_M	GAT	False	1	False	I11_B000337_S95_L003.mus-0-0-1	exact_library_id_plus_documented_alignment_suffix	I11_B000337_S95_L003.mus-0-0-1-1	one_assay_suffix	24m	1	nan	CD4-positive, alpha-beta T cell	nan	nan	facs	24_60_M	409661.0	1135.0	male	Fat	GAT	nan	4	21
I11_B001188_S155			24	I11_B001188_S155	24_58_M	SCAT	False	1	False	I11_B001188_S155.mus-7-0-1	exact_library_id_plus_documented_alignment_suffix	I11_B001188_S155.mus-7-0-1-1	one_assay_suffix	24m	1	nan	CD8-positive, alpha-beta T cell	nan	nan	facs	24_58_M	228286.0	1500.0	male	Fat	SCAT	nan	4	9
I11_B001277_S203_L002			24	I11_B001277_S203_L002	24_61_M	Thymus	False	1	False	I11_B001277_S203_L002.mus-6-0-1	exact_library_id_plus_documented_alignment_suffix	I11_B001277_S203_L002.mus-6-0-1-1	one_assay_suffix	24m	1	nan	DN4 thymocyte	nan	DN4 thymocyte	facs	24_61_M	1161581.0	3681.0	male	Flowthrough	Thymus	nan	4	9
I11_B001385_S275_L003			24	I11_B001385_S275_L003	24_58_M	Thymus	False	1	False	I11_B001385_S275_L003.mus-4-0-1	exact_library_id_plus_documented_alignment_suffix	I11_B001385_S275_L003.mus-4-0-1-1	one_assay_suffix	24m	1	nan	DN4 thymocyte	nan	DN4 thymocyte	facs	24_58_M	235122.0	1721.0	male	Flowthrough	Thymus	nan	6	5
I11_B001397_S71_L001			24	I11_B001397_S71_L001	24_59_M	Thymus	False	1	False	I11_B001397_S71_L001.mus-5-0-1	exact_library_id_plus_documented_alignment_suffix	I11_B001397_S71_L001.mus-5-0-1-1	one_assay_suffix	24m	1	nan	DN4 thymocyte	nan	DN4 thymocyte	facs	24_59_M	142290.0	1695.0	male	Flowthrough	Thymus	nan	6	5
I11_B003858_S227_L003	0.0	10.0	24	I11_B003858_S227_L003	24_59_M	Heart	True	10	True	I11_B003858_S227_L003.mus-2-0-1	exact_library_id_plus_documented_alignment_suffix	I11_B003858_S227_L003.mus-2-0-1-1	one_assay_suffix	24m	1	nan	T cell	nan	T cell	facs	24_59_M	1184143.0	1495.0	male	RA	Heart	nan	4	9
I12_B000337_S96_L003			24	I12_B000337_S96_L003	24_60_M	GAT	False	1	False	I12_B000337_S96_L003.mus-0-0-1	exact_library_id_plus_documented_alignment_suffix	I12_B000337_S96_L003.mus-0-0-1-1	one_assay_suffix	24m	1	nan	CD4-positive, alpha-beta T cell	nan	nan	facs	24_60_M	615035.0	1389.0	male	Fat	GAT	nan	6	5
I12_B001263_S72	86.0	2.0	24	I12_B001263_S72	24_58_M	Spleen	True	2	True	I12_B001263_S72.mus-7-0-1	exact_library_id_plus_documented_alignment_suffix	I12_B001263_S72.mus-7-0-1-1	one_assay_suffix	24m	1	nan	CD8-positive, alpha-beta T cell	nan	nan	facs	24_58_M	217992.0	1110.0	male	nan	Spleen	nan	4	9
I12_B001277_S204_L002			24	I12_B001277_S204_L002	24_61_M	Thymus	False	1	False	I12_B001277_S204_L002.mus-6-0-1	exact_library_id_plus_documented_alignment_suffix	I12_B001277_S204_L002.mus-6-0-1-1	one_assay_suffix	24m	1	nan	DN4 thymocyte	nan	DN4 thymocyte	facs	24_61_M	851359.0	2972.0	male	Flowthrough	Thymus	nan	21	23
I12_B001397_S72_L001			24	I12_B001397_S72_L001	24_59_M	Thymus	False	1	False	I12_B001397_S72_L001.mus-5-0-1	exact_library_id_plus_documented_alignment_suffix	I12_B001397_S72_L001.mus-5-0-1-1	one_assay_suffix	24m	1	nan	thymocyte	nan	proliferating thymocyte; DN to DP transition, dividing (some are Cd8+/ Cd4+, some undergoing VDJ recombination)	facs	24_59_M	1328683.0	2890.0	male	Flowthrough	Thymus	nan	21	23
I12_B002892_S228			24	I12_B002892_S228	24_58_M	Marrow	False	1	False	I12_B002892_S228.mus-7-0-1	exact_library_id_plus_documented_alignment_suffix	I12_B002892_S228.mus-7-0-1-1	one_assay_suffix	24m	1	nan	mature alpha-beta T cell	nan	BM CD8 + CD4 T cell	facs	24_58_M	760455.0	1311.0	male	T-cells	Marrow	nan	4	48
I13_B000332_S13_L003			24	I13_B000332_S13_L003	24_60_M	SCAT	False	1	False	I13_B000332_S13_L003.mus-0-0-1	exact_library_id_plus_documented_alignment_suffix	I13_B000332_S13_L003.mus-0-0-1-1	one_assay_suffix	24m	1	nan	T cell	nan	nan	facs	24_60_M	125517.0	1170.0	male	Fat	SCAT	nan	6	5
I13_B000848_S181_L003			24	I13_B000848_S181_L003	24_60_M	Spleen	False	1	False	I13_B000848_S181_L003.mus-5-0-1	exact_library_id_plus_documented_alignment_suffix	I13_B000848_S181_L003.mus-5-0-1-1	one_assay_suffix	24m	1	nan	CD4-positive, alpha-beta T cell	nan	Cd3e T cell	facs	24_60_M	488656.0	1886.0	male	nan	Spleen	nan	6	5
I13_B001183_S145_L003			24	I13_B001183_S145_L003	24_59_M	MAT	False	1	False	I13_B001183_S145_L003.mus-1-0-1	exact_library_id_plus_documented_alignment_suffix	I13_B001183_S145_L003.mus-1-0-1-1	one_assay_suffix	24m	1	nan	CD8-positive, alpha-beta T cell	nan	nan	facs	24_59_M	2349834.0	1938.0	male	Fat	MAT	nan	4	9
I13_B001190_S241			24	I13_B001190_S241	24_58_M	MAT	False	1	False	I13_B001190_S241.mus-7-0-1	exact_library_id_plus_documented_alignment_suffix	I13_B001190_S241.mus-7-0-1-1	one_assay_suffix	24m	1	nan	CD8-positive, alpha-beta T cell	nan	nan	facs	24_58_M	384897.0	1492.0	male	Fat	MAT	nan	6	5
I13_B001397_S73_L001			24	I13_B001397_S73_L001	24_59_M	Thymus	False	1	False	I13_B001397_S73_L001.mus-5-0-1	exact_library_id_plus_documented_alignment_suffix	I13_B001397_S73_L001.mus-5-0-1-1	one_assay_suffix	24m	1	nan	thymocyte	nan	proliferating thymocyte; DN to DP transition, dividing (some are Cd8+/ Cd4+, some undergoing VDJ recombination)	facs	24_59_M	235240.0	2624.0	male	Flowthrough	Thymus	nan	21	23
I13_B002900_S13_L003			24	I13_B002900_S13_L003	24_59_M	GAT	False	1	False	I13_B002900_S13_L003.mus-4-0-1	exact_library_id_plus_documented_alignment_suffix	I13_B002900_S13_L003.mus-4-0-1-1	one_assay_suffix	24m	1	nan	CD4-positive, alpha-beta T cell	nan	nan	facs	24_59_M	2117188.0	2500.0	male	Fat	GAT	nan	4	21
I14_B000337_S98_L003			24	I14_B000337_S98_L003	24_60_M	GAT	False	1	False	I14_B000337_S98_L003.mus-0-0-1	exact_library_id_plus_documented_alignment_suffix	I14_B000337_S98_L003.mus-0-0-1-1	one_assay_suffix	24m	1	nan	CD4-positive, alpha-beta T cell	nan	nan	facs	24_60_M	831701.0	1442.0	male	Fat	GAT	nan	6	5
I14_B001183_S146_L003			24	I14_B001183_S146_L003	24_59_M	MAT	False	1	False	I14_B001183_S146_L003.mus-1-0-1	exact_library_id_plus_documented_alignment_suffix	I14_B001183_S146_L003.mus-1-0-1-1	one_assay_suffix	24m	1	nan	CD4-positive, alpha-beta T cell	nan	nan	facs	24_59_M	1656500.0	1874.0	male	Fat	MAT	nan	4	21
I14_B001397_S74_L001			24	I14_B001397_S74_L001	24_59_M	Thymus	False	1	False	I14_B001397_S74_L001.mus-5-0-1	exact_library_id_plus_documented_alignment_suffix	I14_B001397_S74_L001.mus-5-0-1-1	one_assay_suffix	24m	1	nan	thymocyte	nan	proliferating thymocyte; DN to DP transition, dividing (some are Cd8+/ Cd4+, some undergoing VDJ recombination)	facs	24_59_M	2729232.0	3964.0	male	Flowthrough	Thymus	nan	21	23
I14_B002327_S182_L003			24	I14_B002327_S182_L003	24_59_M	Marrow	False	1	False	I14_B002327_S182_L003.mus-0-0-1	exact_library_id_plus_documented_alignment_suffix	I14_B002327_S182_L003.mus-0-0-1-1	one_assay_suffix	24m	1	nan	macrophage	nan	CD4+ macrophage	facs	24_59_M	733036.0	3241.0	male	B-cells	Marrow	nan	4	17
I14_B002898_S290			24	I14_B002898_S290	24_58_M	GAT	False	1	False	I14_B002898_S290.mus-7-0-1	exact_library_id_plus_documented_alignment_suffix	I14_B002898_S290.mus-7-0-1-1	one_assay_suffix	24m	1	nan	CD4-positive, alpha-beta T cell	nan	nan	facs	24_58_M	367866.0	975.0	male	Fat	GAT	nan	6	5
I15_B000331_S207_L004			24	I15_B000331_S207_L004	24_61_M	GAT	False	1	False	I15_B000331_S207_L004.mus-6-0-1	exact_library_id_plus_documented_alignment_suffix	I15_B000331_S207_L004.mus-6-0-1-1	one_assay_suffix	24m	1	nan	CD8-positive, alpha-beta T cell	nan	nan	facs	24_61_M	105337.0	1633.0	male	Fat	GAT	nan	4	21
I15_B001183_S147_L003			24	I15_B001183_S147_L003	24_59_M	MAT	False	1	False	I15_B001183_S147_L003.mus-1-0-1	exact_library_id_plus_documented_alignment_suffix	I15_B001183_S147_L003.mus-1-0-1-1	one_assay_suffix	24m	1	nan	CD4-positive, alpha-beta T cell	nan	nan	facs	24_59_M	390937.0	1302.0	male	Fat	MAT	nan	4	21
I15_B001188_S159			24	I15_B001188_S159	24_58_M	SCAT	False	1	False	I15_B001188_S159.mus-7-0-1	exact_library_id_plus_documented_alignment_suffix	I15_B001188_S159.mus-7-0-1-1	one_assay_suffix	24m	1	nan	NK cell	nan	nan	facs	24_58_M	300030.0	1962.0	male	Fat	SCAT	nan	4	21
I15_B001190_S243			24	I15_B001190_S243	24_58_M	MAT	False	1	False	I15_B001190_S243.mus-7-0-1	exact_library_id_plus_documented_alignment_suffix	I15_B001190_S243.mus-7-0-1-1	one_assay_suffix	24m	1	nan	CD8-positive, alpha-beta T cell	nan	nan	facs	24_58_M	566169.0	1597.0	male	Fat	MAT	nan	4	9
I15_B001385_S279_L003			24	I15_B001385_S279_L003	24_58_M	Thymus	False	1	False	I15_B001385_S279_L003.mus-4-0-1	exact_library_id_plus_documented_alignment_suffix	I15_B001385_S279_L003.mus-4-0-1-1	one_assay_suffix	24m	1	nan	thymocyte	nan	proliferating thymocyte; DN to DP transition, dividing (some are Cd8+/ Cd4+, some undergoing VDJ recombination)	facs	24_58_M	345706.0	2415.0	male	Flowthrough	Thymus	nan	21	23
I15_B003902_S27_L002	38.0	8.0	24	I15_B003902_S27_L002	24_59_M	Liver	True	7	True	I15_B003902_S27_L002.mus-2-0-1	exact_library_id_plus_documented_alignment_suffix	I15_B003902_S27_L002.mus-2-0-1-1	one_assay_suffix	24m	1	nan	T cell	nan	nan	facs	24_59_M	189077.0	2439.0	male	Non-hepatocytes	Liver	nan	4	9
I16_B001190_S244	39.0	8.0	24	I16_B001190_S244	24_58_M	MAT	True	8	True	I16_B001190_S244.mus-7-0-1	exact_library_id_plus_documented_alignment_suffix	I16_B001190_S244.mus-7-0-1-1	one_assay_suffix	24m	1	nan	CD8-positive, alpha-beta T cell	nan	nan	facs	24_58_M	377890.0	1287.0	male	Fat	MAT	nan	4	9
I16_B001259_S136_L004			24	I16_B001259_S136_L004	24_58_M	Kidney	False	1	False	I16_B001259_S136_L004.mus-4-0-1	exact_library_id_plus_documented_alignment_suffix	I16_B001259_S136_L004.mus-4-0-1-1	one_assay_suffix	24m	1	nan	T cell	nan	T cell	facs	24_58_M	416641.0	1254.0	male	nan	Kidney	nan	4	9
I16_B001385_S280_L003			24	I16_B001385_S280_L003	24_58_M	Thymus	False	1	False	I16_B001385_S280_L003.mus-4-0-1	exact_library_id_plus_documented_alignment_suffix	I16_B001385_S280_L003.mus-4-0-1-1	one_assay_suffix	24m	1	nan	thymocyte	nan	proliferating thymocyte; DN to DP transition, dividing (some are Cd8+/ Cd4+, some undergoing VDJ recombination)	facs	24_58_M	539443.0	2453.0	male	Flowthrough	Thymus	nan	21	23
I16_B001397_S76_L001			24	I16_B001397_S76_L001	24_59_M	Thymus	False	1	False	I16_B001397_S76_L001.mus-5-0-1	exact_library_id_plus_documented_alignment_suffix	I16_B001397_S76_L001.mus-5-0-1-1	one_assay_suffix	24m	1	nan	thymocyte	nan	proliferating thymocyte; DN to DP transition, dividing (some are Cd8+/ Cd4+, some undergoing VDJ recombination)	facs	24_59_M	2677770.0	4994.0	male	Flowthrough	Thymus	nan	21	23
I16_B002892_S232			24	I16_B002892_S232	24_58_M	Marrow	False	1	False	I16_B002892_S232.mus-7-0-1	exact_library_id_plus_documented_alignment_suffix	I16_B002892_S232.mus-7-0-1-1	one_assay_suffix	24m	1	nan	promonocyte	nan	monocyte + promonocyte	facs	24_58_M	4401159.0	3333.0	male	T-cells	Marrow	nan	2	17
I16_B002907_S232_L003	12.0	9.0	24	I16_B002907_S232_L003	24_59_M	SCAT	True	9	True	I16_B002907_S232_L003.mus-1-0-1	exact_library_id_plus_documented_alignment_suffix	I16_B002907_S232_L003.mus-1-0-1-1	one_assay_suffix	24m	1	nan	epithelial cell	nan	nan	facs	24_59_M	719049.0	3034.0	male	Fat	SCAT	nan	4	21
I17_B001385_S281_L003			24	I17_B001385_S281_L003	24_58_M	Thymus	False	1	False	I17_B001385_S281_L003.mus-4-0-1	exact_library_id_plus_documented_alignment_suffix	I17_B001385_S281_L003.mus-4-0-1-1	one_assay_suffix	24m	1	nan	thymocyte	nan	proliferating thymocyte; DN to DP transition, dividing (some are Cd8+/ Cd4+, some undergoing VDJ recombination)	facs	24_58_M	568716.0	2660.0	male	Flowthrough	Thymus	nan	21	23
I18_B000342_S210_L004			24	I18_B000342_S210_L004	24_61_M	Lung	False	1	False	I18_B000342_S210_L004.mus-6-0-1	exact_library_id_plus_documented_alignment_suffix	I18_B000342_S210_L004.mus-6-0-1-1	one_assay_suffix	24m	1	nan	CD8-positive, alpha-beta T cell	nan	CD8+ T	facs	24_61_M	453580.0	1322.0	male	EPCAM	Lung	nan	4	9
I18_B001277_S210_L002			24	I18_B001277_S210_L002	24_61_M	Thymus	False	1	False	I18_B001277_S210_L002.mus-6-0-1	exact_library_id_plus_documented_alignment_suffix	I18_B001277_S210_L002.mus-6-0-1-1	one_assay_suffix	24m	1	nan	thymocyte	nan	proliferating thymocyte; DN to DP transition, dividing (some are Cd8+/ Cd4+, some undergoing VDJ recombination)	facs	24_61_M	217537.0	2686.0	male	Flowthrough	Thymus	nan	21	23
I18_B001397_S78_L001			24	I18_B001397_S78_L001	24_59_M	Thymus	False	1	False	I18_B001397_S78_L001.mus-5-0-1	exact_library_id_plus_documented_alignment_suffix	I18_B001397_S78_L001.mus-5-0-1-1	one_assay_suffix	24m	1	nan	thymocyte	nan	proliferating thymocyte; DN to DP transition, dividing (some are Cd8+/ Cd4+, some undergoing VDJ recombination)	facs	24_59_M	316485.0	2972.0	male	Flowthrough	Thymus	nan	21	23
I18_B003031_S6_L004			24	I18_B003031_S6_L004	24_60_M	Marrow	False	1	False	I18_B003031_S6_L004.mus-5-0-1	exact_library_id_plus_documented_alignment_suffix	I18_B003031_S6_L004.mus-5-0-1-1	one_assay_suffix	24m	1	nan	mature alpha-beta T cell	nan	BM CD8 + CD4 T cell	facs	24_60_M	69953.0	2008.0	male	T-cells	Marrow	nan	4	48
I18_B003234_S270_L004	3.0	6.0	24	I18_B003234_S270_L004	24_60_M	Lung	True	6	True	I18_B003234_S270_L004.mus-5-0-1	exact_library_id_plus_documented_alignment_suffix	I18_B003234_S270_L004.mus-5-0-1-1	one_assay_suffix	24m	1	nan	CD8-positive, alpha-beta T cell	nan	CD8+ T	facs	24_60_M	549569.0	1695.0	male	EPCAM	Lung	nan	4	9
I19_B001397_S79_L001			24	I19_B001397_S79_L001	24_59_M	Thymus	False	1	False	I19_B001397_S79_L001.mus-5-0-1	exact_library_id_plus_documented_alignment_suffix	I19_B001397_S79_L001.mus-5-0-1-1	one_assay_suffix	24m	1	nan	thymocyte	nan	proliferating thymocyte; DN to DP transition, dividing (some are Cd8+/ Cd4+, some undergoing VDJ recombination)	facs	24_59_M	79498.0	2325.0	male	Flowthrough	Thymus	nan	21	23
I19_B002875_S79_L001	24.0	34.0	24	I19_B002875_S79_L001	24_59_M	Lung	True	34	True	I19_B002875_S79_L001.mus-2-0-1	exact_library_id_plus_documented_alignment_suffix	I19_B002875_S79_L001.mus-2-0-1-1	one_assay_suffix	24m	1	nan	CD8-positive, alpha-beta T cell	nan	CD8+ T	facs	24_59_M	1085965.0	1050.0	male	EPCAM	Lung	nan	4	9
I1_B001277_S193_L002			24	I1_B001277_S193_L002	24_61_M	Thymus	False	1	False	I1_B001277_S193_L002.mus-6-0-1	exact_library_id_plus_documented_alignment_suffix	I1_B001277_S193_L002.mus-6-0-1-1	one_assay_suffix	24m	1	nan	DN4 thymocyte	nan	DN4 thymocyte	facs	24_61_M	109752.0	1967.0	male	Flowthrough	Thymus	nan	6	5
I1_B001385_S265_L003			24	I1_B001385_S265_L003	24_58_M	Thymus	False	1	False	I1_B001385_S265_L003.mus-4-0-1	exact_library_id_plus_documented_alignment_suffix	I1_B001385_S265_L003.mus-4-0-1-1	one_assay_suffix	24m	1	nan	DN4 thymocyte	nan	DN4 thymocyte	facs	24_58_M	622504.0	1913.0	male	Flowthrough	Thymus	nan	4	9
I1_B001397_S61_L001			24	I1_B001397_S61_L001	24_59_M	Thymus	False	1	False	I1_B001397_S61_L001.mus-5-0-1	exact_library_id_plus_documented_alignment_suffix	I1_B001397_S61_L001.mus-5-0-1-1	one_assay_suffix	24m	1	nan	DN4 thymocyte	nan	DN4 thymocyte	facs	24_59_M	344928.0	1721.0	male	Flowthrough	Thymus	nan	6	5
I1_B008782_S85_L004	24.0	34.0	24	I1_B008782_S85_L004	24_59_M	Liver	True	34	True	I1_B008782_S85_L004.mus-1-0-1	exact_library_id_plus_documented_alignment_suffix	I1_B008782_S85_L004.mus-1-0-1-1	one_assay_suffix	24m	1	nan	Kupffer cell	nan	Kupffer cell	facs	24_59_M	3395398.0	9454.0	male	Hepatocytes	Liver	nan	36	33
I20_B000342_S212_L004	51.0	6.0	24	I20_B000342_S212_L004	24_61_M	Lung	True	6	True	I20_B000342_S212_L004.mus-6-0-1	exact_library_id_plus_documented_alignment_suffix	I20_B000342_S212_L004.mus-6-0-1-1	one_assay_suffix	24m	1	nan	CD8-positive, alpha-beta T cell	nan	CD8+ T	facs	24_61_M	628080.0	1352.0	male	EPCAM	Lung	nan	4	9
I20_B001263_S80			24	I20_B001263_S80	24_58_M	Spleen	False	1	False	I20_B001263_S80.mus-7-0-1	exact_library_id_plus_documented_alignment_suffix	I20_B001263_S80.mus-7-0-1-1	one_assay_suffix	24m	1	nan	CD8-positive, alpha-beta T cell	nan	nan	facs	24_58_M	1548794.0	1786.0	male	nan	Spleen	nan	4	9
I20_B001265_S200_L002			24	I20_B001265_S200_L002	24_59_M	Spleen	False	1	False	I20_B001265_S200_L002.mus-2-0-1	exact_library_id_plus_documented_alignment_suffix	I20_B001265_S200_L002.mus-2-0-1-1	one_assay_suffix	24m	1	nan	CD4-positive, alpha-beta T cell	nan	Cd3e T cell	facs	24_59_M	1198882.0	1390.0	male	nan	Spleen	nan	4	21
I20_B001277_S212_L002			24	I20_B001277_S212_L002	24_61_M	Thymus	False	1	False	I20_B001277_S212_L002.mus-6-0-1	exact_library_id_plus_documented_alignment_suffix	I20_B001277_S212_L002.mus-6-0-1-1	one_assay_suffix	24m	1	nan	thymocyte	nan	proliferating thymocyte; DN to DP transition, dividing (some are Cd8+/ Cd4+, some undergoing VDJ recombination)	facs	24_61_M	937058.0	2974.0	male	Flowthrough	Thymus	nan	21	23
I20_B001397_S80_L001			24	I20_B001397_S80_L001	24_59_M	Thymus	False	1	False	I20_B001397_S80_L001.mus-5-0-1	exact_library_id_plus_documented_alignment_suffix	I20_B001397_S80_L001.mus-5-0-1-1	one_assay_suffix	24m	1	nan	thymocyte	nan	proliferating thymocyte; DN to DP transition, dividing (some are Cd8+/ Cd4+, some undergoing VDJ recombination)	facs	24_59_M	124357.0	2557.0	male	Flowthrough	Thymus	nan	21	23
I20_B001615_S248_L001	4.0	2.0	24	I20_B001615_S248_L001	24_60_M	Brain_Non-Myeloid	True	2	True	I20_B001615_S248_L001.mus-0-0-1	exact_library_id_plus_documented_alignment_suffix		unmatched																
I20_B002982_S224_L004			24	I20_B002982_S224_L004	24_60_M	Lung	False	1	False	I20_B002982_S224_L004.mus-0-0-1	exact_library_id_plus_documented_alignment_suffix	I20_B002982_S224_L004.mus-0-0-1-1	one_assay_suffix	24m	1	nan	regulatory T cell	nan	Regulatory T	facs	24_60_M	72535.0	1041.0	male	Endomucin	Lung	nan	4	21
I20_B003902_S32_L002	24.0	34.0	24	I20_B003902_S32_L002	24_59_M	Liver	True	34	True	I20_B003902_S32_L002.mus-2-0-1	exact_library_id_plus_documented_alignment_suffix	I20_B003902_S32_L002.mus-2-0-1-1	one_assay_suffix	24m	1	nan	CD8-positive, alpha-beta T cell	nan	nan	facs	24_59_M	43504.0	1241.0	male	Non-hepatocytes	Liver	nan	4	9
I21_B001242_S105			24	I21_B001242_S105	24_58_M	Liver	False	1	False	I21_B001242_S105.mus-7-0-1	exact_library_id_plus_documented_alignment_suffix	I21_B001242_S105.mus-7-0-1-1	one_assay_suffix	24m	1	nan	CD4-positive, alpha-beta T cell	nan	nan	facs	24_58_M	2235406.0	1488.0	male	Non-hepatocytes	Liver	nan	4	21
I21_B001277_S213_L002			24	I21_B001277_S213_L002	24_61_M	Thymus	False	1	False	I21_B001277_S213_L002.mus-6-0-1	exact_library_id_plus_documented_alignment_suffix	I21_B001277_S213_L002.mus-6-0-1-1	one_assay_suffix	24m	1	nan	thymocyte	nan	proliferating thymocyte; DN to DP transition, dividing (some are Cd8+/ Cd4+, some undergoing VDJ recombination)	facs	24_61_M	2068527.0	4731.0	male	Flowthrough	Thymus	nan	21	23
I21_B002881_S297_L001			24	I21_B002881_S297_L001	24_59_M	Trachea	False	1	False	I21_B002881_S297_L001.mus-2-0-1	exact_library_id_plus_documented_alignment_suffix	I21_B002881_S297_L001.mus-2-0-1-1	one_assay_suffix	24m	1	nan	T cell	nan	nan	facs	24_59_M	354666.0	1030.0	male	nan	Trachea	nan	4	21
I21_B002988_S225_L004			24	I21_B002988_S225_L004	24_60_M	Trachea	False	1	False	I21_B002988_S225_L004.mus-5-0-1	exact_library_id_plus_documented_alignment_suffix	I21_B002988_S225_L004.mus-5-0-1-1	one_assay_suffix	24m	1	nan	T cell	nan	nan	facs	24_60_M	571130.0	1288.0	male	nan	Trachea	nan	4	9
I22_B001242_S106			24	I22_B001242_S106	24_58_M	Liver	False	1	False	I22_B001242_S106.mus-7-0-1	exact_library_id_plus_documented_alignment_suffix	I22_B001242_S106.mus-7-0-1-1	one_assay_suffix	24m	1	nan	T cell	nan	nan	facs	24_58_M	2515517.0	1245.0	male	Non-hepatocytes	Liver	nan	4	9
I22_B001243_S118_L002			24	I22_B001243_S118_L002	24_59_M	Liver	False	1	False	I22_B001243_S118_L002.mus-2-0-1	exact_library_id_plus_documented_alignment_suffix	I22_B001243_S118_L002.mus-2-0-1-1	one_assay_suffix	24m	1	nan	CD4-positive, alpha-beta T cell	nan	nan	facs	24_59_M	137374.0	718.0	male	Non-hepatocytes	Liver	nan	4	21
I22_B001277_S214_L002			24	I22_B001277_S214_L002	24_61_M	Thymus	False	1	False	I22_B001277_S214_L002.mus-6-0-1	exact_library_id_plus_documented_alignment_suffix	I22_B001277_S214_L002.mus-6-0-1-1	one_assay_suffix	24m	1	nan	thymocyte	nan	proliferating thymocyte; DN to DP transition, dividing (some are Cd8+/ Cd4+, some undergoing VDJ recombination)	facs	24_61_M	2431995.0	4664.0	male	Flowthrough	Thymus	nan	21	23
I22_B003902_S34_L002	24.0	34.0	24	I22_B003902_S34_L002	24_59_M	Liver	True	34	True	I22_B003902_S34_L002.mus-2-0-1	exact_library_id_plus_documented_alignment_suffix	I22_B003902_S34_L002.mus-2-0-1-1	one_assay_suffix	24m	1	nan	CD8-positive, alpha-beta T cell	nan	nan	facs	24_59_M	67553.0	1139.0	male	Non-hepatocytes	Liver	nan	4	9
I2_B002949_S266_L002			24	I2_B002949_S266_L002	24_59_M	Marrow	False	1	False	I2_B002949_S266_L002.mus-5-0-1	exact_library_id_plus_documented_alignment_suffix	I2_B002949_S266_L002.mus-5-0-1-1	one_assay_suffix	24m	1	nan	CD4-positive, alpha-beta T cell	nan	BM CD4 T cell	facs	24_59_M	4093242.0	3357.0	male	T-cells	Marrow	nan	4	48
I3_B001277_S195_L002			24	I3_B001277_S195_L002	24_61_M	Thymus	False	1	False	I3_B001277_S195_L002.mus-6-0-1	exact_library_id_plus_documented_alignment_suffix	I3_B001277_S195_L002.mus-6-0-1-1	one_assay_suffix	24m	1	nan	DN4 thymocyte	nan	DN4 thymocyte	facs	24_61_M	613712.0	1990.0	male	Flowthrough	Thymus	nan	4	5
I3_B001385_S267_L003			24	I3_B001385_S267_L003	24_58_M	Thymus	False	1	False	I3_B001385_S267_L003.mus-4-0-1	exact_library_id_plus_documented_alignment_suffix	I3_B001385_S267_L003.mus-4-0-1-1	one_assay_suffix	24m	1	nan	DN4 thymocyte	nan	DN4 thymocyte	facs	24_58_M	124297.0	2311.0	male	Flowthrough	Thymus	nan	21	23
I3_B001397_S63_L001			24	I3_B001397_S63_L001	24_59_M	Thymus	False	1	False	I3_B001397_S63_L001.mus-5-0-1	exact_library_id_plus_documented_alignment_suffix	I3_B001397_S63_L001.mus-5-0-1-1	one_assay_suffix	24m	1	nan	DN4 thymocyte	nan	DN4 thymocyte	facs	24_59_M	666840.0	2828.0	male	Flowthrough	Thymus	nan	6	5
I3_B003232_S267_L002	7.0	12.0	24	I3_B003232_S267_L002	24_60_M	Brain_Non-Myeloid	True	12	True	I3_B003232_S267_L002.mus-0-0-1	exact_library_id_plus_documented_alignment_suffix	I3_B003232_S267_L002.mus-0-0-1-1	one_assay_suffix	24m	1	nan	CD8-positive, alpha-beta T cell	nan	nan	facs	24_60_M	4462781.0	1299.0	male	Cerebellum	Brain_Non-Myeloid	nan	4	9
I4_B001265_S184_L002			24	I4_B001265_S184_L002	24_59_M	Spleen	False	1	False	I4_B001265_S184_L002.mus-2-0-1	exact_library_id_plus_documented_alignment_suffix	I4_B001265_S184_L002.mus-2-0-1-1	one_assay_suffix	24m	1	nan	CD4-positive, alpha-beta T cell	nan	nan	facs	24_59_M	2419391.0	2304.0	male	nan	Spleen	nan	4	9
I4_B001385_S268_L003			24	I4_B001385_S268_L003	24_58_M	Thymus	False	1	False	I4_B001385_S268_L003.mus-4-0-1	exact_library_id_plus_documented_alignment_suffix	I4_B001385_S268_L003.mus-4-0-1-1	one_assay_suffix	24m	1	nan	DN4 thymocyte	nan	DN4 thymocyte	facs	24_58_M	866747.0	2312.0	male	Flowthrough	Thymus	nan	4	21
I4_B002875_S64_L001			24	I4_B002875_S64_L001	24_59_M	Lung	False	1	False	I4_B002875_S64_L001.mus-2-0-1	exact_library_id_plus_documented_alignment_suffix	I4_B002875_S64_L001.mus-2-0-1-1	one_assay_suffix	24m	1	nan	regulatory T cell	nan	Regulatory T	facs	24_59_M	962101.0	1195.0	male	EPCAM	Lung	nan	4	21
I5_B000830_S197_L004			24	I5_B000830_S197_L004	24_60_M	Thymus	False	1	False	I5_B000830_S197_L004.mus-8-0-1	exact_library_id_plus_documented_alignment_suffix	I5_B000830_S197_L004.mus-8-0-1-1	one_assay_suffix	24m	1	nan	DN4 thymocyte	nan	DN4 thymocyte	facs	24_60_M	82844.0	1074.0	male	Flowthrough	Thymus	nan	4	21
I5_B000848_S173_L003	81.0	2.0	24	I5_B000848_S173_L003	24_60_M	Spleen	True	2	True	I5_B000848_S173_L003.mus-5-0-1	exact_library_id_plus_documented_alignment_suffix	I5_B000848_S173_L003.mus-5-0-1-1	one_assay_suffix	24m	1	nan	CD8-positive, alpha-beta T cell	nan	nan	facs	24_60_M	2350786.0	3703.0	male	nan	Spleen	nan	4	9
I5_B001263_S65			24	I5_B001263_S65	24_58_M	Spleen	False	1	False	I5_B001263_S65.mus-7-0-1	exact_library_id_plus_documented_alignment_suffix	I5_B001263_S65.mus-7-0-1-1	one_assay_suffix	24m	1	nan	CD4-positive, alpha-beta T cell	nan	Cd3e T cell	facs	24_58_M	547524.0	1553.0	male	nan	Spleen	nan	4	21
I5_B001265_S185_L002			24	I5_B001265_S185_L002	24_59_M	Spleen	False	1	False	I5_B001265_S185_L002.mus-2-0-1	exact_library_id_plus_documented_alignment_suffix	I5_B001265_S185_L002.mus-2-0-1-1	one_assay_suffix	24m	1	nan	CD4-positive, alpha-beta T cell	nan	Cd3e T cell	facs	24_59_M	1607081.0	1845.0	male	nan	Spleen	nan	4	21
I5_B001277_S197_L002	42.0	10.0	24	I5_B001277_S197_L002	24_61_M	Thymus	True	10	True	I5_B001277_S197_L002.mus-6-0-1	exact_library_id_plus_documented_alignment_suffix	I5_B001277_S197_L002.mus-6-0-1-1	one_assay_suffix	24m	1	nan	DN4 thymocyte	nan	DN4 thymocyte	facs	24_61_M	882902.0	2130.0	male	Flowthrough	Thymus	nan	4	9
I5_B001397_S65_L001			24	I5_B001397_S65_L001	24_59_M	Thymus	False	1	False	I5_B001397_S65_L001.mus-5-0-1	exact_library_id_plus_documented_alignment_suffix	I5_B001397_S65_L001.mus-5-0-1-1	one_assay_suffix	24m	1	nan	DN4 thymocyte	nan	DN4 thymocyte	facs	24_59_M	160162.0	1503.0	male	Flowthrough	Thymus	nan	6	5
I5_B002949_S269_L002	5.0	2.0	24	I5_B002949_S269_L002	24_59_M	Marrow	True	2	True	I5_B002949_S269_L002.mus-5-0-1	exact_library_id_plus_documented_alignment_suffix	I5_B002949_S269_L002.mus-5-0-1-1	one_assay_suffix	24m	1	nan	CD4-positive, alpha-beta T cell	nan	BM CD4 T cell	facs	24_59_M	1295771.0	1580.0	male	T-cells	Marrow	nan	4	21
I5_B002990_S197_L003			24	I5_B002990_S197_L003	24_61_M	Trachea	False	1	False	I5_B002990_S197_L003.mus-6-0-1	exact_library_id_plus_documented_alignment_suffix	I5_B002990_S197_L003.mus-6-0-1-1	one_assay_suffix	24m	1	nan	T cell	nan	nan	facs	24_61_M	418673.0	715.0	male	nan	Trachea	nan	4	21
I5_B003902_S17_L002	24.0	34.0	24	I5_B003902_S17_L002	24_59_M	Liver	True	34	True	I5_B003902_S17_L002.mus-2-0-1	exact_library_id_plus_documented_alignment_suffix	I5_B003902_S17_L002.mus-2-0-1-1	one_assay_suffix	24m	1	nan	CD8-positive, alpha-beta T cell	nan	nan	facs	24_59_M	3424319.0	947.0	male	Non-hepatocytes	Liver	nan	4	9
I6_B000830_S198_L004			24	I6_B000830_S198_L004	24_60_M	Thymus	False	1	False	I6_B000830_S198_L004.mus-8-0-1	exact_library_id_plus_documented_alignment_suffix	I6_B000830_S198_L004.mus-8-0-1-1	one_assay_suffix	24m	1	nan	DN4 thymocyte	nan	DN4 thymocyte	facs	24_60_M	1073541.0	1758.0	male	Flowthrough	Thymus	nan	6	5
I6_B001263_S66			24	I6_B001263_S66	24_58_M	Spleen	False	1	False	I6_B001263_S66.mus-7-0-1	exact_library_id_plus_documented_alignment_suffix	I6_B001263_S66.mus-7-0-1-1	one_assay_suffix	24m	1	nan	CD4-positive, alpha-beta T cell	nan	Cd3e T cell	facs	24_58_M	351479.0	1575.0	male	nan	Spleen	nan	4	21
I6_B001277_S198_L002			24	I6_B001277_S198_L002	24_61_M	Thymus	False	1	False	I6_B001277_S198_L002.mus-6-0-1	exact_library_id_plus_documented_alignment_suffix	I6_B001277_S198_L002.mus-6-0-1-1	one_assay_suffix	24m	1	nan	DN4 thymocyte	nan	DN4 thymocyte	facs	24_61_M	208597.0	1980.0	male	Flowthrough	Thymus	nan	6	5
I6_B003226_S198_L002			24	I6_B003226_S198_L002	24_61_M	Bladder	False	1	False	I6_B003226_S198_L002.mus-8-0-1	exact_library_id_plus_documented_alignment_suffix		unmatched																
I6_B003902_S18_L002	24.0	34.0	24	I6_B003902_S18_L002	24_59_M	Liver	True	34	True	I6_B003902_S18_L002.mus-2-0-1	exact_library_id_plus_documented_alignment_suffix	I6_B003902_S18_L002.mus-2-0-1-1	one_assay_suffix	24m	1	nan	CD8-positive, alpha-beta T cell	nan	nan	facs	24_59_M	3411386.0	786.0	male	Non-hepatocytes	Liver	nan	4	9
I7_B000332_S7_L003			24	I7_B000332_S7_L003	24_60_M	SCAT	False	1	False	I7_B000332_S7_L003.mus-0-0-1	exact_library_id_plus_documented_alignment_suffix	I7_B000332_S7_L003.mus-0-0-1-1	one_assay_suffix	24m	1	nan	T cell	nan	nan	facs	24_60_M	169057.0	1332.0	male	Fat	SCAT	nan	6	5
I7_B000830_S199_L004			24	I7_B000830_S199_L004	24_60_M	Thymus	False	1	False	I7_B000830_S199_L004.mus-8-0-1	exact_library_id_plus_documented_alignment_suffix	I7_B000830_S199_L004.mus-8-0-1-1	one_assay_suffix	24m	1	nan	DN4 thymocyte	nan	DN4 thymocyte	facs	24_60_M	3300382.0	2031.0	male	Flowthrough	Thymus	nan	4	9
I7_B001277_S199_L002			24	I7_B001277_S199_L002	24_61_M	Thymus	False	1	False	I7_B001277_S199_L002.mus-6-0-1	exact_library_id_plus_documented_alignment_suffix	I7_B001277_S199_L002.mus-6-0-1-1	one_assay_suffix	24m	1	nan	DN4 thymocyte	nan	DN4 thymocyte	facs	24_61_M	452372.0	1643.0	male	Flowthrough	Thymus	nan	6	5
I7_B001385_S271_L003			24	I7_B001385_S271_L003	24_58_M	Thymus	False	1	False	I7_B001385_S271_L003.mus-4-0-1	exact_library_id_plus_documented_alignment_suffix	I7_B001385_S271_L003.mus-4-0-1-1	one_assay_suffix	24m	1	nan	DN4 thymocyte	nan	DN4 thymocyte	facs	24_58_M	404546.0	1647.0	male	Flowthrough	Thymus	nan	6	5
I8_B000830_S200_L004			24	I8_B000830_S200_L004	24_60_M	Thymus	False	1	False	I8_B000830_S200_L004.mus-8-0-1	exact_library_id_plus_documented_alignment_suffix	I8_B000830_S200_L004.mus-8-0-1-1	one_assay_suffix	24m	1	nan	DN4 thymocyte	nan	DN4 thymocyte	facs	24_60_M	7223612.0	2338.0	male	Flowthrough	Thymus	nan	4	21
I8_B001261_S176_L003	14.0	6.0	24	I8_B001261_S176_L003	24_59_M	Kidney	True	6	True	I8_B001261_S176_L003.mus-2-0-1	exact_library_id_plus_documented_alignment_suffix	I8_B001261_S176_L003.mus-2-0-1-1	one_assay_suffix	24m	1	nan	T cell	nan	T cell	facs	24_59_M	2410895.0	2265.0	male	nan	Kidney	nan	4	21
I8_B001385_S272_L003			24	I8_B001385_S272_L003	24_58_M	Thymus	False	1	False	I8_B001385_S272_L003.mus-4-0-1	exact_library_id_plus_documented_alignment_suffix	I8_B001385_S272_L003.mus-4-0-1-1	one_assay_suffix	24m	1	nan	DN4 thymocyte	nan	DN4 thymocyte	facs	24_58_M	211103.0	1484.0	male	Flowthrough	Thymus	nan	4	9
I8_B002988_S212_L004			24	I8_B002988_S212_L004	24_60_M	Trachea	False	1	False	I8_B002988_S212_L004.mus-5-0-1	exact_library_id_plus_documented_alignment_suffix	I8_B002988_S212_L004.mus-5-0-1-1	one_assay_suffix	24m	1	nan	T cell	nan	nan	facs	24_60_M	1569815.0	1943.0	male	nan	Trachea	nan	4	21
I8_B002992_S200_L003			24	I8_B002992_S200_L003	24_61_M	Marrow	False	1	False	I8_B002992_S200_L003.mus-8-0-1	exact_library_id_plus_documented_alignment_suffix	I8_B002992_S200_L003.mus-8-0-1-1	one_assay_suffix	24m	1	nan	mature alpha-beta T cell	nan	BM CD8 + CD4 T cell	facs	24_61_M	2943643.0	1073.0	male	T-cells	Marrow	nan	4	9
I8_B003800_S200_L002	89.0	2.0	24	I8_B003800_S200_L002	24_61_M	Heart	True	2	True	I8_B003800_S200_L002.mus-6-0-1	exact_library_id_plus_documented_alignment_suffix	I8_B003800_S200_L002.mus-6-0-1-1	one_assay_suffix	24m	1	nan	T cell	nan	T cell	facs	24_61_M	3177709.0	1144.0	male	RA	Heart	nan	4	9
I9_B000331_S201_L004			24	I9_B000331_S201_L004	24_61_M	GAT	False	1	False	I9_B000331_S201_L004.mus-6-0-1	exact_library_id_plus_documented_alignment_suffix	I9_B000331_S201_L004.mus-6-0-1-1	one_assay_suffix	24m	1	nan	CD4-positive, alpha-beta T cell	nan	nan	facs	24_61_M	138715.0	1573.0	male	Fat	GAT	nan	6	5
I9_B001183_S141_L003			24	I9_B001183_S141_L003	24_59_M	MAT	False	1	False	I9_B001183_S141_L003.mus-1-0-1	exact_library_id_plus_documented_alignment_suffix	I9_B001183_S141_L003.mus-1-0-1-1	one_assay_suffix	24m	1	nan	CD8-positive, alpha-beta T cell	nan	nan	facs	24_59_M	1228395.0	1764.0	male	Fat	MAT	nan	4	5
I9_B001277_S201_L002			24	I9_B001277_S201_L002	24_61_M	Thymus	False	1	False	I9_B001277_S201_L002.mus-6-0-1	exact_library_id_plus_documented_alignment_suffix	I9_B001277_S201_L002.mus-6-0-1-1	one_assay_suffix	24m	1	nan	DN4 thymocyte	nan	DN4 thymocyte	facs	24_61_M	849559.0	2173.0	male	Flowthrough	Thymus	nan	6	5
I9_B002875_S69_L001			24	I9_B002875_S69_L001	24_59_M	Lung	False	1	False	I9_B002875_S69_L001.mus-2-0-1	exact_library_id_plus_documented_alignment_suffix		unmatched																
I9_B002900_S9_L003			24	I9_B002900_S9_L003	24_59_M	GAT	False	1	False	I9_B002900_S9_L003.mus-4-0-1	exact_library_id_plus_documented_alignment_suffix	I9_B002900_S9_L003.mus-4-0-1-1	one_assay_suffix	24m	1	nan	CD8-positive, alpha-beta T cell	nan	nan	facs	24_59_M	435489.0	1555.0	male	Fat	GAT	nan	4	9
I9_B002949_S273_L002			24	I9_B002949_S273_L002	24_59_M	Marrow	False	1	False	I9_B002949_S273_L002.mus-5-0-1	exact_library_id_plus_documented_alignment_suffix	I9_B002949_S273_L002.mus-5-0-1-1	one_assay_suffix	24m	1	nan	CD4-positive, alpha-beta T cell	nan	BM CD4 T cell	facs	24_59_M	2392327.0	2314.0	male	T-cells	Marrow	nan	4	48
I9_B003902_S21_L002	24.0	34.0	24	I9_B003902_S21_L002	24_59_M	Liver	True	34	True	I9_B003902_S21_L002.mus-2-0-1	exact_library_id_plus_documented_alignment_suffix	I9_B003902_S21_L002.mus-2-0-1-1	one_assay_suffix	24m	1	nan	CD8-positive, alpha-beta T cell	nan	nan	facs	24_59_M	561612.0	1080.0	male	Non-hepatocytes	Liver	nan	4	9
J10_B000830_S226_L004			24	J10_B000830_S226_L004	24_60_M	Thymus	False	1	False	J10_B000830_S226_L004.mus-8-0-1	exact_library_id_plus_documented_alignment_suffix	J10_B000830_S226_L004.mus-8-0-1-1	one_assay_suffix	24m	1	nan	DN4 thymocyte	nan	DN4 thymocyte	facs	24_60_M	904398.0	2260.0	male	Flowthrough	Thymus	nan	4	9
J10_B001190_S262			24	J10_B001190_S262	24_58_M	MAT	False	1	False	J10_B001190_S262.mus-7-0-1	exact_library_id_plus_documented_alignment_suffix	J10_B001190_S262.mus-7-0-1-1	one_assay_suffix	24m	1	nan	CD8-positive, alpha-beta T cell	nan	nan	facs	24_58_M	502370.0	1644.0	male	Fat	MAT	nan	4	9
J10_B001277_S226_L002			24	J10_B001277_S226_L002	24_61_M	Thymus	False	1	False	J10_B001277_S226_L002.mus-6-0-1	exact_library_id_plus_documented_alignment_suffix	J10_B001277_S226_L002.mus-6-0-1-1	one_assay_suffix	24m	1	nan	DN4 thymocyte	nan	DN4 thymocyte	facs	24_61_M	1526438.0	3511.0	male	Flowthrough	Thymus	nan	6	5
J10_B001385_S298_L003			24	J10_B001385_S298_L003	24_58_M	Thymus	False	1	False	J10_B001385_S298_L003.mus-4-0-1	exact_library_id_plus_documented_alignment_suffix	J10_B001385_S298_L003.mus-4-0-1-1	one_assay_suffix	24m	1	nan	DN4 thymocyte	nan	DN4 thymocyte	facs	24_58_M	851805.0	2425.0	male	Flowthrough	Thymus	nan	6	5
J10_B001397_S94_L001			24	J10_B001397_S94_L001	24_59_M	Thymus	False	1	False	J10_B001397_S94_L001.mus-5-0-1	exact_library_id_plus_documented_alignment_suffix	J10_B001397_S94_L001.mus-5-0-1-1	one_assay_suffix	24m	1	nan	DN4 thymocyte	nan	DN4 thymocyte	facs	24_59_M	1307765.0	2347.0	male	Flowthrough	Thymus	nan	6	5
J10_B002892_S250			24	J10_B002892_S250	24_58_M	Marrow	False	1	False	J10_B002892_S250.mus-7-0-1	exact_library_id_plus_documented_alignment_suffix	J10_B002892_S250.mus-7-0-1-1	one_assay_suffix	24m	1	nan	promonocyte	nan	monocyte + promonocyte	facs	24_58_M	5169830.0	4076.0	male	T-cells	Marrow	nan	2	56
J10_B002949_S298_L002			24	J10_B002949_S298_L002	24_59_M	Marrow	False	1	False	J10_B002949_S298_L002.mus-5-0-1	exact_library_id_plus_documented_alignment_suffix	J10_B002949_S298_L002.mus-5-0-1-1	one_assay_suffix	24m	1	nan	mature alpha-beta T cell	nan	BM CD8 + CD4 T cell	facs	24_59_M	2494505.0	2462.0	male	T-cells	Marrow	nan	4	48
J11_B000331_S227_L004	97.0	2.0	24	J11_B000331_S227_L004	24_61_M	GAT	True	2	True	J11_B000331_S227_L004.mus-6-0-1	exact_library_id_plus_documented_alignment_suffix	J11_B000331_S227_L004.mus-6-0-1-1	one_assay_suffix	24m	1	nan	CD8-positive, alpha-beta T cell	nan	nan	facs	24_61_M	420857.0	1559.0	male	Fat	GAT	nan	4	9
J11_B000342_S227_L004	62.0	3.0	24	J11_B000342_S227_L004	24_61_M	Lung	True	3	True	J11_B000342_S227_L004.mus-6-0-1	exact_library_id_plus_documented_alignment_suffix	J11_B000342_S227_L004.mus-6-0-1-1	one_assay_suffix	24m	1	nan	regulatory T cell	nan	Regulatory T	facs	24_61_M	232023.0	1024.0	male	EPCAM	Lung	nan	4	21
J11_B000830_S227_L004			24	J11_B000830_S227_L004	24_60_M	Thymus	False	1	False	J11_B000830_S227_L004.mus-8-0-1	exact_library_id_plus_documented_alignment_suffix	J11_B000830_S227_L004.mus-8-0-1-1	one_assay_suffix	24m	1	nan	DN4 thymocyte	nan	DN4 thymocyte	facs	24_60_M	214627.0	2346.0	male	Flowthrough	Thymus	nan	4	9
J11_B001183_S167_L003			24	J11_B001183_S167_L003	24_59_M	MAT	False	1	False	J11_B001183_S167_L003.mus-1-0-1	exact_library_id_plus_documented_alignment_suffix	J11_B001183_S167_L003.mus-1-0-1-1	one_assay_suffix	24m	1	nan	CD8-positive, alpha-beta T cell	nan	nan	facs	24_59_M	2719473.0	2381.0	male	Fat	MAT	nan	4	9
J11_B001277_S227_L002			24	J11_B001277_S227_L002	24_61_M	Thymus	False	1	False	J11_B001277_S227_L002.mus-6-0-1	exact_library_id_plus_documented_alignment_suffix	J11_B001277_S227_L002.mus-6-0-1-1	one_assay_suffix	24m	1	nan	DN4 thymocyte	nan	DN4 thymocyte	facs	24_61_M	600384.0	1553.0	male	Flowthrough	Thymus	nan	4	21
J11_B001385_S299_L003			24	J11_B001385_S299_L003	24_58_M	Thymus	False	1	False	J11_B001385_S299_L003.mus-4-0-1	exact_library_id_plus_documented_alignment_suffix	J11_B001385_S299_L003.mus-4-0-1-1	one_assay_suffix	24m	1	nan	DN4 thymocyte	nan	DN4 thymocyte	facs	24_58_M	499881.0	1866.0	male	Flowthrough	Thymus	nan	6	5
J11_B001619_S227_L004	7.0	12.0	24	J11_B001619_S227_L004	24_60_M	Brain_Non-Myeloid	True	12	True	J11_B001619_S227_L004.mus-6-0-1	exact_library_id_plus_documented_alignment_suffix	J11_B001619_S227_L004.mus-6-0-1-1	one_assay_suffix	24m	1	nan	CD8-positive, alpha-beta T cell	nan	nan	facs	24_60_M	3383034.0	3263.0	male	Cortex	Brain_Non-Myeloid	nan	30	32
J11_B002892_S251			24	J11_B002892_S251	24_58_M	Marrow	False	1	False	J11_B002892_S251.mus-7-0-1	exact_library_id_plus_documented_alignment_suffix	J11_B002892_S251.mus-7-0-1-1	one_assay_suffix	24m	1	nan	CD4-positive, alpha-beta T cell	nan	BM CD4 T cell	facs	24_58_M	432263.0	1298.0	male	T-cells	Marrow	nan	4	21
J11_B002900_S35_L003			24	J11_B002900_S35_L003	24_59_M	GAT	False	1	False	J11_B002900_S35_L003.mus-4-0-1	exact_library_id_plus_documented_alignment_suffix	J11_B002900_S35_L003.mus-4-0-1-1	one_assay_suffix	24m	1	nan	CD8-positive, alpha-beta T cell	nan	nan	facs	24_59_M	280906.0	1134.0	male	Fat	GAT	nan	4	9
J12_B000331_S228_L004			24	J12_B000331_S228_L004	24_61_M	GAT	False	1	False	J12_B000331_S228_L004.mus-6-0-1	exact_library_id_plus_documented_alignment_suffix	J12_B000331_S228_L004.mus-6-0-1-1	one_assay_suffix	24m	1	nan	CD4-positive, alpha-beta T cell	nan	nan	facs	24_61_M	84232.0	722.0	male	Fat	GAT	nan	6	5
J12_B001183_S168_L003			24	J12_B001183_S168_L003	24_59_M	MAT	False	1	False	J12_B001183_S168_L003.mus-1-0-1	exact_library_id_plus_documented_alignment_suffix	J12_B001183_S168_L003.mus-1-0-1-1	one_assay_suffix	24m	1	nan	T cell	nan	nan	facs	24_59_M	676218.0	1428.0	male	Fat	MAT	nan	4	21
J12_B001261_S204_L003			24	J12_B001261_S204_L003	24_59_M	Kidney	False	1	False	J12_B001261_S204_L003.mus-2-0-1	exact_library_id_plus_documented_alignment_suffix	J12_B001261_S204_L003.mus-2-0-1-1	one_assay_suffix	24m	1	nan	T cell	nan	T cell	facs	24_59_M	1396540.0	1660.0	male	nan	Kidney	nan	4	21
J12_B001277_S228_L002			24	J12_B001277_S228_L002	24_61_M	Thymus	False	1	False	J12_B001277_S228_L002.mus-6-0-1	exact_library_id_plus_documented_alignment_suffix	J12_B001277_S228_L002.mus-6-0-1-1	one_assay_suffix	24m	1	nan	DN4 thymocyte	nan	DN4 thymocyte	facs	24_61_M	717887.0	2450.0	male	Flowthrough	Thymus	nan	4	9
J12_B001385_S300_L003			24	J12_B001385_S300_L003	24_58_M	Thymus	False	1	False	J12_B001385_S300_L003.mus-4-0-1	exact_library_id_plus_documented_alignment_suffix	J12_B001385_S300_L003.mus-4-0-1-1	one_assay_suffix	24m	1	nan	thymocyte	nan	proliferating thymocyte; DN to DP transition, dividing (some are Cd8+/ Cd4+, some undergoing VDJ recombination)	facs	24_58_M	823084.0	2665.0	male	Flowthrough	Thymus	nan	21	23
J12_B001615_S264_L001	71.0	2.0	24	J12_B001615_S264_L001	24_60_M	Brain_Non-Myeloid	True	2	True	J12_B001615_S264_L001.mus-0-0-1	exact_library_id_plus_documented_alignment_suffix	J12_B001615_S264_L001.mus-0-0-1-1	one_assay_suffix	24m	1	nan	CD8-positive, alpha-beta T cell	nan	nan	facs	24_60_M	826198.0	1276.0	male	Cortex	Brain_Non-Myeloid	nan	4	9
J12_B002907_S252_L003			24	J12_B002907_S252_L003	24_59_M	SCAT	False	1	False	J12_B002907_S252_L003.mus-1-0-1	exact_library_id_plus_documented_alignment_suffix	J12_B002907_S252_L003.mus-1-0-1-1	one_assay_suffix	24m	1	nan	NK cell	nan	nan	facs	24_59_M	410700.0	1382.0	male	Fat	SCAT	nan	4	21
J12_B003031_S24_L004			24	J12_B003031_S24_L004	24_60_M	Marrow	False	1	False	J12_B003031_S24_L004.mus-5-0-1	exact_library_id_plus_documented_alignment_suffix	J12_B003031_S24_L004.mus-5-0-1-1	one_assay_suffix	24m	1	nan	mature alpha-beta T cell	nan	BM CD8 + CD4 T cell	facs	24_60_M	151902.0	1948.0	male	T-cells	Marrow	nan	4	48
J13_B000851_S229_L004	19.0	7.0	24	J13_B000851_S229_L004	24_61_M	Spleen	True	7	True	J13_B000851_S229_L004.mus-6-0-1	exact_library_id_plus_documented_alignment_suffix	J13_B000851_S229_L004.mus-6-0-1-1	one_assay_suffix	24m	1	nan	CD8-positive, alpha-beta T cell	nan	nan	facs	24_61_M	100593.0	1756.0	male	nan	Spleen	nan	4	9
J13_B001277_S229_L002			24	J13_B001277_S229_L002	24_61_M	Thymus	False	1	False	J13_B001277_S229_L002.mus-6-0-1	exact_library_id_plus_documented_alignment_suffix	J13_B001277_S229_L002.mus-6-0-1-1	one_assay_suffix	24m	1	nan	thymocyte	nan	proliferating thymocyte; DN to DP transition, dividing (some are Cd8+/ Cd4+, some undergoing VDJ recombination)	facs	24_61_M	3128319.0	5267.0	male	Flowthrough	Thymus	nan	21	23
J13_B001389_S253_L003			24	J13_B001389_S253_L003	24_59_M	BAT	False	1	False	J13_B001389_S253_L003.mus-4-0-1	exact_library_id_plus_documented_alignment_suffix	J13_B001389_S253_L003.mus-4-0-1-1	one_assay_suffix	24m	1	nan	T cell	nan	nan	facs	24_59_M	104239.0	1040.0	male	Fat	BAT	nan	4	9
J13_B002898_S13			24	J13_B002898_S13	24_58_M	GAT	False	1	False	J13_B002898_S13.mus-7-0-1	exact_library_id_plus_documented_alignment_suffix	J13_B002898_S13.mus-7-0-1-1	one_assay_suffix	24m	1	nan	CD8-positive, alpha-beta T cell	nan	nan	facs	24_58_M	455235.0	1306.0	male	Fat	GAT	nan	4	9
J13_B002900_S37_L003			24	J13_B002900_S37_L003	24_59_M	GAT	False	1	False	J13_B002900_S37_L003.mus-4-0-1	exact_library_id_plus_documented_alignment_suffix	J13_B002900_S37_L003.mus-4-0-1-1	one_assay_suffix	24m	1	nan	CD8-positive, alpha-beta T cell	nan	nan	facs	24_59_M	368806.0	1275.0	male	Fat	GAT	nan	4	9
J14_B000331_S230_L004			24	J14_B000331_S230_L004	24_61_M	GAT	False	1	False	J14_B000331_S230_L004.mus-6-0-1	exact_library_id_plus_documented_alignment_suffix	J14_B000331_S230_L004.mus-6-0-1-1	one_assay_suffix	24m	1	nan	CD8-positive, alpha-beta T cell	nan	nan	facs	24_61_M	307160.0	1847.0	male	Fat	GAT	nan	4	21
J14_B000333_S74_L004	77.0	5.0	24	J14_B000333_S74_L004	24_60_M	MAT	True	5	True	J14_B000333_S74_L004.mus-0-0-1	exact_library_id_plus_documented_alignment_suffix	J14_B000333_S74_L004.mus-0-0-1-1	one_assay_suffix	24m	1	nan	T cell	nan	nan	facs	24_60_M	245702.0	1310.0	male	Fat	MAT	nan	4	21
J14_B001190_S266			24	J14_B001190_S266	24_58_M	MAT	False	1	False	J14_B001190_S266.mus-7-0-1	exact_library_id_plus_documented_alignment_suffix	J14_B001190_S266.mus-7-0-1-1	one_assay_suffix	24m	1	nan	CD4-positive, alpha-beta T cell	nan	nan	facs	24_58_M	258550.0	1456.0	male	Fat	MAT	nan	6	5
J14_B001265_S218_L002	0.0	10.0	24	J14_B001265_S218_L002	24_59_M	Spleen	True	10	True	J14_B001265_S218_L002.mus-2-0-1	exact_library_id_plus_documented_alignment_suffix	J14_B001265_S218_L002.mus-2-0-1-1	one_assay_suffix	24m	1	nan	CD8-positive, alpha-beta T cell	nan	nan	facs	24_59_M	845326.0	1350.0	male	nan	Spleen	nan	4	9
J14_B001389_S254_L003			24	J14_B001389_S254_L003	24_59_M	BAT	False	1	False	J14_B001389_S254_L003.mus-4-0-1	exact_library_id_plus_documented_alignment_suffix	J14_B001389_S254_L003.mus-4-0-1-1	one_assay_suffix	24m	1	nan	T cell	nan	nan	facs	24_59_M	173793.0	1236.0	male	Fat	BAT	nan	4	9
J14_B001397_S98_L001			24	J14_B001397_S98_L001	24_59_M	Thymus	False	1	False	J14_B001397_S98_L001.mus-5-0-1	exact_library_id_plus_documented_alignment_suffix	J14_B001397_S98_L001.mus-5-0-1-1	one_assay_suffix	24m	1	nan	thymocyte	nan	proliferating thymocyte; DN to DP transition, dividing (some are Cd8+/ Cd4+, some undergoing VDJ recombination)	facs	24_59_M	11737.0	1700.0	male	Flowthrough	Thymus	nan	21	23
J15_B000848_S207_L003			24	J15_B000848_S207_L003	24_60_M	Spleen	False	1	False	J15_B000848_S207_L003.mus-5-0-1	exact_library_id_plus_documented_alignment_suffix	J15_B000848_S207_L003.mus-5-0-1-1	one_assay_suffix	24m	1	nan	CD4-positive, alpha-beta T cell	nan	Cd3e T cell	facs	24_60_M	953188.0	2576.0	male	nan	Spleen	nan	4	21
J15_B001188_S183	56.0	4.0	24	J15_B001188_S183	24_58_M	SCAT	True	4	True	J15_B001188_S183.mus-7-0-1	exact_library_id_plus_documented_alignment_suffix	J15_B001188_S183.mus-7-0-1-1	one_assay_suffix	24m	1	nan	NK cell	nan	nan	facs	24_58_M	169567.0	873.0	male	Fat	SCAT	nan	4	21
J15_B001385_S3_L003			24	J15_B001385_S3_L003	24_58_M	Thymus	False	1	False	J15_B001385_S3_L003.mus-4-0-1	exact_library_id_plus_documented_alignment_suffix	J15_B001385_S3_L003.mus-4-0-1-1	one_assay_suffix	24m	1	nan	thymocyte	nan	proliferating thymocyte; DN to DP transition, dividing (some are Cd8+/ Cd4+, some undergoing VDJ recombination)	facs	24_58_M	1107493.0	3430.0	male	Flowthrough	Thymus	nan	21	23
J15_B002892_S255			24	J15_B002892_S255	24_58_M	Marrow	False	1	False	J15_B002892_S255.mus-7-0-1	exact_library_id_plus_documented_alignment_suffix	J15_B002892_S255.mus-7-0-1-1	one_assay_suffix	24m	1	nan	CD4-positive, alpha-beta T cell	nan	BM CD4 T cell	facs	24_58_M	737706.0	914.0	male	T-cells	Marrow	nan	4	21
J15_B002900_S39_L003			24	J15_B002900_S39_L003	24_59_M	GAT	False	1	False	J15_B002900_S39_L003.mus-4-0-1	exact_library_id_plus_documented_alignment_suffix	J15_B002900_S39_L003.mus-4-0-1-1	one_assay_suffix	24m	1	nan	CD4-positive, alpha-beta T cell	nan	nan	facs	24_59_M	422990.0	978.0	male	Fat	GAT	nan	4	21
J15_B002949_S3_L002			24	J15_B002949_S3_L002	24_59_M	Marrow	False	1	False	J15_B002949_S3_L002.mus-5-0-1	exact_library_id_plus_documented_alignment_suffix	J15_B002949_S3_L002.mus-5-0-1-1	one_assay_suffix	24m	1	nan	CD4-positive, alpha-beta T cell	nan	BM CD4 T cell	facs	24_59_M	2823678.0	2719.0	male	T-cells	Marrow	nan	4	21
J16_B001385_S4_L003			24	J16_B001385_S4_L003	24_58_M	Thymus	False	1	False	J16_B001385_S4_L003.mus-4-0-1	exact_library_id_plus_documented_alignment_suffix	J16_B001385_S4_L003.mus-4-0-1-1	one_assay_suffix	24m	1	nan	thymocyte	nan	proliferating thymocyte; DN to DP transition, dividing (some are Cd8+/ Cd4+, some undergoing VDJ recombination)	facs	24_58_M	2159754.0	4460.0	male	Flowthrough	Thymus	nan	21	23
J16_B001397_S100_L001			24	J16_B001397_S100_L001	24_59_M	Thymus	False	1	False	J16_B001397_S100_L001.mus-5-0-1	exact_library_id_plus_documented_alignment_suffix	J16_B001397_S100_L001.mus-5-0-1-1	one_assay_suffix	24m	1	nan	thymocyte	nan	proliferating thymocyte; DN to DP transition, dividing (some are Cd8+/ Cd4+, some undergoing VDJ recombination)	facs	24_59_M	1428187.0	4191.0	male	Flowthrough	Thymus	nan	21	23
J16_B002990_S232_L003			24	J16_B002990_S232_L003	24_61_M	Trachea	False	1	False	J16_B002990_S232_L003.mus-6-0-1	exact_library_id_plus_documented_alignment_suffix	J16_B002990_S232_L003.mus-6-0-1-1	one_assay_suffix	24m	1	nan	T cell	nan	nan	facs	24_61_M	3071812.0	3615.0	male	nan	Trachea	nan	21	23
J17_B001385_S5_L003			24	J17_B001385_S5_L003	24_58_M	Thymus	False	1	False	J17_B001385_S5_L003.mus-4-0-1	exact_library_id_plus_documented_alignment_suffix	J17_B001385_S5_L003.mus-4-0-1-1	one_assay_suffix	24m	1	nan	thymocyte	nan	proliferating thymocyte; DN to DP transition, dividing (some are Cd8+/ Cd4+, some undergoing VDJ recombination)	facs	24_58_M	185370.0	2315.0	male	Flowthrough	Thymus	nan	21	23
J17_B003031_S29_L004	27.0	4.0	24	J17_B003031_S29_L004	24_60_M	Marrow	True	4	True	J17_B003031_S29_L004.mus-5-0-1	exact_library_id_plus_documented_alignment_suffix	J17_B003031_S29_L004.mus-5-0-1-1	one_assay_suffix	24m	1	nan	CD4-positive, alpha-beta T cell	nan	BM CD4 T cell	facs	24_60_M	35797.0	845.0	male	T-cells	Marrow	nan	4	21
J18_B001277_S234_L002			24	J18_B001277_S234_L002	24_61_M	Thymus	False	1	False	J18_B001277_S234_L002.mus-6-0-1	exact_library_id_plus_documented_alignment_suffix	J18_B001277_S234_L002.mus-6-0-1-1	one_assay_suffix	24m	1	nan	thymocyte	nan	proliferating thymocyte; DN to DP transition, dividing (some are Cd8+/ Cd4+, some undergoing VDJ recombination)	facs	24_61_M	2391103.0	5551.0	male	Flowthrough	Thymus	nan	21	23
J18_B001397_S102_L001			24	J18_B001397_S102_L001	24_59_M	Thymus	False	1	False	J18_B001397_S102_L001.mus-5-0-1	exact_library_id_plus_documented_alignment_suffix	J18_B001397_S102_L001.mus-5-0-1-1	one_assay_suffix	24m	1	nan	thymocyte	nan	proliferating thymocyte; DN to DP transition, dividing (some are Cd8+/ Cd4+, some undergoing VDJ recombination)	facs	24_59_M	40712.0	2367.0	male	Flowthrough	Thymus	nan	21	23
J18_B002990_S234_L003			24	J18_B002990_S234_L003	24_61_M	Trachea	False	1	False	J18_B002990_S234_L003.mus-6-0-1	exact_library_id_plus_documented_alignment_suffix	J18_B002990_S234_L003.mus-6-0-1-1	one_assay_suffix	24m	1	nan	T cell	nan	nan	facs	24_61_M	569020.0	1012.0	male	nan	Trachea	nan	4	21
J19_B000320_S259_L003			24	J19_B000320_S259_L003	24_60_M	Marrow	False	1	False	J19_B000320_S259_L003.mus-5-0-1	exact_library_id_plus_documented_alignment_suffix	J19_B000320_S259_L003.mus-5-0-1-1	one_assay_suffix	24m	1	nan	CD4-positive, alpha-beta T cell	nan	BM CD4 T cell	facs	24_60_M	1421552.0	2764.0	male	B-cells	Marrow	nan	0	48
J19_B000848_S211_L003			24	J19_B000848_S211_L003	24_60_M	Spleen	False	1	False	J19_B000848_S211_L003.mus-5-0-1	exact_library_id_plus_documented_alignment_suffix	J19_B000848_S211_L003.mus-5-0-1-1	one_assay_suffix	24m	1	nan	CD4-positive, alpha-beta T cell	nan	Cd3e T cell	facs	24_60_M	480458.0	2118.0	male	nan	Spleen	nan	6	5
J19_B001263_S103			24	J19_B001263_S103	24_58_M	Spleen	False	1	False	J19_B001263_S103.mus-7-0-1	exact_library_id_plus_documented_alignment_suffix	J19_B001263_S103.mus-7-0-1-1	one_assay_suffix	24m	1	nan	CD4-positive, alpha-beta T cell	nan	Cd3e T cell	facs	24_58_M	518286.0	1132.0	male	nan	Spleen	nan	4	21
J19_B001385_S7_L003			24	J19_B001385_S7_L003	24_58_M	Thymus	False	1	False	J19_B001385_S7_L003.mus-4-0-1	exact_library_id_plus_documented_alignment_suffix	J19_B001385_S7_L003.mus-4-0-1-1	one_assay_suffix	24m	1	nan	thymocyte	nan	proliferating thymocyte; DN to DP transition, dividing (some are Cd8+/ Cd4+, some undergoing VDJ recombination)	facs	24_58_M	1343971.0	2714.0	male	Flowthrough	Thymus	nan	21	23
J19_B001397_S103_L001			24	J19_B001397_S103_L001	24_59_M	Thymus	False	1	False	J19_B001397_S103_L001.mus-5-0-1	exact_library_id_plus_documented_alignment_suffix		unmatched																
J1_B001263_S85			24	J1_B001263_S85	24_58_M	Spleen	False	1	False	J1_B001263_S85.mus-7-0-1	exact_library_id_plus_documented_alignment_suffix	J1_B001263_S85.mus-7-0-1-1	one_assay_suffix	24m	1	nan	CD4-positive, alpha-beta T cell	nan	Cd3e T cell	facs	24_58_M	372416.0	1427.0	male	nan	Spleen	nan	4	21
J1_B001265_S205_L002			24	J1_B001265_S205_L002	24_59_M	Spleen	False	1	False	J1_B001265_S205_L002.mus-2-0-1	exact_library_id_plus_documented_alignment_suffix	J1_B001265_S205_L002.mus-2-0-1-1	one_assay_suffix	24m	1	nan	CD4-positive, alpha-beta T cell	nan	Cd3e T cell	facs	24_59_M	1520534.0	1826.0	male	nan	Spleen	nan	4	21
J1_B001397_S85_L001			24	J1_B001397_S85_L001	24_59_M	Thymus	False	1	False	J1_B001397_S85_L001.mus-5-0-1	exact_library_id_plus_documented_alignment_suffix	J1_B001397_S85_L001.mus-5-0-1-1	one_assay_suffix	24m	1	nan	DN4 thymocyte	nan	DN4 thymocyte	facs	24_59_M	27935.0	1587.0	male	Flowthrough	Thymus	nan	6	5
J20_B001385_S8_L003			24	J20_B001385_S8_L003	24_58_M	Thymus	False	1	False	J20_B001385_S8_L003.mus-4-0-1	exact_library_id_plus_documented_alignment_suffix	J20_B001385_S8_L003.mus-4-0-1-1	one_assay_suffix	24m	1	nan	thymocyte	nan	proliferating thymocyte; DN to DP transition, dividing (some are Cd8+/ Cd4+, some undergoing VDJ recombination)	facs	24_58_M	1959338.0	3326.0	male	Flowthrough	Thymus	nan	21	23
J20_B002992_S236_L003			24	J20_B002992_S236_L003	24_61_M	Marrow	False	1	False	J20_B002992_S236_L003.mus-8-0-1	exact_library_id_plus_documented_alignment_suffix	J20_B002992_S236_L003.mus-8-0-1-1	one_assay_suffix	24m	1	nan	NK cell	nan	NK cell	facs	24_61_M	75202.0	1640.0	male	T-cells	Marrow	nan	4	9
J20_B003234_S296_L004			24	J20_B003234_S296_L004	24_60_M	Lung	False	1	False	J20_B003234_S296_L004.mus-5-0-1	exact_library_id_plus_documented_alignment_suffix	J20_B003234_S296_L004.mus-5-0-1-1	one_assay_suffix	24m	1	nan	CD8-positive, alpha-beta T cell	nan	CD8+ T	facs	24_60_M	352362.0	1407.0	male	EPCAM	Lung	nan	6	5
J21_B000851_S237_L004	42.0	10.0	24	J21_B000851_S237_L004	24_61_M	Spleen	True	10	True	J21_B000851_S237_L004.mus-6-0-1	exact_library_id_plus_documented_alignment_suffix	J21_B000851_S237_L004.mus-6-0-1-1	one_assay_suffix	24m	1	nan	CD8-positive, alpha-beta T cell	nan	nan	facs	24_61_M	155220.0	2778.0	male	nan	Spleen	nan	4	9
J21_B001263_S105			24	J21_B001263_S105	24_58_M	Spleen	False	1	False	J21_B001263_S105.mus-7-0-1	exact_library_id_plus_documented_alignment_suffix	J21_B001263_S105.mus-7-0-1-1	one_assay_suffix	24m	1	nan	CD8-positive, alpha-beta T cell	nan	Cd3e T cell	facs	24_58_M	490466.0	1619.0	male	nan	Spleen	nan	6	5
J21_B001277_S237_L002			24	J21_B001277_S237_L002	24_61_M	Thymus	False	1	False	J21_B001277_S237_L002.mus-6-0-1	exact_library_id_plus_documented_alignment_suffix	J21_B001277_S237_L002.mus-6-0-1-1	one_assay_suffix	24m	1	nan	thymocyte	nan	proliferating thymocyte; DN to DP transition, dividing (some are Cd8+/ Cd4+, some undergoing VDJ recombination)	facs	24_61_M	1694614.0	3510.0	male	Flowthrough	Thymus	nan	21	23
J21_B001397_S105_L001			24	J21_B001397_S105_L001	24_59_M	Thymus	False	1	False	J21_B001397_S105_L001.mus-5-0-1	exact_library_id_plus_documented_alignment_suffix	J21_B001397_S105_L001.mus-5-0-1-1	one_assay_suffix	24m	1	nan	thymocyte	nan	proliferating thymocyte; DN to DP transition, dividing (some are Cd8+/ Cd4+, some undergoing VDJ recombination)	facs	24_59_M	11277.0	1646.0	male	Flowthrough	Thymus	nan	21	23
J21_B003031_S33_L004	96.0	2.0	24	J21_B003031_S33_L004	24_60_M	Marrow	True	2	True	J21_B003031_S33_L004.mus-5-0-1	exact_library_id_plus_documented_alignment_suffix	J21_B003031_S33_L004.mus-5-0-1-1	one_assay_suffix	24m	1	nan	CD4-positive, alpha-beta T cell	nan	BM CD4 T cell	facs	24_60_M	33846.0	1031.0	male	T-cells	Marrow	nan	4	21
J22_B001261_S214_L003	24.0	34.0	24	J22_B001261_S214_L003	24_59_M	Kidney	True	34	True	J22_B001261_S214_L003.mus-2-0-1	exact_library_id_plus_documented_alignment_suffix	J22_B001261_S214_L003.mus-2-0-1-1	one_assay_suffix	24m	1	nan	T cell	nan	T cell	facs	24_59_M	1202920.0	1233.0	male	nan	Kidney	nan	4	9
J22_B001263_S106			24	J22_B001263_S106	24_58_M	Spleen	False	1	False	J22_B001263_S106.mus-7-0-1	exact_library_id_plus_documented_alignment_suffix	J22_B001263_S106.mus-7-0-1-1	one_assay_suffix	24m	1	nan	CD4-positive, alpha-beta T cell	nan	Cd3e T cell	facs	24_58_M	819281.0	1128.0	male	nan	Spleen	nan	4	21
J22_B002982_S250_L004	104.0	2.0	24	J22_B002982_S250_L004	24_60_M	Lung	True	2	True	J22_B002982_S250_L004.mus-0-0-1	exact_library_id_plus_documented_alignment_suffix	J22_B002982_S250_L004.mus-0-0-1-1	one_assay_suffix	24m	1	nan	CD8-positive, alpha-beta T cell	nan	CD8+ T	facs	24_60_M	249243.0	1102.0	male	Endomucin	Lung	nan	4	9
J2_B001265_S206_L002			24	J2_B001265_S206_L002	24_59_M	Spleen	False	1	False	J2_B001265_S206_L002.mus-2-0-1	exact_library_id_plus_documented_alignment_suffix	J2_B001265_S206_L002.mus-2-0-1-1	one_assay_suffix	24m	1	nan	CD4-positive, alpha-beta T cell	nan	Cd3e T cell	facs	24_59_M	705764.0	1310.0	male	nan	Spleen	nan	4	21
J2_B001277_S218_L002			24	J2_B001277_S218_L002	24_61_M	Thymus	False	1	False	J2_B001277_S218_L002.mus-6-0-1	exact_library_id_plus_documented_alignment_suffix	J2_B001277_S218_L002.mus-6-0-1-1	one_assay_suffix	24m	1	nan	DN4 thymocyte	nan	DN4 thymocyte	facs	24_61_M	467176.0	1837.0	male	Flowthrough	Thymus	nan	6	5
J2_B001615_S254_L001	7.0	12.0	24	J2_B001615_S254_L001	24_60_M	Brain_Non-Myeloid	True	12	True	J2_B001615_S254_L001.mus-0-0-1	exact_library_id_plus_documented_alignment_suffix	J2_B001615_S254_L001.mus-0-0-1-1	one_assay_suffix	24m	1	nan	CD8-positive, alpha-beta T cell	nan	nan	facs	24_60_M	1142506.0	1280.0	male	Cortex	Brain_Non-Myeloid	nan	4	9
J2_B003234_S278_L004			24	J2_B003234_S278_L004	24_60_M	Lung	False	1	False	J2_B003234_S278_L004.mus-5-0-1	exact_library_id_plus_documented_alignment_suffix	J2_B003234_S278_L004.mus-5-0-1-1	one_assay_suffix	24m	1	nan	T cell	nan	Ly6g5b+ T	facs	24_60_M	821478.0	1929.0	male	EPCAM	Lung	nan	4	9
J2_B003800_S218_L002			24	J2_B003800_S218_L002	24_61_M	Heart	False	1	False	J2_B003800_S218_L002.mus-6-0-1	exact_library_id_plus_documented_alignment_suffix	J2_B003800_S218_L002.mus-6-0-1-1	one_assay_suffix	24m	1	nan	T cell	nan	T cell	facs	24_61_M	4491558.0	1284.0	male	RA	Heart	nan	4	21
J3_B000848_S195_L003			24	J3_B000848_S195_L003	24_60_M	Spleen	False	1	False	J3_B000848_S195_L003.mus-5-0-1	exact_library_id_plus_documented_alignment_suffix	J3_B000848_S195_L003.mus-5-0-1-1	one_assay_suffix	24m	1	nan	CD4-positive, alpha-beta T cell	nan	Cd3e T cell	facs	24_60_M	1608461.0	2579.0	male	nan	Spleen	nan	4	21
J3_B001277_S219_L002			24	J3_B001277_S219_L002	24_61_M	Thymus	False	1	False	J3_B001277_S219_L002.mus-6-0-1	exact_library_id_plus_documented_alignment_suffix	J3_B001277_S219_L002.mus-6-0-1-1	one_assay_suffix	24m	1	nan	DN4 thymocyte	nan	DN4 thymocyte	facs	24_61_M	748654.0	1679.0	male	Flowthrough	Thymus	nan	6	5
J3_B001385_S291_L003			24	J3_B001385_S291_L003	24_58_M	Thymus	False	1	False	J3_B001385_S291_L003.mus-4-0-1	exact_library_id_plus_documented_alignment_suffix	J3_B001385_S291_L003.mus-4-0-1-1	one_assay_suffix	24m	1	nan	DN4 thymocyte	nan	DN4 thymocyte	facs	24_58_M	1127449.0	2484.0	male	Flowthrough	Thymus	nan	6	5
J3_B001397_S87_L001			24	J3_B001397_S87_L001	24_59_M	Thymus	False	1	False	J3_B001397_S87_L001.mus-5-0-1	exact_library_id_plus_documented_alignment_suffix	J3_B001397_S87_L001.mus-5-0-1-1	one_assay_suffix	24m	1	nan	DN4 thymocyte	nan	DN4 thymocyte	facs	24_59_M	102286.0	2071.0	male	Flowthrough	Thymus	nan	6	5
J3_B002892_S243			24	J3_B002892_S243	24_58_M	Marrow	False	1	False	J3_B002892_S243.mus-7-0-1	exact_library_id_plus_documented_alignment_suffix	J3_B002892_S243.mus-7-0-1-1	one_assay_suffix	24m	1	nan	NK cell	nan	NK cell	facs	24_58_M	1994186.0	1874.0	male	T-cells	Marrow	nan	4	48
J4_B000830_S220_L004			24	J4_B000830_S220_L004	24_60_M	Thymus	False	1	False	J4_B000830_S220_L004.mus-8-0-1	exact_library_id_plus_documented_alignment_suffix	J4_B000830_S220_L004.mus-8-0-1-1	one_assay_suffix	24m	1	nan	DN4 thymocyte	nan	DN4 thymocyte	facs	24_60_M	12655.0	766.0	male	Flowthrough	Thymus	nan	6	5
J4_B001277_S220_L002			24	J4_B001277_S220_L002	24_61_M	Thymus	False	1	False	J4_B001277_S220_L002.mus-6-0-1	exact_library_id_plus_documented_alignment_suffix	J4_B001277_S220_L002.mus-6-0-1-1	one_assay_suffix	24m	1	nan	DN4 thymocyte	nan	DN4 thymocyte	facs	24_61_M	566695.0	1479.0	male	Flowthrough	Thymus	nan	4	21
J4_B001385_S292_L003			24	J4_B001385_S292_L003	24_58_M	Thymus	False	1	False	J4_B001385_S292_L003.mus-4-0-1	exact_library_id_plus_documented_alignment_suffix	J4_B001385_S292_L003.mus-4-0-1-1	one_assay_suffix	24m	1	nan	DN4 thymocyte	nan	DN4 thymocyte	facs	24_58_M	824991.0	2439.0	male	Flowthrough	Thymus	nan	6	5
J4_B001397_S88_L001			24	J4_B001397_S88_L001	24_59_M	Thymus	False	1	False	J4_B001397_S88_L001.mus-5-0-1	exact_library_id_plus_documented_alignment_suffix	J4_B001397_S88_L001.mus-5-0-1-1	one_assay_suffix	24m	1	nan	DN4 thymocyte	nan	DN4 thymocyte	facs	24_59_M	91196.0	1515.0	male	Flowthrough	Thymus	nan	4	21
J5_B000830_S221_L004			24	J5_B000830_S221_L004	24_60_M	Thymus	False	1	False	J5_B000830_S221_L004.mus-8-0-1	exact_library_id_plus_documented_alignment_suffix	J5_B000830_S221_L004.mus-8-0-1-1	one_assay_suffix	24m	1	nan	DN4 thymocyte	nan	DN4 thymocyte	facs	24_60_M	173929.0	1195.0	male	Flowthrough	Thymus	nan	4	21
J5_B000848_S197_L003			24	J5_B000848_S197_L003	24_60_M	Spleen	False	1	False	J5_B000848_S197_L003.mus-5-0-1	exact_library_id_plus_documented_alignment_suffix	J5_B000848_S197_L003.mus-5-0-1-1	one_assay_suffix	24m	1	nan	CD4-positive, alpha-beta T cell	nan	Cd3e T cell	facs	24_60_M	376359.0	2391.0	male	nan	Spleen	nan	4	21
J5_B001397_S89_L001			24	J5_B001397_S89_L001	24_59_M	Thymus	False	1	False	J5_B001397_S89_L001.mus-5-0-1	exact_library_id_plus_documented_alignment_suffix	J5_B001397_S89_L001.mus-5-0-1-1	one_assay_suffix	24m	1	nan	DN4 thymocyte	nan	DN4 thymocyte	facs	24_59_M	119385.0	1809.0	male	Flowthrough	Thymus	nan	6	5
J5_B002892_S245			24	J5_B002892_S245	24_58_M	Marrow	False	1	False	J5_B002892_S245.mus-7-0-1	exact_library_id_plus_documented_alignment_suffix	J5_B002892_S245.mus-7-0-1-1	one_assay_suffix	24m	1	nan	NK cell	nan	NK cell	facs	24_58_M	2367926.0	1850.0	male	T-cells	Marrow	nan	40	47
J6_B000830_S222_L004	75.0	3.0	24	J6_B000830_S222_L004	24_60_M	Thymus	True	3	True	J6_B000830_S222_L004.mus-8-0-1	exact_library_id_plus_documented_alignment_suffix	J6_B000830_S222_L004.mus-8-0-1-1	one_assay_suffix	24m	1	nan	DN4 thymocyte	nan	DN4 thymocyte	facs	24_60_M	1780088.0	2384.0	male	Flowthrough	Thymus	nan	4	9
J6_B000846_S222_L003			24	J6_B000846_S222_L003	24_61_M	Kidney	False	1	False	J6_B000846_S222_L003.mus-6-0-1	exact_library_id_plus_documented_alignment_suffix	J6_B000846_S222_L003.mus-6-0-1-1	one_assay_suffix	24m	1	nan	T cell	nan	T cell	facs	24_61_M	1129725.0	2910.0	male	nan	Kidney	nan	40	47
J6_B000851_S222_L004	97.0	2.0	24	J6_B000851_S222_L004	24_61_M	Spleen	True	2	True	J6_B000851_S222_L004.mus-6-0-1	exact_library_id_plus_documented_alignment_suffix	J6_B000851_S222_L004.mus-6-0-1-1	one_assay_suffix	24m	1	nan	CD8-positive, alpha-beta T cell	nan	nan	facs	24_61_M	950354.0	1915.0	male	nan	Spleen	nan	4	9
J6_B001261_S198_L003	63.0	2.0	24	J6_B001261_S198_L003	24_59_M	Kidney	True	2	True	J6_B001261_S198_L003.mus-2-0-1	exact_library_id_plus_documented_alignment_suffix	J6_B001261_S198_L003.mus-2-0-1-1	one_assay_suffix	24m	1	nan	T cell	nan	T cell	facs	24_59_M	763938.0	1232.0	male	nan	Kidney	nan	4	9
J6_B001263_S90			24	J6_B001263_S90	24_58_M	Spleen	False	1	False	J6_B001263_S90.mus-7-0-1	exact_library_id_plus_documented_alignment_suffix	J6_B001263_S90.mus-7-0-1-1	one_assay_suffix	24m	1	nan	CD8-positive, alpha-beta T cell	nan	Cd3e T cell	facs	24_58_M	714256.0	2133.0	male	nan	Spleen	nan	6	5
J6_B001265_S210_L002			24	J6_B001265_S210_L002	24_59_M	Spleen	False	1	False	J6_B001265_S210_L002.mus-2-0-1	exact_library_id_plus_documented_alignment_suffix	J6_B001265_S210_L002.mus-2-0-1-1	one_assay_suffix	24m	1	nan	CD8-positive, alpha-beta T cell	nan	nan	facs	24_59_M	1240752.0	1521.0	male	nan	Spleen	nan	4	9
J6_B001277_S222_L002			24	J6_B001277_S222_L002	24_61_M	Thymus	False	1	False	J6_B001277_S222_L002.mus-6-0-1	exact_library_id_plus_documented_alignment_suffix	J6_B001277_S222_L002.mus-6-0-1-1	one_assay_suffix	24m	1	nan	DN4 thymocyte	nan	DN4 thymocyte	facs	24_61_M	568577.0	1696.0	male	Flowthrough	Thymus	nan	6	5
J6_B001385_S294_L003			24	J6_B001385_S294_L003	24_58_M	Thymus	False	1	False	J6_B001385_S294_L003.mus-4-0-1	exact_library_id_plus_documented_alignment_suffix	J6_B001385_S294_L003.mus-4-0-1-1	one_assay_suffix	24m	1	nan	DN4 thymocyte	nan	DN4 thymocyte	facs	24_58_M	690665.0	2227.0	male	Flowthrough	Thymus	nan	6	23
J6_B001397_S90_L001			24	J6_B001397_S90_L001	24_59_M	Thymus	False	1	False	J6_B001397_S90_L001.mus-5-0-1	exact_library_id_plus_documented_alignment_suffix	J6_B001397_S90_L001.mus-5-0-1-1	one_assay_suffix	24m	1	nan	DN4 thymocyte	nan	DN4 thymocyte	facs	24_59_M	81093.0	1428.0	male	Flowthrough	Thymus	nan	6	5
J6_B003902_S42_L002	0.0	10.0	24	J6_B003902_S42_L002	24_59_M	Liver	True	10	True	J6_B003902_S42_L002.mus-2-0-1	exact_library_id_plus_documented_alignment_suffix	J6_B003902_S42_L002.mus-2-0-1-1	one_assay_suffix	24m	1	nan	CD8-positive, alpha-beta T cell	nan	nan	facs	24_59_M	1694023.0	2311.0	male	Non-hepatocytes	Liver	nan	4	9
J7_B000830_S223_L004			24	J7_B000830_S223_L004	24_60_M	Thymus	False	1	False	J7_B000830_S223_L004.mus-8-0-1	exact_library_id_plus_documented_alignment_suffix	J7_B000830_S223_L004.mus-8-0-1-1	one_assay_suffix	24m	1	nan	DN4 thymocyte	nan	DN4 thymocyte	facs	24_60_M	4400517.0	2653.0	male	Flowthrough	Thymus	nan	4	9
J7_B000848_S199_L003			24	J7_B000848_S199_L003	24_60_M	Spleen	False	1	False	J7_B000848_S199_L003.mus-5-0-1	exact_library_id_plus_documented_alignment_suffix	J7_B000848_S199_L003.mus-5-0-1-1	one_assay_suffix	24m	1	nan	CD4-positive, alpha-beta T cell	nan	Cd3e T cell	facs	24_60_M	735879.0	2041.0	male	nan	Spleen	nan	4	21
J8_B001151_S116_L003			24	J8_B001151_S116_L003	24_59_M	Marrow	False	1	False	J8_B001151_S116_L003.mus-2-0-1	exact_library_id_plus_documented_alignment_suffix	J8_B001151_S116_L003.mus-2-0-1-1	one_assay_suffix	24m	1	nan	promonocyte	nan	monocyte + promonocyte	facs	24_59_M	1432701.0	3419.0	male	Granulocytes	Marrow	nan	4	17
J8_B001277_S224_L002			24	J8_B001277_S224_L002	24_61_M	Thymus	False	1	False	J8_B001277_S224_L002.mus-6-0-1	exact_library_id_plus_documented_alignment_suffix	J8_B001277_S224_L002.mus-6-0-1-1	one_assay_suffix	24m	1	nan	DN4 thymocyte	nan	DN4 thymocyte	facs	24_61_M	1127574.0	2598.0	male	Flowthrough	Thymus	nan	6	5
J8_B001385_S296_L003			24	J8_B001385_S296_L003	24_58_M	Thymus	False	1	False	J8_B001385_S296_L003.mus-4-0-1	exact_library_id_plus_documented_alignment_suffix	J8_B001385_S296_L003.mus-4-0-1-1	one_assay_suffix	24m	1	nan	DN4 thymocyte	nan	DN4 thymocyte	facs	24_58_M	197208.0	1321.0	male	Flowthrough	Thymus	nan	6	5
J8_B001397_S92_L001			24	J8_B001397_S92_L001	24_59_M	Thymus	False	1	False	J8_B001397_S92_L001.mus-5-0-1	exact_library_id_plus_documented_alignment_suffix	J8_B001397_S92_L001.mus-5-0-1-1	one_assay_suffix	24m	1	nan	DN4 thymocyte	nan	DN4 thymocyte	facs	24_59_M	57599.0	1559.0	male	Flowthrough	Thymus	nan	6	5
J8_B002949_S296_L002			24	J8_B002949_S296_L002	24_59_M	Marrow	False	1	False	J8_B002949_S296_L002.mus-5-0-1	exact_library_id_plus_documented_alignment_suffix	J8_B002949_S296_L002.mus-5-0-1-1	one_assay_suffix	24m	1	nan	CD4-positive, alpha-beta T cell	nan	BM CD4 T cell	facs	24_59_M	2382675.0	2068.0	male	T-cells	Marrow	nan	4	21
J9_B000331_S225_L004			24	J9_B000331_S225_L004	24_61_M	GAT	False	1	False	J9_B000331_S225_L004.mus-6-0-1	exact_library_id_plus_documented_alignment_suffix	J9_B000331_S225_L004.mus-6-0-1-1	one_assay_suffix	24m	1	nan	CD8-positive, alpha-beta T cell	nan	nan	facs	24_61_M	210613.0	1371.0	male	Fat	GAT	nan	4	9
J9_B000830_S225_L004			24	J9_B000830_S225_L004	24_60_M	Thymus	False	1	False	J9_B000830_S225_L004.mus-8-0-1	exact_library_id_plus_documented_alignment_suffix	J9_B000830_S225_L004.mus-8-0-1-1	one_assay_suffix	24m	1	nan	DN4 thymocyte	nan	DN4 thymocyte	facs	24_60_M	6489500.0	2612.0	male	Flowthrough	Thymus	nan	4	9
J9_B001277_S225_L002			24	J9_B001277_S225_L002	24_61_M	Thymus	False	1	False	J9_B001277_S225_L002.mus-6-0-1	exact_library_id_plus_documented_alignment_suffix	J9_B001277_S225_L002.mus-6-0-1-1	one_assay_suffix	24m	1	nan	DN4 thymocyte	nan	DN4 thymocyte	facs	24_61_M	829623.0	2037.0	male	Flowthrough	Thymus	nan	4	21
J9_B001385_S297_L003			24	J9_B001385_S297_L003	24_58_M	Thymus	False	1	False	J9_B001385_S297_L003.mus-4-0-1	exact_library_id_plus_documented_alignment_suffix	J9_B001385_S297_L003.mus-4-0-1-1	one_assay_suffix	24m	1	nan	DN4 thymocyte	nan	DN4 thymocyte	facs	24_58_M	1127039.0	2061.0	male	Flowthrough	Thymus	nan	6	5
J9_B003234_S285_L004			24	J9_B003234_S285_L004	24_60_M	Lung	False	1	False	J9_B003234_S285_L004.mus-5-0-1	exact_library_id_plus_documented_alignment_suffix	J9_B003234_S285_L004.mus-5-0-1-1	one_assay_suffix	24m	1	nan	CD8-positive, alpha-beta T cell	nan	CD8+ T	facs	24_60_M	511398.0	1329.0	male	EPCAM	Lung	nan	4	9
J9_B003902_S45_L002			24	J9_B003902_S45_L002	24_59_M	Liver	False	1	False	J9_B003902_S45_L002.mus-2-0-1	exact_library_id_plus_documented_alignment_suffix	J9_B003902_S45_L002.mus-2-0-1-1	one_assay_suffix	24m	1	nan	CD4-positive, alpha-beta T cell	nan	nan	facs	24_59_M	579946.0	1748.0	male	Non-hepatocytes	Liver	nan	4	21
K10_B000830_S250_L004			24	K10_B000830_S250_L004	24_60_M	Thymus	False	1	False	K10_B000830_S250_L004.mus-8-0-1	exact_library_id_plus_documented_alignment_suffix	K10_B000830_S250_L004.mus-8-0-1-1	one_assay_suffix	24m	1	nan	DN4 thymocyte	nan	DN4 thymocyte	facs	24_60_M	325518.0	1261.0	male	Flowthrough	Thymus	nan	4	21
K10_B000851_S250_L004			24	K10_B000851_S250_L004	24_61_M	Spleen	False	1	False	K10_B000851_S250_L004.mus-6-0-1	exact_library_id_plus_documented_alignment_suffix	K10_B000851_S250_L004.mus-6-0-1-1	one_assay_suffix	24m	1	nan	CD8-positive, alpha-beta T cell	nan	nan	facs	24_61_M	167054.0	1470.0	male	nan	Spleen	nan	4	9
K10_B001190_S286			24	K10_B001190_S286	24_58_M	MAT	False	1	False	K10_B001190_S286.mus-7-0-1	exact_library_id_plus_documented_alignment_suffix	K10_B001190_S286.mus-7-0-1-1	one_assay_suffix	24m	1	nan	CD4-positive, alpha-beta T cell	nan	nan	facs	24_58_M	262939.0	1148.0	male	Fat	MAT	nan	4	5
K10_B001385_S22_L003			24	K10_B001385_S22_L003	24_58_M	Thymus	False	1	False	K10_B001385_S22_L003.mus-4-0-1	exact_library_id_plus_documented_alignment_suffix	K10_B001385_S22_L003.mus-4-0-1-1	one_assay_suffix	24m	1	nan	DN4 thymocyte	nan	DN4 thymocyte	facs	24_58_M	635072.0	1937.0	male	Flowthrough	Thymus	nan	6	5
K11_B001183_S191_L003			24	K11_B001183_S191_L003	24_59_M	MAT	False	1	False	K11_B001183_S191_L003.mus-1-0-1	exact_library_id_plus_documented_alignment_suffix	K11_B001183_S191_L003.mus-1-0-1-1	one_assay_suffix	24m	1	nan	CD8-positive, alpha-beta T cell	nan	nan	facs	24_59_M	2707607.0	1630.0	male	Fat	MAT	nan	4	9
K11_B001277_S251_L002			24	K11_B001277_S251_L002	24_61_M	Thymus	False	1	False	K11_B001277_S251_L002.mus-6-0-1	exact_library_id_plus_documented_alignment_suffix	K11_B001277_S251_L002.mus-6-0-1-1	one_assay_suffix	24m	1	nan	DN4 thymocyte	nan	DN4 thymocyte	facs	24_61_M	549394.0	2026.0	male	Flowthrough	Thymus	nan	4	9
K11_B001397_S119_L001			24	K11_B001397_S119_L001	24_59_M	Thymus	False	1	False	K11_B001397_S119_L001.mus-5-0-1	exact_library_id_plus_documented_alignment_suffix	K11_B001397_S119_L001.mus-5-0-1-1	one_assay_suffix	24m	1	nan	DN4 thymocyte	nan	DN4 thymocyte	facs	24_59_M	1144962.0	2250.0	male	Flowthrough	Thymus	nan	6	5
K12_B000333_S96_L004			24	K12_B000333_S96_L004	24_60_M	MAT	False	1	False	K12_B000333_S96_L004.mus-0-0-1	exact_library_id_plus_documented_alignment_suffix	K12_B000333_S96_L004.mus-0-0-1-1	one_assay_suffix	24m	1	nan	CD8-positive, alpha-beta T cell	nan	nan	facs	24_60_M	274220.0	1790.0	male	Fat	MAT	nan	4	9
K12_B000337_S144_L003	3.0	6.0	24	K12_B000337_S144_L003	24_60_M	GAT	True	6	True	K12_B000337_S144_L003.mus-0-0-1	exact_library_id_plus_documented_alignment_suffix	K12_B000337_S144_L003.mus-0-0-1-1	one_assay_suffix	24m	1	nan	CD4-positive, alpha-beta T cell	nan	nan	facs	24_60_M	1031546.0	1929.0	male	Fat	GAT	nan	4	9
K12_B001183_S192_L003			24	K12_B001183_S192_L003	24_59_M	MAT	False	1	False	K12_B001183_S192_L003.mus-1-0-1	exact_library_id_plus_documented_alignment_suffix	K12_B001183_S192_L003.mus-1-0-1-1	one_assay_suffix	24m	1	nan	CD8-positive, alpha-beta T cell	nan	nan	facs	24_59_M	834427.0	1599.0	male	Fat	MAT	nan	4	9
K12_B001190_S288			24	K12_B001190_S288	24_58_M	MAT	False	1	False	K12_B001190_S288.mus-7-0-1	exact_library_id_plus_documented_alignment_suffix	K12_B001190_S288.mus-7-0-1-1	one_assay_suffix	24m	1	nan	CD8-positive, alpha-beta T cell	nan	nan	facs	24_58_M	344803.0	880.0	male	Fat	MAT	nan	4	9
K12_B001397_S120_L001			24	K12_B001397_S120_L001	24_59_M	Thymus	False	1	False	K12_B001397_S120_L001.mus-5-0-1	exact_library_id_plus_documented_alignment_suffix	K12_B001397_S120_L001.mus-5-0-1-1	one_assay_suffix	24m	1	nan	thymocyte	nan	proliferating thymocyte; DN to DP transition, dividing (some are Cd8+/ Cd4+, some undergoing VDJ recombination)	facs	24_59_M	3925960.0	5601.0	male	Flowthrough	Thymus	nan	21	23
K12_B002898_S36	57.0	4.0	24	K12_B002898_S36	24_58_M	GAT	True	4	True	K12_B002898_S36.mus-7-0-1	exact_library_id_plus_documented_alignment_suffix	K12_B002898_S36.mus-7-0-1-1	one_assay_suffix	24m	1	nan	CD4-positive, alpha-beta T cell	nan	nan	facs	24_58_M	668516.0	1939.0	male	Fat	GAT	nan	4	21
K13_B000331_S253_L004			24	K13_B000331_S253_L004	24_61_M	GAT	False	1	False	K13_B000331_S253_L004.mus-6-0-1	exact_library_id_plus_documented_alignment_suffix	K13_B000331_S253_L004.mus-6-0-1-1	one_assay_suffix	24m	1	nan	B cell	nan	nan	facs	24_61_M	508826.0	3502.0	male	Fat	GAT	nan	0	48
K13_B001183_S193_L003			24	K13_B001183_S193_L003	24_59_M	MAT	False	1	False	K13_B001183_S193_L003.mus-1-0-1	exact_library_id_plus_documented_alignment_suffix	K13_B001183_S193_L003.mus-1-0-1-1	one_assay_suffix	24m	1	nan	CD8-positive, alpha-beta T cell	nan	nan	facs	24_59_M	457520.0	1606.0	male	Fat	MAT	nan	4	9
K13_B001190_S289			24	K13_B001190_S289	24_58_M	MAT	False	1	False	K13_B001190_S289.mus-7-0-1	exact_library_id_plus_documented_alignment_suffix	K13_B001190_S289.mus-7-0-1-1	one_assay_suffix	24m	1	nan	CD8-positive, alpha-beta T cell	nan	nan	facs	24_58_M	507858.0	1680.0	male	Fat	MAT	nan	6	5
K13_B001397_S121_L001			24	K13_B001397_S121_L001	24_59_M	Thymus	False	1	False	K13_B001397_S121_L001.mus-5-0-1	exact_library_id_plus_documented_alignment_suffix	K13_B001397_S121_L001.mus-5-0-1-1	one_assay_suffix	24m	1	nan	thymocyte	nan	DN to DP transition (most are Cd8+/ Cd4+, some undergoing VDJ recombination)	facs	24_59_M	29001.0	1439.0	male	Flowthrough	Thymus	nan	21	23
K13_B002900_S61_L003			24	K13_B002900_S61_L003	24_59_M	GAT	False	1	False	K13_B002900_S61_L003.mus-4-0-1	exact_library_id_plus_documented_alignment_suffix	K13_B002900_S61_L003.mus-4-0-1-1	one_assay_suffix	24m	1	nan	CD8-positive, alpha-beta T cell	nan	nan	facs	24_59_M	1760802.0	3123.0	male	Fat	GAT	nan	4	21
K14_B000331_S254_L004			24	K14_B000331_S254_L004	24_61_M	GAT	False	1	False	K14_B000331_S254_L004.mus-6-0-1	exact_library_id_plus_documented_alignment_suffix	K14_B000331_S254_L004.mus-6-0-1-1	one_assay_suffix	24m	1	nan	CD8-positive, alpha-beta T cell	nan	nan	facs	24_61_M	236463.0	1608.0	male	Fat	GAT	nan	4	9
K14_B000337_S146_L003			24	K14_B000337_S146_L003	24_60_M	GAT	False	1	False	K14_B000337_S146_L003.mus-0-0-1	exact_library_id_plus_documented_alignment_suffix	K14_B000337_S146_L003.mus-0-0-1-1	one_assay_suffix	24m	1	nan	CD8-positive, alpha-beta T cell	nan	nan	facs	24_60_M	1449593.0	3039.0	male	Fat	GAT	nan	4	9
K14_B001277_S254_L002			24	K14_B001277_S254_L002	24_61_M	Thymus	False	1	False	K14_B001277_S254_L002.mus-6-0-1	exact_library_id_plus_documented_alignment_suffix	K14_B001277_S254_L002.mus-6-0-1-1	one_assay_suffix	24m	1	nan	thymocyte	nan	proliferating thymocyte; DN to DP transition, dividing (some are Cd8+/ Cd4+, some undergoing VDJ recombination)	facs	24_61_M	2880293.0	5548.0	male	Flowthrough	Thymus	nan	21	23
K14_B001385_S26_L003			24	K14_B001385_S26_L003	24_58_M	Thymus	False	1	False	K14_B001385_S26_L003.mus-4-0-1	exact_library_id_plus_documented_alignment_suffix	K14_B001385_S26_L003.mus-4-0-1-1	one_assay_suffix	24m	1	nan	thymocyte	nan	proliferating thymocyte; DN to DP transition, dividing (some are Cd8+/ Cd4+, some undergoing VDJ recombination)	facs	24_58_M	1185405.0	2811.0	male	Flowthrough	Thymus	nan	21	23
K14_B002892_S278			24	K14_B002892_S278	24_58_M	Marrow	False	1	False	K14_B002892_S278.mus-7-0-1	exact_library_id_plus_documented_alignment_suffix	K14_B002892_S278.mus-7-0-1-1	one_assay_suffix	24m	1	nan	mature alpha-beta T cell	nan	BM CD8 + CD4 T cell	facs	24_58_M	79067.0	724.0	male	T-cells	Marrow	nan	4	9
K14_B002949_S26_L002			24	K14_B002949_S26_L002	24_59_M	Marrow	False	1	False	K14_B002949_S26_L002.mus-5-0-1	exact_library_id_plus_documented_alignment_suffix	K14_B002949_S26_L002.mus-5-0-1-1	one_assay_suffix	24m	1	nan	mature alpha-beta T cell	nan	BM CD8 + CD4 T cell	facs	24_59_M	1656426.0	2298.0	male	T-cells	Marrow	nan	4	9
K15_B000848_S231_L003			24	K15_B000848_S231_L003	24_60_M	Spleen	False	1	False	K15_B000848_S231_L003.mus-5-0-1	exact_library_id_plus_documented_alignment_suffix	K15_B000848_S231_L003.mus-5-0-1-1	one_assay_suffix	24m	1	nan	CD4-positive, alpha-beta T cell	nan	Cd3e T cell	facs	24_60_M	600968.0	2235.0	male	nan	Spleen	nan	6	5
K15_B001190_S291			24	K15_B001190_S291	24_58_M	MAT	False	1	False	K15_B001190_S291.mus-7-0-1	exact_library_id_plus_documented_alignment_suffix	K15_B001190_S291.mus-7-0-1-1	one_assay_suffix	24m	1	nan	CD4-positive, alpha-beta T cell	nan	nan	facs	24_58_M	384402.0	1392.0	male	Fat	MAT	nan	6	5
K15_B001385_S27_L003			24	K15_B001385_S27_L003	24_58_M	Thymus	False	1	False	K15_B001385_S27_L003.mus-4-0-1	exact_library_id_plus_documented_alignment_suffix	K15_B001385_S27_L003.mus-4-0-1-1	one_assay_suffix	24m	1	nan	thymocyte	nan	DN to DP transition (most are Cd8+/ Cd4+, some undergoing VDJ recombination)	facs	24_58_M	395847.0	1693.0	male	Flowthrough	Thymus	nan	21	23
K15_B001397_S123_L001			24	K15_B001397_S123_L001	24_59_M	Thymus	False	1	False	K15_B001397_S123_L001.mus-5-0-1	exact_library_id_plus_documented_alignment_suffix	K15_B001397_S123_L001.mus-5-0-1-1	one_assay_suffix	24m	1	nan	thymocyte	nan	proliferating thymocyte; DN to DP transition, dividing (some are Cd8+/ Cd4+, some undergoing VDJ recombination)	facs	24_59_M	45222.0	2007.0	male	Flowthrough	Thymus	nan	21	23
K15_B002892_S279			24	K15_B002892_S279	24_58_M	Marrow	False	1	False	K15_B002892_S279.mus-7-0-1	exact_library_id_plus_documented_alignment_suffix	K15_B002892_S279.mus-7-0-1-1	one_assay_suffix	24m	1	nan	CD4-positive, alpha-beta T cell	nan	BM CD4 T cell	facs	24_58_M	900444.0	945.0	male	T-cells	Marrow	nan	4	21
K16_B000848_S232_L003			24	K16_B000848_S232_L003	24_60_M	Spleen	False	1	False	K16_B000848_S232_L003.mus-5-0-1	exact_library_id_plus_documented_alignment_suffix	K16_B000848_S232_L003.mus-5-0-1-1	one_assay_suffix	24m	1	nan	CD8-positive, alpha-beta T cell	nan	Cd3e T cell	facs	24_60_M	172554.0	1339.0	male	nan	Spleen	nan	6	5
K16_B001190_S292			24	K16_B001190_S292	24_58_M	MAT	False	1	False	K16_B001190_S292.mus-7-0-1	exact_library_id_plus_documented_alignment_suffix	K16_B001190_S292.mus-7-0-1-1	one_assay_suffix	24m	1	nan	CD8-positive, alpha-beta T cell	nan	nan	facs	24_58_M	492928.0	1311.0	male	Fat	MAT	nan	6	5
K16_B001385_S28_L003			24	K16_B001385_S28_L003	24_58_M	Thymus	False	1	False	K16_B001385_S28_L003.mus-4-0-1	exact_library_id_plus_documented_alignment_suffix	K16_B001385_S28_L003.mus-4-0-1-1	one_assay_suffix	24m	1	nan	thymocyte	nan	proliferating thymocyte; DN to DP transition, dividing (some are Cd8+/ Cd4+, some undergoing VDJ recombination)	facs	24_58_M	1462421.0	3332.0	male	Flowthrough	Thymus	nan	21	23
K16_B001397_S124_L001			24	K16_B001397_S124_L001	24_59_M	Thymus	False	1	False	K16_B001397_S124_L001.mus-5-0-1	exact_library_id_plus_documented_alignment_suffix	K16_B001397_S124_L001.mus-5-0-1-1	one_assay_suffix	24m	1	nan	thymocyte	nan	proliferating thymocyte; DN to DP transition, dividing (some are Cd8+/ Cd4+, some undergoing VDJ recombination)	facs	24_59_M	408691.0	2442.0	male	Flowthrough	Thymus	nan	21	23
K16_B002907_S280_L003			24	K16_B002907_S280_L003	24_59_M	SCAT	False	1	False	K16_B002907_S280_L003.mus-1-0-1	exact_library_id_plus_documented_alignment_suffix	K16_B002907_S280_L003.mus-1-0-1-1	one_assay_suffix	24m	1	nan	CD8-positive, alpha-beta T cell	nan	nan	facs	24_59_M	703962.0	2138.0	male	Fat	SCAT	nan	4	21
K17_B000844_S209_L001			24	K17_B000844_S209_L001	24_60_M	Kidney	False	1	False	K17_B000844_S209_L001.mus-5-0-1	exact_library_id_plus_documented_alignment_suffix	K17_B000844_S209_L001.mus-5-0-1-1	one_assay_suffix	24m	1	nan	T cell	nan	T cell	facs	24_60_M	845964.0	2627.0	male	nan	Kidney	nan	4	21
K17_B001397_S125_L001			24	K17_B001397_S125_L001	24_59_M	Thymus	False	1	False	K17_B001397_S125_L001.mus-5-0-1	exact_library_id_plus_documented_alignment_suffix	K17_B001397_S125_L001.mus-5-0-1-1	one_assay_suffix	24m	1	nan	thymocyte	nan	DN to DP transition (most are Cd8+/ Cd4+, some undergoing VDJ recombination)	facs	24_59_M	9771.0	1082.0	male	Flowthrough	Thymus	nan	21	23
K17_B001615_S293_L001	64.0	3.0	24	K17_B001615_S293_L001	24_60_M	Brain_Non-Myeloid	True	3	True	K17_B001615_S293_L001.mus-0-0-1	exact_library_id_plus_documented_alignment_suffix	K17_B001615_S293_L001.mus-0-0-1-1	one_assay_suffix	24m	1	nan	CD8-positive, alpha-beta T cell	nan	nan	facs	24_60_M	1478487.0	812.0	male	Cortex	Brain_Non-Myeloid	nan	4	9
K18_B000848_S234_L003			24	K18_B000848_S234_L003	24_60_M	Spleen	False	1	False	K18_B000848_S234_L003.mus-5-0-1	exact_library_id_plus_documented_alignment_suffix	K18_B000848_S234_L003.mus-5-0-1-1	one_assay_suffix	24m	1	nan	CD8-positive, alpha-beta T cell	nan	nan	facs	24_60_M	290879.0	2269.0	male	nan	Spleen	nan	4	9
K18_B001385_S30_L003			24	K18_B001385_S30_L003	24_58_M	Thymus	False	1	False	K18_B001385_S30_L003.mus-4-0-1	exact_library_id_plus_documented_alignment_suffix	K18_B001385_S30_L003.mus-4-0-1-1	one_assay_suffix	24m	1	nan	thymocyte	nan	DN to DP transition (most are Cd8+/ Cd4+, some undergoing VDJ recombination)	facs	24_58_M	526694.0	1423.0	male	Flowthrough	Thymus	nan	21	23
K18_B001397_S126_L001			24	K18_B001397_S126_L001	24_59_M	Thymus	False	1	False	K18_B001397_S126_L001.mus-5-0-1	exact_library_id_plus_documented_alignment_suffix	K18_B001397_S126_L001.mus-5-0-1-1	one_assay_suffix	24m	1	nan	thymocyte	nan	proliferating thymocyte; DN to DP transition, dividing (some are Cd8+/ Cd4+, some undergoing VDJ recombination)	facs	24_59_M	15244.0	1491.0	male	Flowthrough	Thymus	nan	21	23
K18_B003031_S54_L004			24	K18_B003031_S54_L004	24_60_M	Marrow	False	1	False	K18_B003031_S54_L004.mus-5-0-1	exact_library_id_plus_documented_alignment_suffix	K18_B003031_S54_L004.mus-5-0-1-1	one_assay_suffix	24m	1	nan	mature alpha-beta T cell	nan	BM CD8 + CD4 T cell	facs	24_60_M	60874.0	1079.0	male	T-cells	Marrow	nan	6	5
K19_B000851_S259_L004	53.0	2.0	24	K19_B000851_S259_L004	24_61_M	Spleen	True	2	True	K19_B000851_S259_L004.mus-6-0-1	exact_library_id_plus_documented_alignment_suffix	K19_B000851_S259_L004.mus-6-0-1-1	one_assay_suffix	24m	1	nan	CD8-positive, alpha-beta T cell	nan	nan	facs	24_61_M	55560.0	1655.0	male	nan	Spleen	nan	4	9
K19_B001277_S259_L002			24	K19_B001277_S259_L002	24_61_M	Thymus	False	1	False	K19_B001277_S259_L002.mus-6-0-1	exact_library_id_plus_documented_alignment_suffix	K19_B001277_S259_L002.mus-6-0-1-1	one_assay_suffix	24m	1	nan	thymocyte	nan	proliferating thymocyte; DN to DP transition, dividing (some are Cd8+/ Cd4+, some undergoing VDJ recombination)	facs	24_61_M	2313320.0	4865.0	male	Flowthrough	Thymus	nan	21	23
K19_B001385_S31_L003	103.0	2.0	24	K19_B001385_S31_L003	24_58_M	Thymus	True	2	True	K19_B001385_S31_L003.mus-4-0-1	exact_library_id_plus_documented_alignment_suffix	K19_B001385_S31_L003.mus-4-0-1-1	one_assay_suffix	24m	1	nan	DN4 thymocyte	nan	DN4 thymocyte	facs	24_58_M	3261621.0	2029.0	male	Flowthrough	Thymus	nan	4	21
K19_B001397_S127_L001			24	K19_B001397_S127_L001	24_59_M	Thymus	False	1	False	K19_B001397_S127_L001.mus-5-0-1	exact_library_id_plus_documented_alignment_suffix	K19_B001397_S127_L001.mus-5-0-1-1	one_assay_suffix	24m	1	nan	thymocyte	nan	DN to DP transition (most are Cd8+/ Cd4+, some undergoing VDJ recombination)	facs	24_59_M	16354.0	1196.0	male	Flowthrough	Thymus	nan	21	23
K19_B002892_S283			24	K19_B002892_S283	24_58_M	Marrow	False	1	False	K19_B002892_S283.mus-7-0-1	exact_library_id_plus_documented_alignment_suffix	K19_B002892_S283.mus-7-0-1-1	one_assay_suffix	24m	1	nan	promonocyte	nan	monocyte + promonocyte	facs	24_58_M	653775.0	3036.0	male	T-cells	Marrow	nan	15	17
K19_B002946_S295_L002	22.0	3.0	24	K19_B002946_S295_L002	24_58_M	Lung	True	3	True	K19_B002946_S295_L002.mus-4-0-1	exact_library_id_plus_documented_alignment_suffix	K19_B002946_S295_L002.mus-4-0-1-1	one_assay_suffix	24m	1	nan	CD8-positive, alpha-beta T cell	nan	CD8+ T	facs	24_58_M	171520.0	1206.0	male	EPCAM	Lung	nan	4	9
K19_B003900_S103_L004	11.0	2.0	24	K19_B003900_S103_L004	24_58_M	Brain_Non-Myeloid	True	2	True	K19_B003900_S103_L004.mus-4-0-1	exact_library_id_plus_documented_alignment_suffix		unmatched																
K1_B001277_S241_L002			24	K1_B001277_S241_L002	24_61_M	Thymus	False	1	False	K1_B001277_S241_L002.mus-6-0-1	exact_library_id_plus_documented_alignment_suffix	K1_B001277_S241_L002.mus-6-0-1-1	one_assay_suffix	24m	1	nan	DN4 thymocyte	nan	DN4 thymocyte	facs	24_61_M	885112.0	2597.0	male	Flowthrough	Thymus	nan	6	5
K1_B001385_S13_L003			24	K1_B001385_S13_L003	24_58_M	Thymus	False	1	False	K1_B001385_S13_L003.mus-4-0-1	exact_library_id_plus_documented_alignment_suffix	K1_B001385_S13_L003.mus-4-0-1-1	one_assay_suffix	24m	1	nan	DN4 thymocyte	nan	DN4 thymocyte	facs	24_58_M	1112908.0	2879.0	male	Flowthrough	Thymus	nan	6	5
K1_B003031_S37_L004			24	K1_B003031_S37_L004	24_60_M	Marrow	False	1	False	K1_B003031_S37_L004.mus-5-0-1	exact_library_id_plus_documented_alignment_suffix	K1_B003031_S37_L004.mus-5-0-1-1	one_assay_suffix	24m	1	nan	promonocyte	nan	monocyte + promonocyte	facs	24_60_M	3519439.0	2328.0	male	T-cells	Marrow	nan	15	17
K20_B000851_S260_L004	30.0	4.0	24	K20_B000851_S260_L004	24_61_M	Spleen	True	4	True	K20_B000851_S260_L004.mus-6-0-1	exact_library_id_plus_documented_alignment_suffix	K20_B000851_S260_L004.mus-6-0-1-1	one_assay_suffix	24m	1	nan	CD8-positive, alpha-beta T cell	nan	nan	facs	24_61_M	73120.0	1276.0	male	nan	Spleen	nan	4	9
K20_B001385_S32_L003			24	K20_B001385_S32_L003	24_58_M	Thymus	False	1	False	K20_B001385_S32_L003.mus-4-0-1	exact_library_id_plus_documented_alignment_suffix	K20_B001385_S32_L003.mus-4-0-1-1	one_assay_suffix	24m	1	nan	thymocyte	nan	proliferating thymocyte; DN to DP transition, dividing (some are Cd8+/ Cd4+, some undergoing VDJ recombination)	facs	24_58_M	667302.0	1806.0	male	Flowthrough	Thymus	nan	21	23
K20_B001397_S128_L001			24	K20_B001397_S128_L001	24_59_M	Thymus	False	1	False	K20_B001397_S128_L001.mus-5-0-1	exact_library_id_plus_documented_alignment_suffix	K20_B001397_S128_L001.mus-5-0-1-1	one_assay_suffix	24m	1	nan	thymocyte	nan	proliferating thymocyte; DN to DP transition, dividing (some are Cd8+/ Cd4+, some undergoing VDJ recombination)	facs	24_59_M	18359.0	1414.0	male	Flowthrough	Thymus	nan	21	23
K21_B000851_S261_L004			24	K21_B000851_S261_L004	24_61_M	Spleen	False	1	False	K21_B000851_S261_L004.mus-6-0-1	exact_library_id_plus_documented_alignment_suffix	K21_B000851_S261_L004.mus-6-0-1-1	one_assay_suffix	24m	1	nan	CD8-positive, alpha-beta T cell	nan	nan	facs	24_61_M	56903.0	1236.0	male	nan	Spleen	nan	4	9
K21_B001277_S261_L002			24	K21_B001277_S261_L002	24_61_M	Thymus	False	1	False	K21_B001277_S261_L002.mus-6-0-1	exact_library_id_plus_documented_alignment_suffix	K21_B001277_S261_L002.mus-6-0-1-1	one_assay_suffix	24m	1	nan	thymocyte	nan	proliferating thymocyte; DN to DP transition, dividing (some are Cd8+/ Cd4+, some undergoing VDJ recombination)	facs	24_61_M	3204493.0	5172.0	male	Flowthrough	Thymus	nan	21	23
K21_B001385_S33_L003			24	K21_B001385_S33_L003	24_58_M	Thymus	False	1	False	K21_B001385_S33_L003.mus-4-0-1	exact_library_id_plus_documented_alignment_suffix	K21_B001385_S33_L003.mus-4-0-1-1	one_assay_suffix	24m	1	nan	thymocyte	nan	proliferating thymocyte; DN to DP transition, dividing (some are Cd8+/ Cd4+, some undergoing VDJ recombination)	facs	24_58_M	2457117.0	4069.0	male	Flowthrough	Thymus	nan	21	23
K21_B001397_S129_L001			24	K21_B001397_S129_L001	24_59_M	Thymus	False	1	False	K21_B001397_S129_L001.mus-5-0-1	exact_library_id_plus_documented_alignment_suffix	K21_B001397_S129_L001.mus-5-0-1-1	one_assay_suffix	24m	1	nan	thymocyte	nan	proliferating thymocyte; DN to DP transition, dividing (some are Cd8+/ Cd4+, some undergoing VDJ recombination)	facs	24_59_M	22692.0	1855.0	male	Flowthrough	Thymus	nan	21	23
K21_B002875_S129_L001	21.0	4.0	24	K21_B002875_S129_L001	24_59_M	Lung	True	4	True	K21_B002875_S129_L001.mus-2-0-1	exact_library_id_plus_documented_alignment_suffix	K21_B002875_S129_L001.mus-2-0-1-1	one_assay_suffix	24m	1	nan	T cell	nan	Ly6g5b+ T	facs	24_59_M	933912.0	1297.0	male	EPCAM	Lung	nan	4	21
K21_B003902_S81_L002			24	K21_B003902_S81_L002	24_59_M	Liver	False	1	False	K21_B003902_S81_L002.mus-2-0-1	exact_library_id_plus_documented_alignment_suffix	K21_B003902_S81_L002.mus-2-0-1-1	one_assay_suffix	24m	1	nan	CD4-positive, alpha-beta T cell	nan	nan	facs	24_59_M	64010.0	768.0	male	Non-hepatocytes	Liver	nan	6	5
K22_B001261_S238_L003			24	K22_B001261_S238_L003	24_59_M	Kidney	False	1	False	K22_B001261_S238_L003.mus-2-0-1	exact_library_id_plus_documented_alignment_suffix	K22_B001261_S238_L003.mus-2-0-1-1	one_assay_suffix	24m	1	nan	T cell	nan	T cell	facs	24_59_M	1899153.0	1363.0	male	nan	Kidney	nan	4	9
K22_B001263_S130			24	K22_B001263_S130	24_58_M	Spleen	False	1	False	K22_B001263_S130.mus-7-0-1	exact_library_id_plus_documented_alignment_suffix	K22_B001263_S130.mus-7-0-1-1	one_assay_suffix	24m	1	nan	CD4-positive, alpha-beta T cell	nan	Cd3e T cell	facs	24_58_M	903789.0	1129.0	male	nan	Spleen	nan	4	21
K22_B001385_S34_L003	103.0	2.0	24	K22_B001385_S34_L003	24_58_M	Thymus	True	2	True	K22_B001385_S34_L003.mus-4-0-1	exact_library_id_plus_documented_alignment_suffix	K22_B001385_S34_L003.mus-4-0-1-1	one_assay_suffix	24m	1	nan	DN4 thymocyte	nan	DN4 thymocyte	facs	24_58_M	1276687.0	1826.0	male	Flowthrough	Thymus	nan	4	21
K22_B001397_S130_L001			24	K22_B001397_S130_L001	24_59_M	Thymus	False	1	False	K22_B001397_S130_L001.mus-5-0-1	exact_library_id_plus_documented_alignment_suffix	K22_B001397_S130_L001.mus-5-0-1-1	one_assay_suffix	24m	1	nan	thymocyte	nan	proliferating thymocyte; DN to DP transition, dividing (some are Cd8+/ Cd4+, some undergoing VDJ recombination)	facs	24_59_M	8232.0	1305.0	male	Flowthrough	Thymus	nan	21	23
K2_B001385_S14_L003			24	K2_B001385_S14_L003	24_58_M	Thymus	False	1	False	K2_B001385_S14_L003.mus-4-0-1	exact_library_id_plus_documented_alignment_suffix	K2_B001385_S14_L003.mus-4-0-1-1	one_assay_suffix	24m	1	nan	DN4 thymocyte	nan	DN4 thymocyte	facs	24_58_M	879798.0	2207.0	male	Flowthrough	Thymus	nan	6	5
K2_B001397_S110_L001			24	K2_B001397_S110_L001	24_59_M	Thymus	False	1	False	K2_B001397_S110_L001.mus-5-0-1	exact_library_id_plus_documented_alignment_suffix	K2_B001397_S110_L001.mus-5-0-1-1	one_assay_suffix	24m	1	nan	DN4 thymocyte	nan	DN4 thymocyte	facs	24_59_M	276666.0	2131.0	male	Flowthrough	Thymus	nan	6	5
K2_B003232_S14_L002			24	K2_B003232_S14_L002	24_60_M	Brain_Non-Myeloid	False	1	False	K2_B003232_S14_L002.mus-0-0-1	exact_library_id_plus_documented_alignment_suffix	K2_B003232_S14_L002.mus-0-0-1-1	one_assay_suffix	24m	1	nan	T cell	nan	nan	facs	24_60_M	5622944.0	1081.0	male	Cerebellum	Brain_Non-Myeloid	nan	6	5
K3_B001242_S135	101.0	2.0	24	K3_B001242_S135	24_58_M	Liver	True	2	True	K3_B001242_S135.mus-7-0-1	exact_library_id_plus_documented_alignment_suffix	K3_B001242_S135.mus-7-0-1-1	one_assay_suffix	24m	1	nan	T cell	nan	nan	facs	24_58_M	2930390.0	2049.0	male	Non-hepatocytes	Liver	nan	4	9
K3_B001263_S111			24	K3_B001263_S111	24_58_M	Spleen	False	1	False	K3_B001263_S111.mus-7-0-1	exact_library_id_plus_documented_alignment_suffix	K3_B001263_S111.mus-7-0-1-1	one_assay_suffix	24m	1	nan	CD4-positive, alpha-beta T cell	nan	nan	facs	24_58_M	874471.0	2282.0	male	nan	Spleen	nan	4	9
K3_B001277_S243_L002			24	K3_B001277_S243_L002	24_61_M	Thymus	False	1	False	K3_B001277_S243_L002.mus-6-0-1	exact_library_id_plus_documented_alignment_suffix	K3_B001277_S243_L002.mus-6-0-1-1	one_assay_suffix	24m	1	nan	DN4 thymocyte	nan	DN4 thymocyte	facs	24_61_M	638500.0	2092.0	male	Flowthrough	Thymus	nan	4	5
K3_B001615_S279_L001	33.0	3.0	24	K3_B001615_S279_L001	24_60_M	Brain_Non-Myeloid	True	3	True	K3_B001615_S279_L001.mus-0-0-1	exact_library_id_plus_documented_alignment_suffix	K3_B001615_S279_L001.mus-0-0-1-1	one_assay_suffix	24m	1	nan	CD8-positive, alpha-beta T cell	nan	nan	facs	24_60_M	1383724.0	1064.0	male	Cortex	Brain_Non-Myeloid	nan	4	9
K3_B003233_S243_L003	19.0	7.0	24	K3_B003233_S243_L003	24_61_M	Heart	True	7	True	K3_B003233_S243_L003.mus-8-0-1	exact_library_id_plus_documented_alignment_suffix	K3_B003233_S243_L003.mus-8-0-1-1	one_assay_suffix	24m	1	nan	T cell	nan	T cell	facs	24_61_M	1096290.0	973.0	male	RV	Heart	nan	4	9
K3_B003902_S63_L002			24	K3_B003902_S63_L002	24_59_M	Liver	False	1	False	K3_B003902_S63_L002.mus-2-0-1	exact_library_id_plus_documented_alignment_suffix	K3_B003902_S63_L002.mus-2-0-1-1	one_assay_suffix	24m	1	nan	mature NK T cell	nan	nan	facs	24_59_M	2549774.0	956.0	male	Non-hepatocytes	Liver	nan	4	21
K4_B000830_S244_L004			24	K4_B000830_S244_L004	24_60_M	Thymus	False	1	False	K4_B000830_S244_L004.mus-8-0-1	exact_library_id_plus_documented_alignment_suffix	K4_B000830_S244_L004.mus-8-0-1-1	one_assay_suffix	24m	1	nan	DN4 thymocyte	nan	DN4 thymocyte	facs	24_60_M	105261.0	1330.0	male	Flowthrough	Thymus	nan	4	21
K4_B001243_S148_L002			24	K4_B001243_S148_L002	24_59_M	Liver	False	1	False	K4_B001243_S148_L002.mus-2-0-1	exact_library_id_plus_documented_alignment_suffix	K4_B001243_S148_L002.mus-2-0-1-1	one_assay_suffix	24m	1	nan	CD4-positive, alpha-beta T cell	nan	nan	facs	24_59_M	42768.0	1105.0	male	Non-hepatocytes	Liver	nan	4	21
K4_B001272_S28_L001	41.0	2.0	24	K4_B001272_S28_L001	24_60_M	Thymus	True	1	False	K4_B001272_S28_L001.mus-5-0-1	exact_library_id_plus_documented_alignment_suffix		unmatched																
K4_B001277_S244_L002			24	K4_B001277_S244_L002	24_61_M	Thymus	False	1	False	K4_B001277_S244_L002.mus-6-0-1	exact_library_id_plus_documented_alignment_suffix	K4_B001277_S244_L002.mus-6-0-1-1	one_assay_suffix	24m	1	nan	DN4 thymocyte	nan	DN4 thymocyte	facs	24_61_M	834749.0	2167.0	male	Flowthrough	Thymus	nan	6	5
K4_B001397_S112_L001			24	K4_B001397_S112_L001	24_59_M	Thymus	False	1	False	K4_B001397_S112_L001.mus-5-0-1	exact_library_id_plus_documented_alignment_suffix	K4_B001397_S112_L001.mus-5-0-1-1	one_assay_suffix	24m	1	nan	DN4 thymocyte	nan	DN4 thymocyte	facs	24_59_M	147069.0	1546.0	male	Flowthrough	Thymus	nan	6	5
K4_B002892_S268			24	K4_B002892_S268	24_58_M	Marrow	False	1	False	K4_B002892_S268.mus-7-0-1	exact_library_id_plus_documented_alignment_suffix	K4_B002892_S268.mus-7-0-1-1	one_assay_suffix	24m	1	nan	promonocyte	nan	monocyte + promonocyte	facs	24_58_M	928877.0	1945.0	male	T-cells	Marrow	nan	4	21
K5_B000848_S221_L003			24	K5_B000848_S221_L003	24_60_M	Spleen	False	1	False	K5_B000848_S221_L003.mus-5-0-1	exact_library_id_plus_documented_alignment_suffix	K5_B000848_S221_L003.mus-5-0-1-1	one_assay_suffix	24m	1	nan	CD8-positive, alpha-beta T cell	nan	nan	facs	24_60_M	1775662.0	3760.0	male	nan	Spleen	nan	4	9
K5_B001263_S113			24	K5_B001263_S113	24_58_M	Spleen	False	1	False	K5_B001263_S113.mus-7-0-1	exact_library_id_plus_documented_alignment_suffix	K5_B001263_S113.mus-7-0-1-1	one_assay_suffix	24m	1	nan	CD8-positive, alpha-beta T cell	nan	nan	facs	24_58_M	322507.0	1153.0	male	nan	Spleen	nan	6	5
K5_B001277_S245_L002	18.0	2.0	24	K5_B001277_S245_L002	24_61_M	Thymus	True	2	True	K5_B001277_S245_L002.mus-6-0-1	exact_library_id_plus_documented_alignment_suffix	K5_B001277_S245_L002.mus-6-0-1-1	one_assay_suffix	24m	1	nan	DN4 thymocyte	nan	DN4 thymocyte	facs	24_61_M	717834.0	2326.0	male	Flowthrough	Thymus	nan	4	9
K5_B001385_S17_L003			24	K5_B001385_S17_L003	24_58_M	Thymus	False	1	False	K5_B001385_S17_L003.mus-4-0-1	exact_library_id_plus_documented_alignment_suffix	K5_B001385_S17_L003.mus-4-0-1-1	one_assay_suffix	24m	1	nan	DN4 thymocyte	nan	DN4 thymocyte	facs	24_58_M	624786.0	1677.0	male	Flowthrough	Thymus	nan	6	5
K5_B001397_S113_L001			24	K5_B001397_S113_L001	24_59_M	Thymus	False	1	False	K5_B001397_S113_L001.mus-5-0-1	exact_library_id_plus_documented_alignment_suffix	K5_B001397_S113_L001.mus-5-0-1-1	one_assay_suffix	24m	1	nan	DN4 thymocyte	nan	DN4 thymocyte	facs	24_59_M	161577.0	1393.0	male	Flowthrough	Thymus	nan	6	5
K5_B002892_S269			24	K5_B002892_S269	24_58_M	Marrow	False	1	False	K5_B002892_S269.mus-7-0-1	exact_library_id_plus_documented_alignment_suffix	K5_B002892_S269.mus-7-0-1-1	one_assay_suffix	24m	1	nan	CD4-positive, alpha-beta T cell	nan	BM CD4 T cell	facs	24_58_M	440388.0	793.0	male	T-cells	Marrow	nan	4	21
K5_B003234_S5_L004			24	K5_B003234_S5_L004	24_60_M	Lung	False	1	False	K5_B003234_S5_L004.mus-5-0-1	exact_library_id_plus_documented_alignment_suffix	K5_B003234_S5_L004.mus-5-0-1-1	one_assay_suffix	24m	1	nan	CD8-positive, alpha-beta T cell	nan	CD8+ T	facs	24_60_M	1036560.0	3439.0	male	EPCAM	Lung	nan	4	21
K6_B000830_S246_L004			24	K6_B000830_S246_L004	24_60_M	Thymus	False	1	False	K6_B000830_S246_L004.mus-8-0-1	exact_library_id_plus_documented_alignment_suffix	K6_B000830_S246_L004.mus-8-0-1-1	one_assay_suffix	24m	1	nan	DN4 thymocyte	nan	DN4 thymocyte	facs	24_60_M	1244396.0	2774.0	male	Flowthrough	Thymus	nan	4	48
K6_B001263_S114			24	K6_B001263_S114	24_58_M	Spleen	False	1	False	K6_B001263_S114.mus-7-0-1	exact_library_id_plus_documented_alignment_suffix	K6_B001263_S114.mus-7-0-1-1	one_assay_suffix	24m	1	nan	CD4-positive, alpha-beta T cell	nan	Cd3e T cell	facs	24_58_M	549518.0	1725.0	male	nan	Spleen	nan	6	5
K6_B001277_S246_L002			24	K6_B001277_S246_L002	24_61_M	Thymus	False	1	False	K6_B001277_S246_L002.mus-6-0-1	exact_library_id_plus_documented_alignment_suffix	K6_B001277_S246_L002.mus-6-0-1-1	one_assay_suffix	24m	1	nan	DN4 thymocyte	nan	DN4 thymocyte	facs	24_61_M	478887.0	2068.0	male	Flowthrough	Thymus	nan	6	5
K7_B000830_S247_L004			24	K7_B000830_S247_L004	24_60_M	Thymus	False	1	False	K7_B000830_S247_L004.mus-8-0-1	exact_library_id_plus_documented_alignment_suffix	K7_B000830_S247_L004.mus-8-0-1-1	one_assay_suffix	24m	1	nan	DN4 thymocyte	nan	DN4 thymocyte	facs	24_60_M	3576900.0	1870.0	male	Flowthrough	Thymus	nan	4	9
K7_B001397_S115_L001			24	K7_B001397_S115_L001	24_59_M	Thymus	False	1	False	K7_B001397_S115_L001.mus-5-0-1	exact_library_id_plus_documented_alignment_suffix	K7_B001397_S115_L001.mus-5-0-1-1	one_assay_suffix	24m	1	nan	DN4 thymocyte	nan	DN4 thymocyte	facs	24_59_M	102738.0	1391.0	male	Flowthrough	Thymus	nan	6	5
K8_B001277_S248_L002			24	K8_B001277_S248_L002	24_61_M	Thymus	False	1	False	K8_B001277_S248_L002.mus-6-0-1	exact_library_id_plus_documented_alignment_suffix	K8_B001277_S248_L002.mus-6-0-1-1	one_assay_suffix	24m	1	nan	DN4 thymocyte	nan	DN4 thymocyte	facs	24_61_M	662441.0	1624.0	male	Flowthrough	Thymus	nan	6	5
K8_B001385_S20_L003			24	K8_B001385_S20_L003	24_58_M	Thymus	False	1	False	K8_B001385_S20_L003.mus-4-0-1	exact_library_id_plus_documented_alignment_suffix	K8_B001385_S20_L003.mus-4-0-1-1	one_assay_suffix	24m	1	nan	DN4 thymocyte	nan	DN4 thymocyte	facs	24_58_M	504116.0	2009.0	male	Flowthrough	Thymus	nan	4	9
K8_B001386_S188_L003	65.0	2.0	24	K8_B001386_S188_L003	24_58_M	Liver	True	2	True	K8_B001386_S188_L003.mus-2-0-1	exact_library_id_plus_documented_alignment_suffix	K8_B001386_S188_L003.mus-2-0-1-1	one_assay_suffix	24m	1	nan	mature NK T cell	nan	nan	facs	24_58_M	1048690.0	1628.0	male	Non-hepatocytes	Liver	nan	4	21
K8_B001397_S116_L001			24	K8_B001397_S116_L001	24_59_M	Thymus	False	1	False	K8_B001397_S116_L001.mus-5-0-1	exact_library_id_plus_documented_alignment_suffix	K8_B001397_S116_L001.mus-5-0-1-1	one_assay_suffix	24m	1	nan	DN4 thymocyte	nan	DN4 thymocyte	facs	24_59_M	48438.0	1217.0	male	Flowthrough	Thymus	nan	6	5
K8_B002892_S272			24	K8_B002892_S272	24_58_M	Marrow	False	1	False	K8_B002892_S272.mus-7-0-1	exact_library_id_plus_documented_alignment_suffix	K8_B002892_S272.mus-7-0-1-1	one_assay_suffix	24m	1	nan	CD4-positive, alpha-beta T cell	nan	BM CD4 T cell	facs	24_58_M	1178846.0	2218.0	male	T-cells	Marrow	nan	0	48
K8_B002992_S248_L003			24	K8_B002992_S248_L003	24_61_M	Marrow	False	1	False	K8_B002992_S248_L003.mus-8-0-1	exact_library_id_plus_documented_alignment_suffix	K8_B002992_S248_L003.mus-8-0-1-1	one_assay_suffix	24m	1	nan	mature alpha-beta T cell	nan	BM CD8 + CD4 T cell	facs	24_61_M	1837005.0	992.0	male	T-cells	Marrow	nan	4	9
K9_B000848_S225_L003			24	K9_B000848_S225_L003	24_60_M	Spleen	False	1	False	K9_B000848_S225_L003.mus-5-0-1	exact_library_id_plus_documented_alignment_suffix	K9_B000848_S225_L003.mus-5-0-1-1	one_assay_suffix	24m	1	nan	CD8-positive, alpha-beta T cell	nan	nan	facs	24_60_M	457311.0	1976.0	male	nan	Spleen	nan	4	9
K9_B000851_S249_L004			24	K9_B000851_S249_L004	24_61_M	Spleen	False	1	False	K9_B000851_S249_L004.mus-6-0-1	exact_library_id_plus_documented_alignment_suffix	K9_B000851_S249_L004.mus-6-0-1-1	one_assay_suffix	24m	1	nan	CD8-positive, alpha-beta T cell	nan	nan	facs	24_61_M	6547111.0	2064.0	male	nan	Spleen	nan	4	9
K9_B001263_S117			24	K9_B001263_S117	24_58_M	Spleen	False	1	False	K9_B001263_S117.mus-7-0-1	exact_library_id_plus_documented_alignment_suffix	K9_B001263_S117.mus-7-0-1-1	one_assay_suffix	24m	1	nan	CD8-positive, alpha-beta T cell	nan	nan	facs	24_58_M	420830.0	1507.0	male	nan	Spleen	nan	4	9
K9_B001265_S237_L002			24	K9_B001265_S237_L002	24_59_M	Spleen	False	1	False	K9_B001265_S237_L002.mus-2-0-1	exact_library_id_plus_documented_alignment_suffix	K9_B001265_S237_L002.mus-2-0-1-1	one_assay_suffix	24m	1	nan	CD4-positive, alpha-beta T cell	nan	Cd3e T cell	facs	24_59_M	557115.0	1221.0	male	nan	Spleen	nan	4	21
K9_B001277_S249_L002			24	K9_B001277_S249_L002	24_61_M	Thymus	False	1	False	K9_B001277_S249_L002.mus-6-0-1	exact_library_id_plus_documented_alignment_suffix	K9_B001277_S249_L002.mus-6-0-1-1	one_assay_suffix	24m	1	nan	DN4 thymocyte	nan	DN4 thymocyte	facs	24_61_M	268340.0	1976.0	male	Flowthrough	Thymus	nan	6	5
K9_B001385_S21_L003			24	K9_B001385_S21_L003	24_58_M	Thymus	False	1	False	K9_B001385_S21_L003.mus-4-0-1	exact_library_id_plus_documented_alignment_suffix	K9_B001385_S21_L003.mus-4-0-1-1	one_assay_suffix	24m	1	nan	DN4 thymocyte	nan	DN4 thymocyte	facs	24_58_M	845596.0	2072.0	male	Flowthrough	Thymus	nan	6	5
K9_B002898_S33			24	K9_B002898_S33	24_58_M	GAT	False	1	False	K9_B002898_S33.mus-7-0-1	exact_library_id_plus_documented_alignment_suffix	K9_B002898_S33.mus-7-0-1-1	one_assay_suffix	24m	1	nan	epithelial cell	nan	nan	facs	24_58_M	521828.0	2647.0	male	Fat	GAT	nan	6	5
K9_B003858_S273_L003	16.0	2.0	24	K9_B003858_S273_L003	24_59_M	Heart	True	2	True	K9_B003858_S273_L003.mus-2-0-1	exact_library_id_plus_documented_alignment_suffix	K9_B003858_S273_L003.mus-2-0-1-1	one_assay_suffix	24m	1	nan	T cell	nan	T cell	facs	24_59_M	1159543.0	1687.0	male	RA	Heart	nan	40	47
L10_B000331_S274_L004			24	L10_B000331_S274_L004	24_61_M	GAT	False	1	False	L10_B000331_S274_L004.mus-6-0-1	exact_library_id_plus_documented_alignment_suffix	L10_B000331_S274_L004.mus-6-0-1-1	one_assay_suffix	24m	1	nan	CD4-positive, alpha-beta T cell	nan	nan	facs	24_61_M	93823.0	1155.0	male	Fat	GAT	nan	6	5
L10_B000830_S274_L004	31.0	2.0	24	L10_B000830_S274_L004	24_60_M	Thymus	True	2	True	L10_B000830_S274_L004.mus-8-0-1	exact_library_id_plus_documented_alignment_suffix	L10_B000830_S274_L004.mus-8-0-1-1	one_assay_suffix	24m	1	nan	DN4 thymocyte	nan	DN4 thymocyte	facs	24_60_M	492077.0	2309.0	male	Flowthrough	Thymus	nan	4	9
L10_B001183_S214_L003			24	L10_B001183_S214_L003	24_59_M	MAT	False	1	False	L10_B001183_S214_L003.mus-1-0-1	exact_library_id_plus_documented_alignment_suffix	L10_B001183_S214_L003.mus-1-0-1-1	one_assay_suffix	24m	1	nan	epithelial cell	nan	nan	facs	24_59_M	1578802.0	2546.0	male	Fat	MAT	nan	6	5
L10_B001190_S10			24	L10_B001190_S10	24_58_M	MAT	False	1	False	L10_B001190_S10.mus-7-0-1	exact_library_id_plus_documented_alignment_suffix	L10_B001190_S10.mus-7-0-1-1	one_assay_suffix	24m	1	nan	CD4-positive, alpha-beta T cell	nan	nan	facs	24_58_M	450068.0	1258.0	male	Fat	MAT	nan	6	5
L10_B001385_S46_L003			24	L10_B001385_S46_L003	24_58_M	Thymus	False	1	False	L10_B001385_S46_L003.mus-4-0-1	exact_library_id_plus_documented_alignment_suffix	L10_B001385_S46_L003.mus-4-0-1-1	one_assay_suffix	24m	1	nan	DN4 thymocyte	nan	DN4 thymocyte	facs	24_58_M	704345.0	1824.0	male	Flowthrough	Thymus	nan	6	5
L11_B000337_S167_L003	29.0	2.0	24	L11_B000337_S167_L003	24_60_M	GAT	True	2	True	L11_B000337_S167_L003.mus-0-0-1	exact_library_id_plus_documented_alignment_suffix	L11_B000337_S167_L003.mus-0-0-1-1	one_assay_suffix	24m	1	nan	CD4-positive, alpha-beta T cell	nan	nan	facs	24_60_M	788570.0	1663.0	male	Fat	GAT	nan	4	21
L11_B000830_S275_L004	33.0	3.0	24	L11_B000830_S275_L004	24_60_M	Thymus	True	3	True	L11_B000830_S275_L004.mus-8-0-1	exact_library_id_plus_documented_alignment_suffix	L11_B000830_S275_L004.mus-8-0-1-1	one_assay_suffix	24m	1	nan	DN4 thymocyte	nan	DN4 thymocyte	facs	24_60_M	236142.0	1846.0	male	Flowthrough	Thymus	nan	4	9
L11_B000846_S275_L003	47.0	4.0	24	L11_B000846_S275_L003	24_61_M	Kidney	True	3	True	L11_B000846_S275_L003.mus-6-0-1	exact_library_id_plus_documented_alignment_suffix	L11_B000846_S275_L003.mus-6-0-1-1	one_assay_suffix	24m	1	nan	epithelial cell of proximal tubule	nan	epithelial cell of proximal tubule	facs	24_61_M	221533.0	1898.0	male	nan	Kidney	nan	4	5
L11_B000851_S275_L004			24	L11_B000851_S275_L004	24_61_M	Spleen	False	1	False	L11_B000851_S275_L004.mus-6-0-1	exact_library_id_plus_documented_alignment_suffix	L11_B000851_S275_L004.mus-6-0-1-1	one_assay_suffix	24m	1	nan	CD8-positive, alpha-beta T cell	nan	nan	facs	24_61_M	65675.0	1115.0	male	nan	Spleen	nan	4	9
L11_B001263_S143			24	L11_B001263_S143	24_58_M	Spleen	False	1	False	L11_B001263_S143.mus-7-0-1	exact_library_id_plus_documented_alignment_suffix	L11_B001263_S143.mus-7-0-1-1	one_assay_suffix	24m	1	nan	CD8-positive, alpha-beta T cell	nan	nan	facs	24_58_M	994272.0	2266.0	male	nan	Spleen	nan	4	9
L11_B001277_S275_L002			24	L11_B001277_S275_L002	24_61_M	Thymus	False	1	False	L11_B001277_S275_L002.mus-6-0-1	exact_library_id_plus_documented_alignment_suffix	L11_B001277_S275_L002.mus-6-0-1-1	one_assay_suffix	24m	1	nan	DN4 thymocyte	nan	DN4 thymocyte	facs	24_61_M	566411.0	2156.0	male	Flowthrough	Thymus	nan	4	21
L11_B001385_S47_L003			24	L11_B001385_S47_L003	24_58_M	Thymus	False	1	False	L11_B001385_S47_L003.mus-4-0-1	exact_library_id_plus_documented_alignment_suffix	L11_B001385_S47_L003.mus-4-0-1-1	one_assay_suffix	24m	1	nan	DN4 thymocyte	nan	DN4 thymocyte	facs	24_58_M	469720.0	1715.0	male	Flowthrough	Thymus	nan	6	5
L11_B001397_S143_L001			24	L11_B001397_S143_L001	24_59_M	Thymus	False	1	False	L11_B001397_S143_L001.mus-5-0-1	exact_library_id_plus_documented_alignment_suffix	L11_B001397_S143_L001.mus-5-0-1-1	one_assay_suffix	24m	1	nan	DN4 thymocyte	nan	DN4 thymocyte	facs	24_59_M	118866.0	1555.0	male	Flowthrough	Thymus	nan	6	5
L11_B003031_S71_L004	47.0	4.0	24	L11_B003031_S71_L004	24_60_M	Marrow	True	1	False	L11_B003031_S71_L004.mus-5-0-1	exact_library_id_plus_documented_alignment_suffix	L11_B003031_S71_L004.mus-5-0-1-1	one_assay_suffix	24m	1	nan	mature alpha-beta T cell	nan	BM CD8 + CD4 T cell	facs	24_60_M	199019.0	2414.0	male	T-cells	Marrow	nan	4	21
L12_B000331_S276_L004			24	L12_B000331_S276_L004	24_61_M	GAT	False	1	False	L12_B000331_S276_L004.mus-6-0-1	exact_library_id_plus_documented_alignment_suffix	L12_B000331_S276_L004.mus-6-0-1-1	one_assay_suffix	24m	1	nan	CD4-positive, alpha-beta T cell	nan	nan	facs	24_61_M	114502.0	1091.0	male	Fat	GAT	nan	6	5
L12_B001183_S216_L003	35.0	5.0	24	L12_B001183_S216_L003	24_59_M	MAT	True	5	True	L12_B001183_S216_L003.mus-1-0-1	exact_library_id_plus_documented_alignment_suffix	L12_B001183_S216_L003.mus-1-0-1-1	one_assay_suffix	24m	1	nan	epithelial cell	nan	nan	facs	24_59_M	1505976.0	3454.0	male	Fat	MAT	nan	4	9
L12_B001190_S12	39.0	8.0	24	L12_B001190_S12	24_58_M	MAT	True	8	True	L12_B001190_S12.mus-7-0-1	exact_library_id_plus_documented_alignment_suffix	L12_B001190_S12.mus-7-0-1-1	one_assay_suffix	24m	1	nan	CD8-positive, alpha-beta T cell	nan	nan	facs	24_58_M	893331.0	2018.0	male	Fat	MAT	nan	4	21
L12_B001261_S252_L003	80.0	2.0	24	L12_B001261_S252_L003	24_59_M	Kidney	True	2	True	L12_B001261_S252_L003.mus-2-0-1	exact_library_id_plus_documented_alignment_suffix	L12_B001261_S252_L003.mus-2-0-1-1	one_assay_suffix	24m	1	nan	T cell	nan	T cell	facs	24_59_M	661580.0	1160.0	male	nan	Kidney	nan	4	9
L12_B001265_S264_L002			24	L12_B001265_S264_L002	24_59_M	Spleen	False	1	False	L12_B001265_S264_L002.mus-2-0-1	exact_library_id_plus_documented_alignment_suffix	L12_B001265_S264_L002.mus-2-0-1-1	one_assay_suffix	24m	1	nan	CD4-positive, alpha-beta T cell	nan	Cd3e T cell	facs	24_59_M	704421.0	1886.0	male	nan	Spleen	nan	4	21
L12_B001385_S48_L003			24	L12_B001385_S48_L003	24_58_M	Thymus	False	1	False	L12_B001385_S48_L003.mus-4-0-1	exact_library_id_plus_documented_alignment_suffix	L12_B001385_S48_L003.mus-4-0-1-1	one_assay_suffix	24m	1	nan	thymocyte	nan	proliferating thymocyte; DN to DP transition, dividing (some are Cd8+/ Cd4+, some undergoing VDJ recombination)	facs	24_58_M	1867598.0	4428.0	male	Flowthrough	Thymus	nan	6	21
L12_B002892_S300			24	L12_B002892_S300	24_58_M	Marrow	False	1	False	L12_B002892_S300.mus-7-0-1	exact_library_id_plus_documented_alignment_suffix	L12_B002892_S300.mus-7-0-1-1	one_assay_suffix	24m	1	nan	mature alpha-beta T cell	nan	BM CD8 + CD4 T cell	facs	24_58_M	501203.0	1354.0	male	T-cells	Marrow	nan	4	9
L12_B002907_S300_L003	12.0	9.0	24	L12_B002907_S300_L003	24_59_M	SCAT	True	9	True	L12_B002907_S300_L003.mus-1-0-1	exact_library_id_plus_documented_alignment_suffix	L12_B002907_S300_L003.mus-1-0-1-1	one_assay_suffix	24m	1	nan	NK cell	nan	nan	facs	24_59_M	529142.0	1458.0	male	Fat	SCAT	nan	4	21
L12_B003800_S276_L002			24	L12_B003800_S276_L002	24_61_M	Heart	False	1	False	L12_B003800_S276_L002.mus-6-0-1	exact_library_id_plus_documented_alignment_suffix	L12_B003800_S276_L002.mus-6-0-1-1	one_assay_suffix	24m	1	nan	T cell	nan	T cell	facs	24_61_M	1820833.0	1123.0	male	RA	Heart	nan	4	9
L13_B000846_S277_L003			24	L13_B000846_S277_L003	24_61_M	Kidney	False	1	False	L13_B000846_S277_L003.mus-6-0-1	exact_library_id_plus_documented_alignment_suffix	L13_B000846_S277_L003.mus-6-0-1-1	one_assay_suffix	24m	1	nan	T cell	nan	T cell	facs	24_61_M	1965301.0	3662.0	male	nan	Kidney	nan	4	9
L13_B000851_S277_L004			24	L13_B000851_S277_L004	24_61_M	Spleen	False	1	False	L13_B000851_S277_L004.mus-6-0-1	exact_library_id_plus_documented_alignment_suffix	L13_B000851_S277_L004.mus-6-0-1-1	one_assay_suffix	24m	1	nan	CD8-positive, alpha-beta T cell	nan	nan	facs	24_61_M	78776.0	1601.0	male	nan	Spleen	nan	4	9
L13_B001261_S253_L003			24	L13_B001261_S253_L003	24_59_M	Kidney	False	1	False	L13_B001261_S253_L003.mus-2-0-1	exact_library_id_plus_documented_alignment_suffix	L13_B001261_S253_L003.mus-2-0-1-1	one_assay_suffix	24m	1	nan	T cell	nan	T cell	facs	24_59_M	1154624.0	1640.0	male	nan	Kidney	nan	4	21
L13_B001263_S145	91.0	2.0	24	L13_B001263_S145	24_58_M	Spleen	True	2	True	L13_B001263_S145.mus-7-0-1	exact_library_id_plus_documented_alignment_suffix	L13_B001263_S145.mus-7-0-1-1	one_assay_suffix	24m	1	nan	CD8-positive, alpha-beta T cell	nan	nan	facs	24_58_M	453089.0	1313.0	male	nan	Spleen	nan	4	9
L13_B001385_S49_L003			24	L13_B001385_S49_L003	24_58_M	Thymus	False	1	False	L13_B001385_S49_L003.mus-4-0-1	exact_library_id_plus_documented_alignment_suffix	L13_B001385_S49_L003.mus-4-0-1-1	one_assay_suffix	24m	1	nan	thymocyte	nan	proliferating thymocyte; DN to DP transition, dividing (some are Cd8+/ Cd4+, some undergoing VDJ recombination)	facs	24_58_M	602542.0	2891.0	male	Flowthrough	Thymus	nan	21	23
L13_B002892_S1			24	L13_B002892_S1	24_58_M	Marrow	False	1	False	L13_B002892_S1.mus-7-0-1	exact_library_id_plus_documented_alignment_suffix	L13_B002892_S1.mus-7-0-1-1	one_assay_suffix	24m	1	nan	NK cell	nan	NK cell	facs	24_58_M	1148809.0	1788.0	male	T-cells	Marrow	nan	40	47
L14_B000848_S254_L003			24	L14_B000848_S254_L003	24_60_M	Spleen	False	1	False	L14_B000848_S254_L003.mus-5-0-1	exact_library_id_plus_documented_alignment_suffix	L14_B000848_S254_L003.mus-5-0-1-1	one_assay_suffix	24m	1	nan	CD4-positive, alpha-beta T cell	nan	Cd3e T cell	facs	24_60_M	534956.0	2184.0	male	nan	Spleen	nan	6	5
L14_B001190_S14	94.0	2.0	24	L14_B001190_S14	24_58_M	MAT	True	2	True	L14_B001190_S14.mus-7-0-1	exact_library_id_plus_documented_alignment_suffix	L14_B001190_S14.mus-7-0-1-1	one_assay_suffix	24m	1	nan	CD8-positive, alpha-beta T cell	nan	nan	facs	24_58_M	494525.0	1449.0	male	Fat	MAT	nan	4	9
L14_B001277_S278_L002			24	L14_B001277_S278_L002	24_61_M	Thymus	False	1	False	L14_B001277_S278_L002.mus-6-0-1	exact_library_id_plus_documented_alignment_suffix	L14_B001277_S278_L002.mus-6-0-1-1	one_assay_suffix	24m	1	nan	thymocyte	nan	proliferating thymocyte; DN to DP transition, dividing (some are Cd8+/ Cd4+, some undergoing VDJ recombination)	facs	24_61_M	2377212.0	4939.0	male	Flowthrough	Thymus	nan	21	23
L14_B003843_S254_L004	74.0	4.0	24	L14_B003843_S254_L004	24_58_M	Trachea	True	4	True	L14_B003843_S254_L004.mus-4-0-1	exact_library_id_plus_documented_alignment_suffix	L14_B003843_S254_L004.mus-4-0-1-1	one_assay_suffix	24m	1	nan	T cell	nan	nan	facs	24_58_M	478797.0	1078.0	male	nan	Trachea	nan	4	9
L15_B000834_S207_L004			24	L15_B000834_S207_L004	24_60_M	BAT	False	1	False	L15_B000834_S207_L004.mus-0-0-1	exact_library_id_plus_documented_alignment_suffix	L15_B000834_S207_L004.mus-0-0-1-1	one_assay_suffix	24m	1	nan	T cell	nan	nan	facs	24_60_M	44643.0	1109.0	male	Fat	BAT	nan	4	9
L15_B001183_S219_L003			24	L15_B001183_S219_L003	24_59_M	MAT	False	1	False	L15_B001183_S219_L003.mus-1-0-1	exact_library_id_plus_documented_alignment_suffix	L15_B001183_S219_L003.mus-1-0-1-1	one_assay_suffix	24m	1	nan	epithelial cell	nan	nan	facs	24_59_M	815599.0	2453.0	male	Fat	MAT	nan	4	21
L15_B001188_S231			24	L15_B001188_S231	24_58_M	SCAT	False	1	False	L15_B001188_S231.mus-7-0-1	exact_library_id_plus_documented_alignment_suffix	L15_B001188_S231.mus-7-0-1-1	one_assay_suffix	24m	1	nan	NK cell	nan	nan	facs	24_58_M	379559.0	1028.0	male	Fat	SCAT	nan	4	21
L15_B001190_S15			24	L15_B001190_S15	24_58_M	MAT	False	1	False	L15_B001190_S15.mus-7-0-1	exact_library_id_plus_documented_alignment_suffix	L15_B001190_S15.mus-7-0-1-1	one_assay_suffix	24m	1	nan	CD4-positive, alpha-beta T cell	nan	nan	facs	24_58_M	866580.0	2836.0	male	Fat	MAT	nan	4	21
L15_B001277_S279_L002			24	L15_B001277_S279_L002	24_61_M	Thymus	False	1	False	L15_B001277_S279_L002.mus-6-0-1	exact_library_id_plus_documented_alignment_suffix	L15_B001277_S279_L002.mus-6-0-1-1	one_assay_suffix	24m	1	nan	thymocyte	nan	proliferating thymocyte; DN to DP transition, dividing (some are Cd8+/ Cd4+, some undergoing VDJ recombination)	facs	24_61_M	2575408.0	5233.0	male	Flowthrough	Thymus	nan	21	23
L15_B001385_S51_L003			24	L15_B001385_S51_L003	24_58_M	Thymus	False	1	False	L15_B001385_S51_L003.mus-4-0-1	exact_library_id_plus_documented_alignment_suffix	L15_B001385_S51_L003.mus-4-0-1-1	one_assay_suffix	24m	1	nan	thymocyte	nan	proliferating thymocyte; DN to DP transition, dividing (some are Cd8+/ Cd4+, some undergoing VDJ recombination)	facs	24_58_M	1594879.0	3516.0	male	Flowthrough	Thymus	nan	21	23
L15_B002907_S3_L003	10.0	2.0	24	L15_B002907_S3_L003	24_59_M	SCAT	True	2	True	L15_B002907_S3_L003.mus-1-0-1	exact_library_id_plus_documented_alignment_suffix	L15_B002907_S3_L003.mus-1-0-1-1	one_assay_suffix	24m	1	nan	CD8-positive, alpha-beta T cell	nan	nan	facs	24_59_M	1136300.0	2213.0	male	Fat	SCAT	nan	4	9
L15_B002949_S51_L002	60.0	2.0	24	L15_B002949_S51_L002	24_59_M	Marrow	True	2	True	L15_B002949_S51_L002.mus-5-0-1	exact_library_id_plus_documented_alignment_suffix	L15_B002949_S51_L002.mus-5-0-1-1	one_assay_suffix	24m	1	nan	CD4-positive, alpha-beta T cell	nan	BM CD4 T cell	facs	24_59_M	600072.0	1439.0	male	T-cells	Marrow	nan	4	21
L16_B000331_S280_L004			24	L16_B000331_S280_L004	24_61_M	GAT	False	1	False	L16_B000331_S280_L004.mus-6-0-1	exact_library_id_plus_documented_alignment_suffix	L16_B000331_S280_L004.mus-6-0-1-1	one_assay_suffix	24m	1	nan	T cell	nan	nan	facs	24_61_M	210377.0	1690.0	male	Fat	GAT	nan	4	21
L16_B000333_S124_L004			24	L16_B000333_S124_L004	24_60_M	MAT	False	1	False	L16_B000333_S124_L004.mus-0-0-1	exact_library_id_plus_documented_alignment_suffix	L16_B000333_S124_L004.mus-0-0-1-1	one_assay_suffix	24m	1	nan	CD4-positive, alpha-beta T cell	nan	nan	facs	24_60_M	215100.0	1387.0	male	Fat	MAT	nan	6	5
L16_B000848_S256_L003			24	L16_B000848_S256_L003	24_60_M	Spleen	False	1	False	L16_B000848_S256_L003.mus-5-0-1	exact_library_id_plus_documented_alignment_suffix	L16_B000848_S256_L003.mus-5-0-1-1	one_assay_suffix	24m	1	nan	CD4-positive, alpha-beta T cell	nan	Cd3e T cell	facs	24_60_M	421135.0	1839.0	male	nan	Spleen	nan	6	5
L16_B001183_S220_L003	93.0	3.0	24	L16_B001183_S220_L003	24_59_M	MAT	True	3	True	L16_B001183_S220_L003.mus-1-0-1	exact_library_id_plus_documented_alignment_suffix	L16_B001183_S220_L003.mus-1-0-1-1	one_assay_suffix	24m	1	nan	epithelial cell	nan	nan	facs	24_59_M	1409918.0	5147.0	male	Fat	MAT	nan	4	48
L16_B001188_S232			24	L16_B001188_S232	24_58_M	SCAT	False	1	False	L16_B001188_S232.mus-7-0-1	exact_library_id_plus_documented_alignment_suffix	L16_B001188_S232.mus-7-0-1-1	one_assay_suffix	24m	1	nan	NK cell	nan	nan	facs	24_58_M	240929.0	975.0	male	Fat	SCAT	nan	4	21
L16_B001277_S280_L002			24	L16_B001277_S280_L002	24_61_M	Thymus	False	1	False	L16_B001277_S280_L002.mus-6-0-1	exact_library_id_plus_documented_alignment_suffix	L16_B001277_S280_L002.mus-6-0-1-1	one_assay_suffix	24m	1	nan	thymocyte	nan	proliferating thymocyte; DN to DP transition, dividing (some are Cd8+/ Cd4+, some undergoing VDJ recombination)	facs	24_61_M	2529256.0	5229.0	male	Flowthrough	Thymus	nan	21	23
L16_B001385_S52_L003			24	L16_B001385_S52_L003	24_58_M	Thymus	False	1	False	L16_B001385_S52_L003.mus-4-0-1	exact_library_id_plus_documented_alignment_suffix	L16_B001385_S52_L003.mus-4-0-1-1	one_assay_suffix	24m	1	nan	thymocyte	nan	proliferating thymocyte; DN to DP transition, dividing (some are Cd8+/ Cd4+, some undergoing VDJ recombination)	facs	24_58_M	1077726.0	2974.0	male	Flowthrough	Thymus	nan	21	23
L16_B001397_S148_L001			24	L16_B001397_S148_L001	24_59_M	Thymus	False	1	False	L16_B001397_S148_L001.mus-5-0-1	exact_library_id_plus_documented_alignment_suffix	L16_B001397_S148_L001.mus-5-0-1-1	one_assay_suffix	24m	1	nan	thymocyte	nan	proliferating thymocyte; DN to DP transition, dividing (some are Cd8+/ Cd4+, some undergoing VDJ recombination)	facs	24_59_M	8468.0	1526.0	male	Flowthrough	Thymus	nan	21	23
L16_B002900_S88_L003	55.0	2.0	24	L16_B002900_S88_L003	24_59_M	GAT	True	2	True	L16_B002900_S88_L003.mus-4-0-1	exact_library_id_plus_documented_alignment_suffix	L16_B002900_S88_L003.mus-4-0-1-1	one_assay_suffix	24m	1	nan	CD8-positive, alpha-beta T cell	nan	nan	facs	24_59_M	485905.0	1230.0	male	Fat	GAT	nan	4	9
L17_B000848_S257_L003			24	L17_B000848_S257_L003	24_60_M	Spleen	False	1	False	L17_B000848_S257_L003.mus-5-0-1	exact_library_id_plus_documented_alignment_suffix	L17_B000848_S257_L003.mus-5-0-1-1	one_assay_suffix	24m	1	nan	CD4-positive, alpha-beta T cell	nan	Cd3e T cell	facs	24_60_M	356955.0	1730.0	male	nan	Spleen	nan	4	21
L17_B001385_S53_L003			24	L17_B001385_S53_L003	24_58_M	Thymus	False	1	False	L17_B001385_S53_L003.mus-4-0-1	exact_library_id_plus_documented_alignment_suffix	L17_B001385_S53_L003.mus-4-0-1-1	one_assay_suffix	24m	1	nan	thymocyte	nan	proliferating thymocyte; DN to DP transition, dividing (some are Cd8+/ Cd4+, some undergoing VDJ recombination)	facs	24_58_M	1525079.0	2942.0	male	Flowthrough	Thymus	nan	21	23
L17_B002881_S65_L001			24	L17_B002881_S65_L001	24_59_M	Trachea	False	1	False	L17_B002881_S65_L001.mus-2-0-1	exact_library_id_plus_documented_alignment_suffix	L17_B002881_S65_L001.mus-2-0-1-1	one_assay_suffix	24m	1	nan	T cell	nan	nan	facs	24_59_M	686792.0	1286.0	male	nan	Trachea	nan	4	21
L18_B000846_S282_L003	47.0	4.0	24	L18_B000846_S282_L003	24_61_M	Kidney	True	3	True	L18_B000846_S282_L003.mus-6-0-1	exact_library_id_plus_documented_alignment_suffix	L18_B000846_S282_L003.mus-6-0-1-1	one_assay_suffix	24m	1	nan	epithelial cell of proximal tubule	nan	epithelial cell of proximal tubule	facs	24_61_M	191638.0	1629.0	male	nan	Kidney	nan	4	5
L18_B001263_S150			24	L18_B001263_S150	24_58_M	Spleen	False	1	False	L18_B001263_S150.mus-7-0-1	exact_library_id_plus_documented_alignment_suffix	L18_B001263_S150.mus-7-0-1-1	one_assay_suffix	24m	1	nan	CD4-positive, alpha-beta T cell	nan	Cd3e T cell	facs	24_58_M	956344.0	1122.0	male	nan	Spleen	nan	4	21
L18_B001385_S54_L003			24	L18_B001385_S54_L003	24_58_M	Thymus	False	1	False	L18_B001385_S54_L003.mus-4-0-1	exact_library_id_plus_documented_alignment_suffix	L18_B001385_S54_L003.mus-4-0-1-1	one_assay_suffix	24m	1	nan	thymocyte	nan	proliferating thymocyte; DN to DP transition, dividing (some are Cd8+/ Cd4+, some undergoing VDJ recombination)	facs	24_58_M	1125859.0	2475.0	male	Flowthrough	Thymus	nan	21	23
L18_B001397_S150_L001			24	L18_B001397_S150_L001	24_59_M	Thymus	False	1	False	L18_B001397_S150_L001.mus-5-0-1	exact_library_id_plus_documented_alignment_suffix	L18_B001397_S150_L001.mus-5-0-1-1	one_assay_suffix	24m	1	nan	thymocyte	nan	proliferating thymocyte; DN to DP transition, dividing (some are Cd8+/ Cd4+, some undergoing VDJ recombination)	facs	24_59_M	17961.0	2069.0	male	Flowthrough	Thymus	nan	21	23
L18_B003234_S42_L004			24	L18_B003234_S42_L004	24_60_M	Lung	False	1	False	L18_B003234_S42_L004.mus-5-0-1	exact_library_id_plus_documented_alignment_suffix		unmatched																
L18_B003841_S258	8.0	2.0	24	L18_B003841_S258	24_58_M	Heart	True	2	True	L18_B003841_S258.mus-7-0-1	exact_library_id_plus_documented_alignment_suffix	L18_B003841_S258.mus-7-0-1-1	one_assay_suffix	24m	1	nan	T cell	nan	T cell	facs	24_58_M	322303.0	2533.0	male	RA	Heart	nan	4	9
L18_B003902_S102_L002	24.0	34.0	24	L18_B003902_S102_L002	24_59_M	Liver	True	34	True	L18_B003902_S102_L002.mus-2-0-1	exact_library_id_plus_documented_alignment_suffix	L18_B003902_S102_L002.mus-2-0-1-1	one_assay_suffix	24m	1	nan	CD8-positive, alpha-beta T cell	nan	nan	facs	24_59_M	70899.0	1547.0	male	Non-hepatocytes	Liver	nan	4	9
L19_B000846_S283_L003	47.0	4.0	24	L19_B000846_S283_L003	24_61_M	Kidney	True	3	True	L19_B000846_S283_L003.mus-6-0-1	exact_library_id_plus_documented_alignment_suffix	L19_B000846_S283_L003.mus-6-0-1-1	one_assay_suffix	24m	1	nan	epithelial cell of proximal tubule	nan	epithelial cell of proximal tubule	facs	24_61_M	238001.0	1751.0	male	nan	Kidney	nan	4	21
L19_B001277_S283_L002			24	L19_B001277_S283_L002	24_61_M	Thymus	False	1	False	L19_B001277_S283_L002.mus-6-0-1	exact_library_id_plus_documented_alignment_suffix	L19_B001277_S283_L002.mus-6-0-1-1	one_assay_suffix	24m	1	nan	thymocyte	nan	proliferating thymocyte; DN to DP transition, dividing (some are Cd8+/ Cd4+, some undergoing VDJ recombination)	facs	24_61_M	1897483.0	4494.0	male	Flowthrough	Thymus	nan	21	23
L19_B001385_S55_L003			24	L19_B001385_S55_L003	24_58_M	Thymus	False	1	False	L19_B001385_S55_L003.mus-4-0-1	exact_library_id_plus_documented_alignment_suffix	L19_B001385_S55_L003.mus-4-0-1-1	one_assay_suffix	24m	1	nan	thymocyte	nan	proliferating thymocyte; DN to DP transition, dividing (some are Cd8+/ Cd4+, some undergoing VDJ recombination)	facs	24_58_M	1783076.0	2536.0	male	Flowthrough	Thymus	nan	21	23
L19_B003846_S223			24	L19_B003846_S223	24_58_M	Heart	False	1	False	L19_B003846_S223.mus-7-0-1	exact_library_id_plus_documented_alignment_suffix	L19_B003846_S223.mus-7-0-1-1	one_assay_suffix	24m	1	nan	T cell	nan	T cell	facs	24_58_M	182837.0	1176.0	male	RV	Heart	nan	4	21
L1_B001277_S265_L002			24	L1_B001277_S265_L002	24_61_M	Thymus	False	1	False	L1_B001277_S265_L002.mus-6-0-1	exact_library_id_plus_documented_alignment_suffix	L1_B001277_S265_L002.mus-6-0-1-1	one_assay_suffix	24m	1	nan	DN4 thymocyte	nan	DN4 thymocyte	facs	24_61_M	265557.0	1865.0	male	Flowthrough	Thymus	nan	6	5
L1_B001385_S37_L003			24	L1_B001385_S37_L003	24_58_M	Thymus	False	1	False	L1_B001385_S37_L003.mus-4-0-1	exact_library_id_plus_documented_alignment_suffix	L1_B001385_S37_L003.mus-4-0-1-1	one_assay_suffix	24m	1	nan	DN4 thymocyte	nan	DN4 thymocyte	facs	24_58_M	522059.0	1808.0	male	Flowthrough	Thymus	nan	6	5
L1_B001397_S133_L001			24	L1_B001397_S133_L001	24_59_M	Thymus	False	1	False	L1_B001397_S133_L001.mus-5-0-1	exact_library_id_plus_documented_alignment_suffix	L1_B001397_S133_L001.mus-5-0-1-1	one_assay_suffix	24m	1	nan	DN4 thymocyte	nan	DN4 thymocyte	facs	24_59_M	15303.0	1067.0	male	Flowthrough	Thymus	nan	6	5
L1_B003031_S61_L004	59.0	3.0	24	L1_B003031_S61_L004	24_60_M	Marrow	True	3	True	L1_B003031_S61_L004.mus-5-0-1	exact_library_id_plus_documented_alignment_suffix	L1_B003031_S61_L004.mus-5-0-1-1	one_assay_suffix	24m	1	nan	CD4-positive, alpha-beta T cell	nan	BM CD4 T cell	facs	24_60_M	1447713.0	1047.0	male	T-cells	Marrow	nan	4	21
L20_B000851_S284_L004	19.0	7.0	24	L20_B000851_S284_L004	24_61_M	Spleen	True	7	True	L20_B000851_S284_L004.mus-6-0-1	exact_library_id_plus_documented_alignment_suffix	L20_B000851_S284_L004.mus-6-0-1-1	one_assay_suffix	24m	1	nan	CD8-positive, alpha-beta T cell	nan	nan	facs	24_61_M	93798.0	1371.0	male	nan	Spleen	nan	4	9
L20_B001277_S284_L002			24	L20_B001277_S284_L002	24_61_M	Thymus	False	1	False	L20_B001277_S284_L002.mus-6-0-1	exact_library_id_plus_documented_alignment_suffix	L20_B001277_S284_L002.mus-6-0-1-1	one_assay_suffix	24m	1	nan	thymocyte	nan	proliferating thymocyte; DN to DP transition, dividing (some are Cd8+/ Cd4+, some undergoing VDJ recombination)	facs	24_61_M	817085.0	2659.0	male	Flowthrough	Thymus	nan	21	23
L20_B001385_S56_L003			24	L20_B001385_S56_L003	24_58_M	Thymus	False	1	False	L20_B001385_S56_L003.mus-4-0-1	exact_library_id_plus_documented_alignment_suffix	L20_B001385_S56_L003.mus-4-0-1-1	one_assay_suffix	24m	1	nan	thymocyte	nan	proliferating thymocyte; DN to DP transition, dividing (some are Cd8+/ Cd4+, some undergoing VDJ recombination)	facs	24_58_M	3788073.0	4246.0	male	Flowthrough	Thymus	nan	21	23
L20_B002949_S56_L002			24	L20_B002949_S56_L002	24_59_M	Marrow	False	1	False	L20_B002949_S56_L002.mus-5-0-1	exact_library_id_plus_documented_alignment_suffix	L20_B002949_S56_L002.mus-5-0-1-1	one_assay_suffix	24m	1	nan	mature alpha-beta T cell	nan	BM CD8 + CD4 T cell	facs	24_59_M	521556.0	1149.0	male	T-cells	Marrow	nan	4	9
L21_B000846_S285_L003			24	L21_B000846_S285_L003	24_61_M	Kidney	False	1	False	L21_B000846_S285_L003.mus-6-0-1	exact_library_id_plus_documented_alignment_suffix	L21_B000846_S285_L003.mus-6-0-1-1	one_assay_suffix	24m	1	nan	epithelial cell of proximal tubule	nan	epithelial cell of proximal tubule	facs	24_61_M	292894.0	1932.0	male	nan	Kidney	nan	4	21
L21_B001277_S285_L002			24	L21_B001277_S285_L002	24_61_M	Thymus	False	1	False	L21_B001277_S285_L002.mus-6-0-1	exact_library_id_plus_documented_alignment_suffix	L21_B001277_S285_L002.mus-6-0-1-1	one_assay_suffix	24m	1	nan	thymocyte	nan	proliferating thymocyte; DN to DP transition, dividing (some are Cd8+/ Cd4+, some undergoing VDJ recombination)	facs	24_61_M	2234561.0	4986.0	male	Flowthrough	Thymus	nan	21	23
L21_B002875_S153_L001	25.0	6.0	24	L21_B002875_S153_L001	24_59_M	Lung	True	6	True	L21_B002875_S153_L001.mus-2-0-1	exact_library_id_plus_documented_alignment_suffix	L21_B002875_S153_L001.mus-2-0-1-1	one_assay_suffix	24m	1	nan	CD8-positive, alpha-beta T cell	nan	CD8+ T	facs	24_59_M	630019.0	1410.0	male	EPCAM	Lung	nan	4	9
L21_B002946_S21_L002			24	L21_B002946_S21_L002	24_58_M	Lung	False	1	False	L21_B002946_S21_L002.mus-4-0-1	exact_library_id_plus_documented_alignment_suffix	L21_B002946_S21_L002.mus-4-0-1-1	one_assay_suffix	24m	1	nan	T cell	nan	Ly6g5b+ T	facs	24_58_M	236015.0	1505.0	male	EPCAM	Lung	nan	4	21
L22_B001243_S190_L002			24	L22_B001243_S190_L002	24_59_M	Liver	False	1	False	L22_B001243_S190_L002.mus-2-0-1	exact_library_id_plus_documented_alignment_suffix	L22_B001243_S190_L002.mus-2-0-1-1	one_assay_suffix	24m	1	nan	mature NK T cell	nan	nan	facs	24_59_M	273944.0	1540.0	male	Non-hepatocytes	Liver	nan	4	9
L22_B002881_S70_L001			24	L22_B002881_S70_L001	24_59_M	Trachea	False	1	False	L22_B002881_S70_L001.mus-2-0-1	exact_library_id_plus_documented_alignment_suffix	L22_B002881_S70_L001.mus-2-0-1-1	one_assay_suffix	24m	1	nan	T cell	nan	nan	facs	24_59_M	652919.0	998.0	male	nan	Trachea	nan	4	21
L2_B001263_S134			24	L2_B001263_S134	24_58_M	Spleen	False	1	False	L2_B001263_S134.mus-7-0-1	exact_library_id_plus_documented_alignment_suffix	L2_B001263_S134.mus-7-0-1-1	one_assay_suffix	24m	1	nan	CD4-positive, alpha-beta T cell	nan	Cd3e T cell	facs	24_58_M	637505.0	2129.0	male	nan	Spleen	nan	4	21
L2_B001265_S254_L002	92.0	2.0	24	L2_B001265_S254_L002	24_59_M	Spleen	True	2	True	L2_B001265_S254_L002.mus-2-0-1	exact_library_id_plus_documented_alignment_suffix	L2_B001265_S254_L002.mus-2-0-1-1	one_assay_suffix	24m	1	nan	CD4-positive, alpha-beta T cell	nan	Cd3e T cell	facs	24_59_M	1752759.0	2341.0	male	nan	Spleen	nan	4	21
L2_B001385_S38_L003			24	L2_B001385_S38_L003	24_58_M	Thymus	False	1	False	L2_B001385_S38_L003.mus-4-0-1	exact_library_id_plus_documented_alignment_suffix	L2_B001385_S38_L003.mus-4-0-1-1	one_assay_suffix	24m	1	nan	DN4 thymocyte	nan	DN4 thymocyte	facs	24_58_M	656157.0	2222.0	male	Flowthrough	Thymus	nan	6	5
L2_B002949_S38_L002			24	L2_B002949_S38_L002	24_59_M	Marrow	False	1	False	L2_B002949_S38_L002.mus-5-0-1	exact_library_id_plus_documented_alignment_suffix	L2_B002949_S38_L002.mus-5-0-1-1	one_assay_suffix	24m	1	nan	CD4-positive, alpha-beta T cell	nan	BM CD4 T cell	facs	24_59_M	944062.0	1415.0	male	T-cells	Marrow	nan	4	21
L2_B003232_S38_L002	71.0	2.0	24	L2_B003232_S38_L002	24_60_M	Brain_Non-Myeloid	True	2	True	L2_B003232_S38_L002.mus-0-0-1	exact_library_id_plus_documented_alignment_suffix	L2_B003232_S38_L002.mus-0-0-1-1	one_assay_suffix	24m	1	nan	T cell	nan	nan	facs	24_60_M	1986555.0	724.0	male	Cerebellum	Brain_Non-Myeloid	nan	4	17
L2_B003902_S86_L002			24	L2_B003902_S86_L002	24_59_M	Liver	False	1	False	L2_B003902_S86_L002.mus-2-0-1	exact_library_id_plus_documented_alignment_suffix	L2_B003902_S86_L002.mus-2-0-1-1	one_assay_suffix	24m	1	nan	mature NK T cell	nan	nan	facs	24_59_M	2972973.0	702.0	male	Non-hepatocytes	Liver	nan	4	9
L3_B001277_S267_L002			24	L3_B001277_S267_L002	24_61_M	Thymus	False	1	False	L3_B001277_S267_L002.mus-6-0-1	exact_library_id_plus_documented_alignment_suffix	L3_B001277_S267_L002.mus-6-0-1-1	one_assay_suffix	24m	1	nan	DN4 thymocyte	nan	DN4 thymocyte	facs	24_61_M	304743.0	2038.0	male	Flowthrough	Thymus	nan	6	5
L3_B002875_S135_L001			24	L3_B002875_S135_L001	24_59_M	Lung	False	1	False	L3_B002875_S135_L001.mus-2-0-1	exact_library_id_plus_documented_alignment_suffix	L3_B002875_S135_L001.mus-2-0-1-1	one_assay_suffix	24m	1	nan	regulatory T cell	nan	Regulatory T	facs	24_59_M	585358.0	966.0	male	EPCAM	Lung	nan	4	21
L4_B000830_S268_L004			24	L4_B000830_S268_L004	24_60_M	Thymus	False	1	False	L4_B000830_S268_L004.mus-8-0-1	exact_library_id_plus_documented_alignment_suffix	L4_B000830_S268_L004.mus-8-0-1-1	one_assay_suffix	24m	1	nan	DN4 thymocyte	nan	DN4 thymocyte	facs	24_60_M	103594.0	1560.0	male	Flowthrough	Thymus	nan	4	9
L4_B001243_S172_L002			24	L4_B001243_S172_L002	24_59_M	Liver	False	1	False	L4_B001243_S172_L002.mus-2-0-1	exact_library_id_plus_documented_alignment_suffix	L4_B001243_S172_L002.mus-2-0-1-1	one_assay_suffix	24m	1	nan	T cell	nan	nan	facs	24_59_M	50495.0	921.0	male	Non-hepatocytes	Liver	nan	6	5
L4_B001263_S136			24	L4_B001263_S136	24_58_M	Spleen	False	1	False	L4_B001263_S136.mus-7-0-1	exact_library_id_plus_documented_alignment_suffix	L4_B001263_S136.mus-7-0-1-1	one_assay_suffix	24m	1	nan	CD8-positive, alpha-beta T cell	nan	Cd3e T cell	facs	24_58_M	350323.0	1814.0	male	nan	Spleen	nan	6	5
L4_B001397_S136_L001			24	L4_B001397_S136_L001	24_59_M	Thymus	False	1	False	L4_B001397_S136_L001.mus-5-0-1	exact_library_id_plus_documented_alignment_suffix	L4_B001397_S136_L001.mus-5-0-1-1	one_assay_suffix	24m	1	nan	thymocyte	nan	proliferating thymocyte; DN to DP transition, dividing (some are Cd8+/ Cd4+, some undergoing VDJ recombination)	facs	24_59_M	20577.0	1973.0	male	Flowthrough	Thymus	nan	21	23
L4_B003031_S64_L004			24	L4_B003031_S64_L004	24_60_M	Marrow	False	1	False	L4_B003031_S64_L004.mus-5-0-1	exact_library_id_plus_documented_alignment_suffix	L4_B003031_S64_L004.mus-5-0-1-1	one_assay_suffix	24m	1	nan	mature alpha-beta T cell	nan	BM CD8 + CD4 T cell	facs	24_60_M	2392657.0	1375.0	male	T-cells	Marrow	nan	6	5
L5_B000830_S269_L004			24	L5_B000830_S269_L004	24_60_M	Thymus	False	1	False	L5_B000830_S269_L004.mus-8-0-1	exact_library_id_plus_documented_alignment_suffix	L5_B000830_S269_L004.mus-8-0-1-1	one_assay_suffix	24m	1	nan	DN4 thymocyte	nan	DN4 thymocyte	facs	24_60_M	424521.0	1728.0	male	Flowthrough	Thymus	nan	4	5
L5_B001242_S161			24	L5_B001242_S161	24_58_M	Liver	False	1	False	L5_B001242_S161.mus-7-0-1	exact_library_id_plus_documented_alignment_suffix	L5_B001242_S161.mus-7-0-1-1	one_assay_suffix	24m	1	nan	T cell	nan	nan	facs	24_58_M	953924.0	1263.0	male	Non-hepatocytes	Liver	nan	4	9
L5_B001263_S137			24	L5_B001263_S137	24_58_M	Spleen	False	1	False	L5_B001263_S137.mus-7-0-1	exact_library_id_plus_documented_alignment_suffix	L5_B001263_S137.mus-7-0-1-1	one_assay_suffix	24m	1	nan	CD4-positive, alpha-beta T cell	nan	Cd3e T cell	facs	24_58_M	667056.0	2038.0	male	nan	Spleen	nan	4	21
L5_B001277_S269_L002	67.0	5.0	24	L5_B001277_S269_L002	24_61_M	Thymus	True	5	True	L5_B001277_S269_L002.mus-6-0-1	exact_library_id_plus_documented_alignment_suffix	L5_B001277_S269_L002.mus-6-0-1-1	one_assay_suffix	24m	1	nan	DN4 thymocyte	nan	DN4 thymocyte	facs	24_61_M	399261.0	1920.0	male	Flowthrough	Thymus	nan	4	21
L5_B001385_S41_L003			24	L5_B001385_S41_L003	24_58_M	Thymus	False	1	False	L5_B001385_S41_L003.mus-4-0-1	exact_library_id_plus_documented_alignment_suffix	L5_B001385_S41_L003.mus-4-0-1-1	one_assay_suffix	24m	1	nan	DN4 thymocyte	nan	DN4 thymocyte	facs	24_58_M	585643.0	1772.0	male	Flowthrough	Thymus	nan	6	5
L5_B001397_S137_L001			24	L5_B001397_S137_L001	24_59_M	Thymus	False	1	False	L5_B001397_S137_L001.mus-5-0-1	exact_library_id_plus_documented_alignment_suffix	L5_B001397_S137_L001.mus-5-0-1-1	one_assay_suffix	24m	1	nan	DN4 thymocyte	nan	DN4 thymocyte	facs	24_59_M	12877.0	1160.0	male	Flowthrough	Thymus	nan	6	5
L5_B002875_S137_L001			24	L5_B002875_S137_L001	24_59_M	Lung	False	1	False	L5_B002875_S137_L001.mus-2-0-1	exact_library_id_plus_documented_alignment_suffix	L5_B002875_S137_L001.mus-2-0-1-1	one_assay_suffix	24m	1	nan	regulatory T cell	nan	Regulatory T	facs	24_59_M	579104.0	1152.0	male	EPCAM	Lung	nan	4	21
L5_B002881_S53_L001	20.0	2.0	24	L5_B002881_S53_L001	24_59_M	Trachea	True	2	True	L5_B002881_S53_L001.mus-2-0-1	exact_library_id_plus_documented_alignment_suffix	L5_B002881_S53_L001.mus-2-0-1-1	one_assay_suffix	24m	1	nan	T cell	nan	nan	facs	24_59_M	566460.0	1145.0	male	nan	Trachea	nan	4	9
L6_B000830_S270_L004			24	L6_B000830_S270_L004	24_60_M	Thymus	False	1	False	L6_B000830_S270_L004.mus-8-0-1	exact_library_id_plus_documented_alignment_suffix	L6_B000830_S270_L004.mus-8-0-1-1	one_assay_suffix	24m	1	nan	DN4 thymocyte	nan	DN4 thymocyte	facs	24_60_M	1380986.0	1853.0	male	Flowthrough	Thymus	nan	6	5
L6_B001277_S270_L002			24	L6_B001277_S270_L002	24_61_M	Thymus	False	1	False	L6_B001277_S270_L002.mus-6-0-1	exact_library_id_plus_documented_alignment_suffix	L6_B001277_S270_L002.mus-6-0-1-1	one_assay_suffix	24m	1	nan	DN4 thymocyte	nan	DN4 thymocyte	facs	24_61_M	502441.0	2003.0	male	Flowthrough	Thymus	nan	6	5
L6_B001385_S42_L003			24	L6_B001385_S42_L003	24_58_M	Thymus	False	1	False	L6_B001385_S42_L003.mus-4-0-1	exact_library_id_plus_documented_alignment_suffix	L6_B001385_S42_L003.mus-4-0-1-1	one_assay_suffix	24m	1	nan	DN4 thymocyte	nan	DN4 thymocyte	facs	24_58_M	437850.0	1331.0	male	Flowthrough	Thymus	nan	4	21
L6_B003843_S246_L004			24	L6_B003843_S246_L004	24_58_M	Trachea	False	1	False	L6_B003843_S246_L004.mus-4-0-1	exact_library_id_plus_documented_alignment_suffix	L6_B003843_S246_L004.mus-4-0-1-1	one_assay_suffix	24m	1	nan	T cell	nan	nan	facs	24_58_M	1142705.0	1736.0	male	nan	Trachea	nan	4	9
L7_B000830_S271_L004			24	L7_B000830_S271_L004	24_60_M	Thymus	False	1	False	L7_B000830_S271_L004.mus-8-0-1	exact_library_id_plus_documented_alignment_suffix	L7_B000830_S271_L004.mus-8-0-1-1	one_assay_suffix	24m	1	nan	DN4 thymocyte	nan	DN4 thymocyte	facs	24_60_M	2786373.0	1871.0	male	Flowthrough	Thymus	nan	6	5
L7_B001277_S271_L002			24	L7_B001277_S271_L002	24_61_M	Thymus	False	1	False	L7_B001277_S271_L002.mus-6-0-1	exact_library_id_plus_documented_alignment_suffix	L7_B001277_S271_L002.mus-6-0-1-1	one_assay_suffix	24m	1	nan	DN4 thymocyte	nan	DN4 thymocyte	facs	24_61_M	701768.0	2056.0	male	Flowthrough	Thymus	nan	4	21
L7_B001397_S139_L001			24	L7_B001397_S139_L001	24_59_M	Thymus	False	1	False	L7_B001397_S139_L001.mus-5-0-1	exact_library_id_plus_documented_alignment_suffix	L7_B001397_S139_L001.mus-5-0-1-1	one_assay_suffix	24m	1	nan	DN4 thymocyte	nan	DN4 thymocyte	facs	24_59_M	9215.0	1160.0	male	Flowthrough	Thymus	nan	6	5
L7_B003902_S91_L002	24.0	34.0	24	L7_B003902_S91_L002	24_59_M	Liver	True	34	True	L7_B003902_S91_L002.mus-2-0-1	exact_library_id_plus_documented_alignment_suffix	L7_B003902_S91_L002.mus-2-0-1-1	one_assay_suffix	24m	1	nan	CD8-positive, alpha-beta T cell	nan	nan	facs	24_59_M	1383479.0	831.0	male	Non-hepatocytes	Liver	nan	4	9
L8_B000830_S272_L004			24	L8_B000830_S272_L004	24_60_M	Thymus	False	1	False	L8_B000830_S272_L004.mus-8-0-1	exact_library_id_plus_documented_alignment_suffix	L8_B000830_S272_L004.mus-8-0-1-1	one_assay_suffix	24m	1	nan	DN4 thymocyte	nan	DN4 thymocyte	facs	24_60_M	6608673.0	2249.0	male	Flowthrough	Thymus	nan	6	5
L8_B000848_S248_L003			24	L8_B000848_S248_L003	24_60_M	Spleen	False	1	False	L8_B000848_S248_L003.mus-5-0-1	exact_library_id_plus_documented_alignment_suffix	L8_B000848_S248_L003.mus-5-0-1-1	one_assay_suffix	24m	1	nan	CD8-positive, alpha-beta T cell	nan	nan	facs	24_60_M	379130.0	1784.0	male	nan	Spleen	nan	4	9
L8_B000851_S272_L004			24	L8_B000851_S272_L004	24_61_M	Spleen	False	1	False	L8_B000851_S272_L004.mus-6-0-1	exact_library_id_plus_documented_alignment_suffix	L8_B000851_S272_L004.mus-6-0-1-1	one_assay_suffix	24m	1	nan	CD8-positive, alpha-beta T cell	nan	nan	facs	24_61_M	6681718.0	2792.0	male	nan	Spleen	nan	4	9
L8_B003902_S92_L002	24.0	34.0	24	L8_B003902_S92_L002	24_59_M	Liver	True	34	True	L8_B003902_S92_L002.mus-2-0-1	exact_library_id_plus_documented_alignment_suffix	L8_B003902_S92_L002.mus-2-0-1-1	one_assay_suffix	24m	1	nan	CD8-positive, alpha-beta T cell	nan	nan	facs	24_59_M	148152.0	1102.0	male	Non-hepatocytes	Liver	nan	4	9
L9_B000830_S273_L004	102.0	2.0	24	L9_B000830_S273_L004	24_60_M	Thymus	True	2	True	L9_B000830_S273_L004.mus-8-0-1	exact_library_id_plus_documented_alignment_suffix	L9_B000830_S273_L004.mus-8-0-1-1	one_assay_suffix	24m	1	nan	DN4 thymocyte	nan	DN4 thymocyte	facs	24_60_M	6685560.0	2480.0	male	Flowthrough	Thymus	nan	6	5
L9_B001183_S213_L003			24	L9_B001183_S213_L003	24_59_M	MAT	False	1	False	L9_B001183_S213_L003.mus-1-0-1	exact_library_id_plus_documented_alignment_suffix	L9_B001183_S213_L003.mus-1-0-1-1	one_assay_suffix	24m	1	nan	epithelial cell	nan	nan	facs	24_59_M	743771.0	2628.0	male	Fat	MAT	nan	6	5
L9_B001385_S45_L003			24	L9_B001385_S45_L003	24_58_M	Thymus	False	1	False	L9_B001385_S45_L003.mus-4-0-1	exact_library_id_plus_documented_alignment_suffix	L9_B001385_S45_L003.mus-4-0-1-1	one_assay_suffix	24m	1	nan	DN4 thymocyte	nan	DN4 thymocyte	facs	24_58_M	349469.0	1388.0	male	Flowthrough	Thymus	nan	4	21
L9_B001397_S141_L001			24	L9_B001397_S141_L001	24_59_M	Thymus	False	1	False	L9_B001397_S141_L001.mus-5-0-1	exact_library_id_plus_documented_alignment_suffix	L9_B001397_S141_L001.mus-5-0-1-1	one_assay_suffix	24m	1	nan	DN4 thymocyte	nan	DN4 thymocyte	facs	24_59_M	5702.0	1093.0	male	Flowthrough	Thymus	nan	6	5
L9_B002875_S141_L001	87.0	2.0	24	L9_B002875_S141_L001	24_59_M	Lung	True	2	True	L9_B002875_S141_L001.mus-2-0-1	exact_library_id_plus_documented_alignment_suffix	L9_B002875_S141_L001.mus-2-0-1-1	one_assay_suffix	24m	1	nan	regulatory T cell	nan	Regulatory T	facs	24_59_M	1229966.0	1585.0	male	EPCAM	Lung	nan	4	21
L9_B002892_S297			24	L9_B002892_S297	24_58_M	Marrow	False	1	False	L9_B002892_S297.mus-7-0-1	exact_library_id_plus_documented_alignment_suffix	L9_B002892_S297.mus-7-0-1-1	one_assay_suffix	24m	1	nan	NK cell	nan	Klrb1a/b/c(-) NK cell	facs	24_58_M	606571.0	1624.0	male	T-cells	Marrow	nan	43	8
L9_B002898_S57			24	L9_B002898_S57	24_58_M	GAT	False	1	False	L9_B002898_S57.mus-7-0-1	exact_library_id_plus_documented_alignment_suffix	L9_B002898_S57.mus-7-0-1-1	one_assay_suffix	24m	1	nan	T cell	nan	nan	facs	24_58_M	819641.0	1639.0	male	Fat	GAT	nan	4	21
L9_B002900_S81_L003			24	L9_B002900_S81_L003	24_59_M	GAT	False	1	False	L9_B002900_S81_L003.mus-4-0-1	exact_library_id_plus_documented_alignment_suffix	L9_B002900_S81_L003.mus-4-0-1-1	one_assay_suffix	24m	1	nan	CD8-positive, alpha-beta T cell	nan	nan	facs	24_59_M	610971.0	1984.0	male	Fat	GAT	nan	4	9
L9_B003031_S69_L004	48.0	3.0	24	L9_B003031_S69_L004	24_60_M	Marrow	True	3	True	L9_B003031_S69_L004.mus-5-0-1	exact_library_id_plus_documented_alignment_suffix	L9_B003031_S69_L004.mus-5-0-1-1	one_assay_suffix	24m	1	nan	granulocytopoietic cell	nan	granulocytopoietic cell	facs	24_60_M	402076.0	3327.0	male	T-cells	Marrow	nan	12	18
M10_B000333_S142_L004			24	M10_B000333_S142_L004	24_60_M	MAT	False	1	False	M10_B000333_S142_L004.mus-0-0-1	exact_library_id_plus_documented_alignment_suffix	M10_B000333_S142_L004.mus-0-0-1-1	one_assay_suffix	24m	1	nan	T cell	nan	nan	facs	24_60_M	460731.0	1837.0	male	Fat	MAT	nan	4	9
M10_B000337_S190_L003			24	M10_B000337_S190_L003	24_60_M	GAT	False	1	False	M10_B000337_S190_L003.mus-0-0-1	exact_library_id_plus_documented_alignment_suffix	M10_B000337_S190_L003.mus-0-0-1-1	one_assay_suffix	24m	1	nan	CD4-positive, alpha-beta T cell	nan	nan	facs	24_60_M	464659.0	1387.0	male	Fat	GAT	nan	4	9
M10_B000846_S298_L003	17.0	2.0	24	M10_B000846_S298_L003	24_61_M	Kidney	True	2	True	M10_B000846_S298_L003.mus-6-0-1	exact_library_id_plus_documented_alignment_suffix	M10_B000846_S298_L003.mus-6-0-1-1	one_assay_suffix	24m	1	nan	T cell	nan	T cell	facs	24_61_M	471188.0	1080.0	male	nan	Kidney	nan	4	9
M10_B000848_S274_L003			24	M10_B000848_S274_L003	24_60_M	Spleen	False	1	False	M10_B000848_S274_L003.mus-5-0-1	exact_library_id_plus_documented_alignment_suffix	M10_B000848_S274_L003.mus-5-0-1-1	one_assay_suffix	24m	1	nan	CD8-positive, alpha-beta T cell	nan	Cd3e T cell	facs	24_60_M	834334.0	1954.0	male	nan	Spleen	nan	6	5
M10_B001277_S298_L002			24	M10_B001277_S298_L002	24_61_M	Thymus	False	1	False	M10_B001277_S298_L002.mus-6-0-1	exact_library_id_plus_documented_alignment_suffix	M10_B001277_S298_L002.mus-6-0-1-1	one_assay_suffix	24m	1	nan	DN4 thymocyte	nan	DN4 thymocyte	facs	24_61_M	746096.0	1726.0	male	Flowthrough	Thymus	nan	4	9
M10_B001385_S70_L003			24	M10_B001385_S70_L003	24_58_M	Thymus	False	1	False	M10_B001385_S70_L003.mus-4-0-1	exact_library_id_plus_documented_alignment_suffix	M10_B001385_S70_L003.mus-4-0-1-1	one_assay_suffix	24m	1	nan	DN4 thymocyte	nan	DN4 thymocyte	facs	24_58_M	670346.0	1799.0	male	Flowthrough	Thymus	nan	4	21
M10_B001397_S166_L001			24	M10_B001397_S166_L001	24_59_M	Thymus	False	1	False	M10_B001397_S166_L001.mus-5-0-1	exact_library_id_plus_documented_alignment_suffix	M10_B001397_S166_L001.mus-5-0-1-1	one_assay_suffix	24m	1	nan	DN4 thymocyte	nan	DN4 thymocyte	facs	24_59_M	685934.0	2098.0	male	Flowthrough	Thymus	nan	6	5
M10_B001615_S34_L001	64.0	3.0	24	M10_B001615_S34_L001	24_60_M	Brain_Non-Myeloid	True	3	True	M10_B001615_S34_L001.mus-0-0-1	exact_library_id_plus_documented_alignment_suffix	M10_B001615_S34_L001.mus-0-0-1-1	one_assay_suffix	24m	1	nan	CD8-positive, alpha-beta T cell	nan	nan	facs	24_60_M	1037383.0	871.0	male	Cortex	Brain_Non-Myeloid	nan	4	9
M10_B003031_S94_L004	49.0	2.0	24	M10_B003031_S94_L004	24_60_M	Marrow	True	2	True	M10_B003031_S94_L004.mus-5-0-1	exact_library_id_plus_documented_alignment_suffix	M10_B003031_S94_L004.mus-5-0-1-1	one_assay_suffix	24m	1	nan	NK cell	nan	NK cell	facs	24_60_M	123631.0	1918.0	male	T-cells	Marrow	nan	40	47
M11_B000331_S299_L004	15.0	15.0	24	M11_B000331_S299_L004	24_61_M	GAT	True	15	True	M11_B000331_S299_L004.mus-6-0-1	exact_library_id_plus_documented_alignment_suffix	M11_B000331_S299_L004.mus-6-0-1-1	one_assay_suffix	24m	1	nan	CD8-positive, alpha-beta T cell	nan	nan	facs	24_61_M	452267.0	2711.0	male	Fat	GAT	nan	4	9
M11_B000337_S191_L003	77.0	5.0	24	M11_B000337_S191_L003	24_60_M	GAT	True	5	True	M11_B000337_S191_L003.mus-0-0-1	exact_library_id_plus_documented_alignment_suffix	M11_B000337_S191_L003.mus-0-0-1-1	one_assay_suffix	24m	1	nan	CD4-positive, alpha-beta T cell	nan	nan	facs	24_60_M	333201.0	969.0	male	Fat	GAT	nan	4	21
M11_B000851_S299_L004			24	M11_B000851_S299_L004	24_61_M	Spleen	False	1	False	M11_B000851_S299_L004.mus-6-0-1	exact_library_id_plus_documented_alignment_suffix	M11_B000851_S299_L004.mus-6-0-1-1	one_assay_suffix	24m	1	nan	CD8-positive, alpha-beta T cell	nan	nan	facs	24_61_M	141188.0	1454.0	male	nan	Spleen	nan	4	9
M11_B001183_S239_L003			24	M11_B001183_S239_L003	24_59_M	MAT	False	1	False	M11_B001183_S239_L003.mus-1-0-1	exact_library_id_plus_documented_alignment_suffix	M11_B001183_S239_L003.mus-1-0-1-1	one_assay_suffix	24m	1	nan	CD4-positive, alpha-beta T cell	nan	nan	facs	24_59_M	588345.0	1278.0	male	Fat	MAT	nan	6	5
M11_B001188_S251	58.0	2.0	24	M11_B001188_S251	24_58_M	SCAT	True	2	True	M11_B001188_S251.mus-7-0-1	exact_library_id_plus_documented_alignment_suffix	M11_B001188_S251.mus-7-0-1-1	one_assay_suffix	24m	1	nan	T cell	nan	nan	facs	24_58_M	237101.0	1114.0	male	Fat	SCAT	nan	4	9
M11_B001265_S287_L002	32.0	2.0	24	M11_B001265_S287_L002	24_59_M	Spleen	True	1	False	M11_B001265_S287_L002.mus-2-0-1	exact_library_id_plus_documented_alignment_suffix	M11_B001265_S287_L002.mus-2-0-1-1	one_assay_suffix	24m	1	nan	CD4-positive, alpha-beta T cell	nan	Cd3e T cell	facs	24_59_M	1007154.0	1456.0	male	nan	Spleen	nan	4	21
M11_B001277_S299_L002			24	M11_B001277_S299_L002	24_61_M	Thymus	False	1	False	M11_B001277_S299_L002.mus-6-0-1	exact_library_id_plus_documented_alignment_suffix	M11_B001277_S299_L002.mus-6-0-1-1	one_assay_suffix	24m	1	nan	DN4 thymocyte	nan	DN4 thymocyte	facs	24_61_M	986388.0	1943.0	male	Flowthrough	Thymus	nan	6	5
M11_B001385_S71_L003			24	M11_B001385_S71_L003	24_58_M	Thymus	False	1	False	M11_B001385_S71_L003.mus-4-0-1	exact_library_id_plus_documented_alignment_suffix	M11_B001385_S71_L003.mus-4-0-1-1	one_assay_suffix	24m	1	nan	DN4 thymocyte	nan	DN4 thymocyte	facs	24_58_M	907983.0	2252.0	male	Flowthrough	Thymus	nan	6	5
M11_B002887_S83_L001			24	M11_B002887_S83_L001	24_58_M	BAT	False	1	False	M11_B002887_S83_L001.mus-4-0-1	exact_library_id_plus_documented_alignment_suffix	M11_B002887_S83_L001.mus-4-0-1-1	one_assay_suffix	24m	1	nan	T cell	nan	nan	facs	24_58_M	631258.0	1967.0	male	Fat	BAT	nan	6	5
M11_B002900_S107_L003			24	M11_B002900_S107_L003	24_59_M	GAT	False	1	False	M11_B002900_S107_L003.mus-4-0-1	exact_library_id_plus_documented_alignment_suffix	M11_B002900_S107_L003.mus-4-0-1-1	one_assay_suffix	24m	1	nan	CD8-positive, alpha-beta T cell	nan	nan	facs	24_59_M	848264.0	1331.0	male	Fat	GAT	nan	4	9
M12_B000830_S300_L004			24	M12_B000830_S300_L004	24_60_M	Thymus	False	1	False	M12_B000830_S300_L004.mus-8-0-1	exact_library_id_plus_documented_alignment_suffix	M12_B000830_S300_L004.mus-8-0-1-1	one_assay_suffix	24m	1	nan	epithelial cell of thymus	nan	TECs	facs	24_60_M	93309.0	1632.0	male	Flowthrough	Thymus	nan	21	23
M12_B001277_S300_L002			24	M12_B001277_S300_L002	24_61_M	Thymus	False	1	False	M12_B001277_S300_L002.mus-6-0-1	exact_library_id_plus_documented_alignment_suffix	M12_B001277_S300_L002.mus-6-0-1-1	one_assay_suffix	24m	1	nan	thymocyte	nan	proliferating thymocyte; DN to DP transition, dividing (some are Cd8+/ Cd4+, some undergoing VDJ recombination)	facs	24_61_M	1755955.0	2702.0	male	Flowthrough	Thymus	nan	21	23
M12_B001385_S72_L003			24	M12_B001385_S72_L003	24_58_M	Thymus	False	1	False	M12_B001385_S72_L003.mus-4-0-1	exact_library_id_plus_documented_alignment_suffix	M12_B001385_S72_L003.mus-4-0-1-1	one_assay_suffix	24m	1	nan	thymocyte	nan	proliferating thymocyte; DN to DP transition, dividing (some are Cd8+/ Cd4+, some undergoing VDJ recombination)	facs	24_58_M	612758.0	2932.0	male	Flowthrough	Thymus	nan	21	23
M12_B001397_S168_L001			24	M12_B001397_S168_L001	24_59_M	Thymus	False	1	False	M12_B001397_S168_L001.mus-5-0-1	exact_library_id_plus_documented_alignment_suffix	M12_B001397_S168_L001.mus-5-0-1-1	one_assay_suffix	24m	1	nan	thymocyte	nan	proliferating thymocyte; DN to DP transition, dividing (some are Cd8+/ Cd4+, some undergoing VDJ recombination)	facs	24_59_M	432015.0	2810.0	male	Flowthrough	Thymus	nan	21	23
M12_B002992_S300_L003			24	M12_B002992_S300_L003	24_61_M	Marrow	False	1	False	M12_B002992_S300_L003.mus-8-0-1	exact_library_id_plus_documented_alignment_suffix	M12_B002992_S300_L003.mus-8-0-1-1	one_assay_suffix	24m	1	nan	CD4-positive, alpha-beta T cell	nan	BM CD4 T cell	facs	24_61_M	292486.0	3264.0	male	T-cells	Marrow	nan	0	48
M13_B001397_S169_L001	52.0	2.0	24	M13_B001397_S169_L001	24_59_M	Thymus	True	1	False	M13_B001397_S169_L001.mus-5-0-1	exact_library_id_plus_documented_alignment_suffix	M13_B001397_S169_L001.mus-5-0-1-1	one_assay_suffix	24m	1	nan	thymocyte	nan	proliferating thymocyte; DN to DP transition, dividing (some are Cd8+/ Cd4+, some undergoing VDJ recombination)	facs	24_59_M	265553.0	2403.0	male	Flowthrough	Thymus	nan	21	23
M14_B000851_S302_L004			24	M14_B000851_S302_L004	24_61_M	Spleen	False	1	False	M14_B000851_S302_L004.mus-6-0-1	exact_library_id_plus_documented_alignment_suffix	M14_B000851_S302_L004.mus-6-0-1-1	one_assay_suffix	24m	1	nan	CD4-positive, alpha-beta T cell	nan	Cd3e T cell	facs	24_61_M	64451.0	1274.0	male	nan	Spleen	nan	6	5
M14_B001183_S242_L003			24	M14_B001183_S242_L003	24_59_M	MAT	False	1	False	M14_B001183_S242_L003.mus-1-0-1	exact_library_id_plus_documented_alignment_suffix	M14_B001183_S242_L003.mus-1-0-1-1	one_assay_suffix	24m	1	nan	CD4-positive, alpha-beta T cell	nan	nan	facs	24_59_M	1059146.0	1616.0	male	Fat	MAT	nan	6	5
M14_B001397_S170_L001			24	M14_B001397_S170_L001	24_59_M	Thymus	False	1	False	M14_B001397_S170_L001.mus-5-0-1	exact_library_id_plus_documented_alignment_suffix	M14_B001397_S170_L001.mus-5-0-1-1	one_assay_suffix	24m	1	nan	thymocyte	nan	proliferating thymocyte; DN to DP transition, dividing (some are Cd8+/ Cd4+, some undergoing VDJ recombination)	facs	24_59_M	903309.0	3272.0	male	Flowthrough	Thymus	nan	21	23
M14_B002892_S26			24	M14_B002892_S26	24_58_M	Marrow	False	1	False	M14_B002892_S26.mus-7-0-1	exact_library_id_plus_documented_alignment_suffix	M14_B002892_S26.mus-7-0-1-1	one_assay_suffix	24m	1	nan	CD4-positive, alpha-beta T cell	nan	BM CD4 T cell	facs	24_58_M	411740.0	1123.0	male	T-cells	Marrow	nan	4	21
M15_B000331_S303_L004			24	M15_B000331_S303_L004	24_61_M	GAT	False	1	False	M15_B000331_S303_L004.mus-6-0-1	exact_library_id_plus_documented_alignment_suffix	M15_B000331_S303_L004.mus-6-0-1-1	one_assay_suffix	24m	1	nan	CD8-positive, alpha-beta T cell	nan	nan	facs	24_61_M	176594.0	1602.0	male	Fat	GAT	nan	4	9
M15_B000333_S147_L004			24	M15_B000333_S147_L004	24_60_M	MAT	False	1	False	M15_B000333_S147_L004.mus-0-0-1	exact_library_id_plus_documented_alignment_suffix	M15_B000333_S147_L004.mus-0-0-1-1	one_assay_suffix	24m	1	nan	CD4-positive, alpha-beta T cell	nan	nan	facs	24_60_M	171354.0	895.0	male	Fat	MAT	nan	4	5
M15_B000337_S195_L003			24	M15_B000337_S195_L003	24_60_M	GAT	False	1	False	M15_B000337_S195_L003.mus-0-0-1	exact_library_id_plus_documented_alignment_suffix	M15_B000337_S195_L003.mus-0-0-1-1	one_assay_suffix	24m	1	nan	CD4-positive, alpha-beta T cell	nan	nan	facs	24_60_M	369478.0	1096.0	male	Fat	GAT	nan	4	9
M15_B001190_S39			24	M15_B001190_S39	24_58_M	MAT	False	1	False	M15_B001190_S39.mus-7-0-1	exact_library_id_plus_documented_alignment_suffix	M15_B001190_S39.mus-7-0-1-1	one_assay_suffix	24m	1	nan	CD4-positive, alpha-beta T cell	nan	nan	facs	24_58_M	430331.0	1403.0	male	Fat	MAT	nan	4	5
M15_B001397_S171_L001			24	M15_B001397_S171_L001	24_59_M	Thymus	False	1	False	M15_B001397_S171_L001.mus-5-0-1	exact_library_id_plus_documented_alignment_suffix	M15_B001397_S171_L001.mus-5-0-1-1	one_assay_suffix	24m	1	nan	thymocyte	nan	proliferating thymocyte; DN to DP transition, dividing (some are Cd8+/ Cd4+, some undergoing VDJ recombination)	facs	24_59_M	1135420.0	2673.0	male	Flowthrough	Thymus	nan	21	23
M16_B000331_S304_L004			24	M16_B000331_S304_L004	24_61_M	GAT	False	1	False	M16_B000331_S304_L004.mus-6-0-1	exact_library_id_plus_documented_alignment_suffix	M16_B000331_S304_L004.mus-6-0-1-1	one_assay_suffix	24m	1	nan	CD8-positive, alpha-beta T cell	nan	nan	facs	24_61_M	216026.0	1876.0	male	Fat	GAT	nan	4	9
M16_B000333_S148_L004			24	M16_B000333_S148_L004	24_60_M	MAT	False	1	False	M16_B000333_S148_L004.mus-0-0-1	exact_library_id_plus_documented_alignment_suffix	M16_B000333_S148_L004.mus-0-0-1-1	one_assay_suffix	24m	1	nan	T cell	nan	nan	facs	24_60_M	337125.0	1807.0	male	Fat	MAT	nan	4	9
M16_B001183_S244_L003			24	M16_B001183_S244_L003	24_59_M	MAT	False	1	False	M16_B001183_S244_L003.mus-1-0-1	exact_library_id_plus_documented_alignment_suffix	M16_B001183_S244_L003.mus-1-0-1-1	one_assay_suffix	24m	1	nan	CD4-positive, alpha-beta T cell	nan	nan	facs	24_59_M	1143855.0	2835.0	male	Fat	MAT	nan	6	5
M16_B001385_S76_L003			24	M16_B001385_S76_L003	24_58_M	Thymus	False	1	False	M16_B001385_S76_L003.mus-4-0-1	exact_library_id_plus_documented_alignment_suffix	M16_B001385_S76_L003.mus-4-0-1-1	one_assay_suffix	24m	1	nan	thymocyte	nan	proliferating thymocyte; DN to DP transition, dividing (some are Cd8+/ Cd4+, some undergoing VDJ recombination)	facs	24_58_M	1257318.0	2988.0	male	Flowthrough	Thymus	nan	21	23
M16_B002892_S28			24	M16_B002892_S28	24_58_M	Marrow	False	1	False	M16_B002892_S28.mus-7-0-1	exact_library_id_plus_documented_alignment_suffix	M16_B002892_S28.mus-7-0-1-1	one_assay_suffix	24m	1	nan	NK cell	nan	NK cell	facs	24_58_M	863135.0	1531.0	male	T-cells	Marrow	nan	40	47
M17_B001243_S209_L002			24	M17_B001243_S209_L002	24_59_M	Liver	False	1	False	M17_B001243_S209_L002.mus-2-0-1	exact_library_id_plus_documented_alignment_suffix	M17_B001243_S209_L002.mus-2-0-1-1	one_assay_suffix	24m	1	nan	CD4-positive, alpha-beta T cell	nan	nan	facs	24_59_M	50348.0	1181.0	male	Non-hepatocytes	Liver	nan	4	21
M17_B001385_S77_L003			24	M17_B001385_S77_L003	24_58_M	Thymus	False	1	False	M17_B001385_S77_L003.mus-4-0-1	exact_library_id_plus_documented_alignment_suffix	M17_B001385_S77_L003.mus-4-0-1-1	one_assay_suffix	24m	1	nan	thymocyte	nan	proliferating thymocyte; DN to DP transition, dividing (some are Cd8+/ Cd4+, some undergoing VDJ recombination)	facs	24_58_M	1052057.0	2398.0	male	Flowthrough	Thymus	nan	21	23
M17_B001397_S173_L001			24	M17_B001397_S173_L001	24_59_M	Thymus	False	1	False	M17_B001397_S173_L001.mus-5-0-1	exact_library_id_plus_documented_alignment_suffix	M17_B001397_S173_L001.mus-5-0-1-1	one_assay_suffix	24m	1	nan	thymocyte	nan	proliferating thymocyte; DN to DP transition, dividing (some are Cd8+/ Cd4+, some undergoing VDJ recombination)	facs	24_59_M	1582163.0	3143.0	male	Flowthrough	Thymus	nan	21	23
M17_B002949_S77_L002			24	M17_B002949_S77_L002	24_59_M	Marrow	False	1	False	M17_B002949_S77_L002.mus-5-0-1	exact_library_id_plus_documented_alignment_suffix	M17_B002949_S77_L002.mus-5-0-1-1	one_assay_suffix	24m	1	nan	CD4-positive, alpha-beta T cell	nan	BM CD4 T cell	facs	24_59_M	142883.0	937.0	male	T-cells	Marrow	nan	4	21
M17_B003031_S101_L004	27.0	4.0	24	M17_B003031_S101_L004	24_60_M	Marrow	True	4	True	M17_B003031_S101_L004.mus-5-0-1	exact_library_id_plus_documented_alignment_suffix	M17_B003031_S101_L004.mus-5-0-1-1	one_assay_suffix	24m	1	nan	CD4-positive, alpha-beta T cell	nan	BM CD4 T cell	facs	24_60_M	86616.0	1770.0	male	T-cells	Marrow	nan	0	48
M18_B001385_S78_L003			24	M18_B001385_S78_L003	24_58_M	Thymus	False	1	False	M18_B001385_S78_L003.mus-4-0-1	exact_library_id_plus_documented_alignment_suffix	M18_B001385_S78_L003.mus-4-0-1-1	one_assay_suffix	24m	1	nan	thymocyte	nan	proliferating thymocyte; DN to DP transition, dividing (some are Cd8+/ Cd4+, some undergoing VDJ recombination)	facs	24_58_M	1615345.0	2872.0	male	Flowthrough	Thymus	nan	21	23
M18_B001397_S174_L001			24	M18_B001397_S174_L001	24_59_M	Thymus	False	1	False	M18_B001397_S174_L001.mus-5-0-1	exact_library_id_plus_documented_alignment_suffix	M18_B001397_S174_L001.mus-5-0-1-1	one_assay_suffix	24m	1	nan	thymocyte	nan	proliferating thymocyte; DN to DP transition, dividing (some are Cd8+/ Cd4+, some undergoing VDJ recombination)	facs	24_59_M	1332040.0	2549.0	male	Flowthrough	Thymus	nan	21	23
M18_B002946_S42_L002			24	M18_B002946_S42_L002	24_58_M	Lung	False	1	False	M18_B002946_S42_L002.mus-4-0-1	exact_library_id_plus_documented_alignment_suffix	M18_B002946_S42_L002.mus-4-0-1-1	one_assay_suffix	24m	1	nan	leukocyte	nan	Proliferating Immune	facs	24_58_M	489150.0	3484.0	male	EPCAM	Lung	nan	4	9
M18_B002949_S78_L002			24	M18_B002949_S78_L002	24_59_M	Marrow	False	1	False	M18_B002949_S78_L002.mus-5-0-1	exact_library_id_plus_documented_alignment_suffix	M18_B002949_S78_L002.mus-5-0-1-1	one_assay_suffix	24m	1	nan	mature alpha-beta T cell	nan	BM CD8 + CD4 T cell	facs	24_59_M	441832.0	1570.0	male	T-cells	Marrow	nan	4	48
M18_B003903_S258_L001			24	M18_B003903_S258_L001	24_59_M	Brain_Non-Myeloid	False	1	False	M18_B003903_S258_L001.mus-0-0-1	exact_library_id_plus_documented_alignment_suffix	M18_B003903_S258_L001.mus-0-0-1-1	one_assay_suffix	24m	1	nan	CD8-positive, alpha-beta T cell	nan	nan	facs	24_59_M	52221.0	603.0	male	Hippocampus	Brain_Non-Myeloid	nan	4	9
M19_B001397_S175_L001			24	M19_B001397_S175_L001	24_59_M	Thymus	False	1	False	M19_B001397_S175_L001.mus-5-0-1	exact_library_id_plus_documented_alignment_suffix	M19_B001397_S175_L001.mus-5-0-1-1	one_assay_suffix	24m	1	nan	thymocyte	nan	proliferating thymocyte; DN to DP transition, dividing (some are Cd8+/ Cd4+, some undergoing VDJ recombination)	facs	24_59_M	1832526.0	3502.0	male	Flowthrough	Thymus	nan	21	23
M19_B001615_S43_L001	26.0	2.0	24	M19_B001615_S43_L001	24_60_M	Brain_Non-Myeloid	True	2	True	M19_B001615_S43_L001.mus-0-0-1	exact_library_id_plus_documented_alignment_suffix	M19_B001615_S43_L001.mus-0-0-1-1	one_assay_suffix	24m	1	nan	CD8-positive, alpha-beta T cell	nan	nan	facs	24_60_M	520352.0	905.0	male	Cortex	Brain_Non-Myeloid	nan	4	21
M19_B003031_S103_L004			24	M19_B003031_S103_L004	24_60_M	Marrow	False	1	False	M19_B003031_S103_L004.mus-5-0-1	exact_library_id_plus_documented_alignment_suffix	M19_B003031_S103_L004.mus-5-0-1-1	one_assay_suffix	24m	1	nan	mature alpha-beta T cell	nan	BM CD8 + CD4 T cell	facs	24_60_M	50466.0	1301.0	male	T-cells	Marrow	nan	4	48
M19_B003902_S127_L002	24.0	34.0	24	M19_B003902_S127_L002	24_59_M	Liver	True	34	True	M19_B003902_S127_L002.mus-2-0-1	exact_library_id_plus_documented_alignment_suffix	M19_B003902_S127_L002.mus-2-0-1-1	one_assay_suffix	24m	1	nan	CD8-positive, alpha-beta T cell	nan	nan	facs	24_59_M	140831.0	1636.0	male	Non-hepatocytes	Liver	nan	4	9
M1_B000852_S289_L001	98.0	2.0	24	M1_B000852_S289_L001	24_61_M	Brain_Myeloid	True	2	True	M1_B000852_S289_L001.mus-8-0-1	exact_library_id_plus_documented_alignment_suffix	M1_B000852_S289_L001.mus-8-0-1-1	one_assay_suffix	24m	1	nan	microglial cell	nan	nan	facs	24_61_M	3764479.0	1950.0	male	Striatum	Brain_Myeloid	nan	4	9
M1_B001277_S289_L002			24	M1_B001277_S289_L002	24_61_M	Thymus	False	1	False	M1_B001277_S289_L002.mus-6-0-1	exact_library_id_plus_documented_alignment_suffix	M1_B001277_S289_L002.mus-6-0-1-1	one_assay_suffix	24m	1	nan	DN4 thymocyte	nan	DN4 thymocyte	facs	24_61_M	721034.0	2079.0	male	Flowthrough	Thymus	nan	6	5
M1_B001397_S157_L001			24	M1_B001397_S157_L001	24_59_M	Thymus	False	1	False	M1_B001397_S157_L001.mus-5-0-1	exact_library_id_plus_documented_alignment_suffix	M1_B001397_S157_L001.mus-5-0-1-1	one_assay_suffix	24m	1	nan	thymocyte	nan	proliferating thymocyte; DN to DP transition, dividing (some are Cd8+/ Cd4+, some undergoing VDJ recombination)	facs	24_59_M	3803184.0	5430.0	male	Flowthrough	Thymus	nan	21	23
M1_B003228_S97_L003	98.0	2.0	24	M1_B003228_S97_L003	24_61_M	Brain_Non-Myeloid	True	2	True	M1_B003228_S97_L003.mus-1-0-1	exact_library_id_plus_documented_alignment_suffix		unmatched																
M1_B003800_S289_L002			24	M1_B003800_S289_L002	24_61_M	Heart	False	1	False	M1_B003800_S289_L002.mus-6-0-1	exact_library_id_plus_documented_alignment_suffix	M1_B003800_S289_L002.mus-6-0-1-1	one_assay_suffix	24m	1	nan	T cell	nan	T cell	facs	24_61_M	3835530.0	1855.0	male	RA	Heart	nan	4	21
M20_B000851_S308_L004	83.0	2.0	24	M20_B000851_S308_L004	24_61_M	Spleen	True	2	True	M20_B000851_S308_L004.mus-6-0-1	exact_library_id_plus_documented_alignment_suffix	M20_B000851_S308_L004.mus-6-0-1-1	one_assay_suffix	24m	1	nan	CD8-positive, alpha-beta T cell	nan	nan	facs	24_61_M	50771.0	1491.0	male	nan	Spleen	nan	4	9
M20_B001397_S176_L001			24	M20_B001397_S176_L001	24_59_M	Thymus	False	1	False	M20_B001397_S176_L001.mus-5-0-1	exact_library_id_plus_documented_alignment_suffix	M20_B001397_S176_L001.mus-5-0-1-1	one_assay_suffix	24m	1	nan	thymocyte	nan	proliferating thymocyte; DN to DP transition, dividing (some are Cd8+/ Cd4+, some undergoing VDJ recombination)	facs	24_59_M	1186331.0	2415.0	male	Flowthrough	Thymus	nan	21	23
M20_B002892_S32			24	M20_B002892_S32	24_58_M	Marrow	False	1	False	M20_B002892_S32.mus-7-0-1	exact_library_id_plus_documented_alignment_suffix	M20_B002892_S32.mus-7-0-1-1	one_assay_suffix	24m	1	nan	late pro-B cell	nan	late pro B cell	facs	24_58_M	1433061.0	1791.0	male	T-cells	Marrow	nan	37	41
M20_B003031_S104_L004			24	M20_B003031_S104_L004	24_60_M	Marrow	False	1	False	M20_B003031_S104_L004.mus-5-0-1	exact_library_id_plus_documented_alignment_suffix	M20_B003031_S104_L004.mus-5-0-1-1	one_assay_suffix	24m	1	nan	mature alpha-beta T cell	nan	BM CD8 + CD4 T cell	facs	24_60_M	65380.0	1184.0	male	T-cells	Marrow	nan	4	9
M20_B003234_S68_L004			24	M20_B003234_S68_L004	24_60_M	Lung	False	1	False	M20_B003234_S68_L004.mus-5-0-1	exact_library_id_plus_documented_alignment_suffix	M20_B003234_S68_L004.mus-5-0-1-1	one_assay_suffix	24m	1	nan	CD8-positive, alpha-beta T cell	nan	CD8+ T	facs	24_60_M	433545.0	1526.0	male	EPCAM	Lung	nan	4	9
M21_B000848_S285_L003			24	M21_B000848_S285_L003	24_60_M	Spleen	False	1	False	M21_B000848_S285_L003.mus-5-0-1	exact_library_id_plus_documented_alignment_suffix	M21_B000848_S285_L003.mus-5-0-1-1	one_assay_suffix	24m	1	nan	CD4-positive, alpha-beta T cell	nan	Cd3e T cell	facs	24_60_M	449523.0	1445.0	male	nan	Spleen	nan	4	21
M21_B001243_S213_L002			24	M21_B001243_S213_L002	24_59_M	Liver	False	1	False	M21_B001243_S213_L002.mus-2-0-1	exact_library_id_plus_documented_alignment_suffix	M21_B001243_S213_L002.mus-2-0-1-1	one_assay_suffix	24m	1	nan	CD4-positive, alpha-beta T cell	nan	nan	facs	24_59_M	108019.0	941.0	male	Non-hepatocytes	Liver	nan	4	21
M21_B002992_S309_L003			24	M21_B002992_S309_L003	24_61_M	Marrow	False	1	False	M21_B002992_S309_L003.mus-8-0-1	exact_library_id_plus_documented_alignment_suffix	M21_B002992_S309_L003.mus-8-0-1-1	one_assay_suffix	24m	1	nan	mature alpha-beta T cell	nan	BM CD8 + CD4 T cell	facs	24_61_M	42967.0	967.0	male	T-cells	Marrow	nan	4	9
M22_B001256_S46_L002			24	M22_B001256_S46_L002	24_59_M	Thymus	False	1	False	M22_B001256_S46_L002.mus-1-0-1	exact_library_id_plus_documented_alignment_suffix		unmatched																
M22_B001385_S82_L003			24	M22_B001385_S82_L003	24_58_M	Thymus	False	1	False	M22_B001385_S82_L003.mus-4-0-1	exact_library_id_plus_documented_alignment_suffix	M22_B001385_S82_L003.mus-4-0-1-1	one_assay_suffix	24m	1	nan	thymocyte	nan	proliferating thymocyte; DN to DP transition, dividing (some are Cd8+/ Cd4+, some undergoing VDJ recombination)	facs	24_58_M	1732465.0	2042.0	male	Flowthrough	Thymus	nan	21	23
M22_B001397_S178_L001			24	M22_B001397_S178_L001	24_59_M	Thymus	False	1	False	M22_B001397_S178_L001.mus-5-0-1	exact_library_id_plus_documented_alignment_suffix	M22_B001397_S178_L001.mus-5-0-1-1	one_assay_suffix	24m	1	nan	thymocyte	nan	DN to DP transition (most are Cd8+/ Cd4+, some undergoing VDJ recombination)	facs	24_59_M	443861.0	1437.0	male	Flowthrough	Thymus	nan	21	23
M22_B002892_S34			24	M22_B002892_S34	24_58_M	Marrow	False	1	False	M22_B002892_S34.mus-7-0-1	exact_library_id_plus_documented_alignment_suffix	M22_B002892_S34.mus-7-0-1-1	one_assay_suffix	24m	1	nan	CD4-positive, alpha-beta T cell	nan	BM CD4 T cell	facs	24_58_M	255239.0	974.0	male	T-cells	Marrow	nan	4	48
M2_B000830_S290_L004			24	M2_B000830_S290_L004	24_60_M	Thymus	False	1	False	M2_B000830_S290_L004.mus-8-0-1	exact_library_id_plus_documented_alignment_suffix	M2_B000830_S290_L004.mus-8-0-1-1	one_assay_suffix	24m	1	nan	macrophage	nan	macrophage	facs	24_60_M	141689.0	3349.0	male	Flowthrough	Thymus	nan	37	41
M2_B000852_S290_L001	54.0	2.0	24	M2_B000852_S290_L001	24_61_M	Brain_Myeloid	True	2	True	M2_B000852_S290_L001.mus-8-0-1	exact_library_id_plus_documented_alignment_suffix	M2_B000852_S290_L001.mus-8-0-1-1	one_assay_suffix	24m	1	nan	microglial cell	nan	nan	facs	24_61_M	3071635.0	2123.0	male	Striatum	Brain_Myeloid	nan	4	9
M2_B001386_S230_L003			24	M2_B001386_S230_L003	24_58_M	Liver	False	1	False	M2_B001386_S230_L003.mus-2-0-1	exact_library_id_plus_documented_alignment_suffix	M2_B001386_S230_L003.mus-2-0-1-1	one_assay_suffix	24m	1	nan	CD4-positive, alpha-beta T cell	nan	nan	facs	24_58_M	2161118.0	2221.0	male	Non-hepatocytes	Liver	nan	4	9
M2_B001615_S26_L001			24	M2_B001615_S26_L001	24_60_M	Brain_Non-Myeloid	False	1	False	M2_B001615_S26_L001.mus-0-0-1	exact_library_id_plus_documented_alignment_suffix	M2_B001615_S26_L001.mus-0-0-1-1	one_assay_suffix	24m	1	nan	CD8-positive, alpha-beta T cell	nan	nan	facs	24_60_M	901911.0	1361.0	male	Cortex	Brain_Non-Myeloid	nan	4	9
M2_B003228_S98_L003	54.0	2.0	24	M2_B003228_S98_L003	24_61_M	Brain_Non-Myeloid	True	2	True	M2_B003228_S98_L003.mus-1-0-1	exact_library_id_plus_documented_alignment_suffix		unmatched																
M3_B000830_S291_L004			24	M3_B000830_S291_L004	24_60_M	Thymus	False	1	False	M3_B000830_S291_L004.mus-8-0-1	exact_library_id_plus_documented_alignment_suffix	M3_B000830_S291_L004.mus-8-0-1-1	one_assay_suffix	24m	1	nan	macrophage	nan	macrophage	facs	24_60_M	100360.0	2675.0	male	Flowthrough	Thymus	nan	0	48
M3_B000848_S267_L003	31.0	2.0	24	M3_B000848_S267_L003	24_60_M	Spleen	True	2	True	M3_B000848_S267_L003.mus-5-0-1	exact_library_id_plus_documented_alignment_suffix	M3_B000848_S267_L003.mus-5-0-1-1	one_assay_suffix	24m	1	nan	CD8-positive, alpha-beta T cell	nan	nan	facs	24_60_M	3738908.0	3829.0	male	nan	Spleen	nan	4	9
M3_B001151_S183_L003	92.0	2.0	24	M3_B001151_S183_L003	24_59_M	Marrow	True	2	True	M3_B001151_S183_L003.mus-2-0-1	exact_library_id_plus_documented_alignment_suffix	M3_B001151_S183_L003.mus-2-0-1-1	one_assay_suffix	24m	1	nan	promonocyte	nan	monocyte + promonocyte	facs	24_59_M	954091.0	2934.0	male	Granulocytes	Marrow	nan	4	17
M3_B001242_S183	9.0	2.0	24	M3_B001242_S183	24_58_M	Liver	True	2	True	M3_B001242_S183.mus-7-0-1	exact_library_id_plus_documented_alignment_suffix	M3_B001242_S183.mus-7-0-1-1	one_assay_suffix	24m	1	nan	CD4-positive, alpha-beta T cell	nan	nan	facs	24_58_M	1484203.0	1335.0	male	Non-hepatocytes	Liver	nan	4	21
M3_B001277_S291_L002			24	M3_B001277_S291_L002	24_61_M	Thymus	False	1	False	M3_B001277_S291_L002.mus-6-0-1	exact_library_id_plus_documented_alignment_suffix	M3_B001277_S291_L002.mus-6-0-1-1	one_assay_suffix	24m	1	nan	DN4 thymocyte	nan	DN4 thymocyte	facs	24_61_M	592370.0	1760.0	male	Flowthrough	Thymus	nan	6	5
M3_B001385_S63_L003			24	M3_B001385_S63_L003	24_58_M	Thymus	False	1	False	M3_B001385_S63_L003.mus-4-0-1	exact_library_id_plus_documented_alignment_suffix	M3_B001385_S63_L003.mus-4-0-1-1	one_assay_suffix	24m	1	nan	DN4 thymocyte	nan	DN4 thymocyte	facs	24_58_M	982001.0	2122.0	male	Flowthrough	Thymus	nan	6	5
M3_B001397_S159_L001			24	M3_B001397_S159_L001	24_59_M	Thymus	False	1	False	M3_B001397_S159_L001.mus-5-0-1	exact_library_id_plus_documented_alignment_suffix	M3_B001397_S159_L001.mus-5-0-1-1	one_assay_suffix	24m	1	nan	DN4 thymocyte	nan	DN4 thymocyte	facs	24_59_M	2040877.0	3223.0	male	Flowthrough	Thymus	nan	6	5
M3_B003843_S267_L004	58.0	2.0	24	M3_B003843_S267_L004	24_58_M	Trachea	True	2	True	M3_B003843_S267_L004.mus-4-0-1	exact_library_id_plus_documented_alignment_suffix	M3_B003843_S267_L004.mus-4-0-1-1	one_assay_suffix	24m	1	nan	T cell	nan	nan	facs	24_58_M	650388.0	991.0	male	nan	Trachea	nan	4	9
M4_B000830_S292_L004			24	M4_B000830_S292_L004	24_60_M	Thymus	False	1	False	M4_B000830_S292_L004.mus-8-0-1	exact_library_id_plus_documented_alignment_suffix	M4_B000830_S292_L004.mus-8-0-1-1	one_assay_suffix	24m	1	nan	DN4 thymocyte	nan	DN4 thymocyte	facs	24_60_M	73946.0	1075.0	male	Flowthrough	Thymus	nan	4	9
M4_B001277_S292_L002			24	M4_B001277_S292_L002	24_61_M	Thymus	False	1	False	M4_B001277_S292_L002.mus-6-0-1	exact_library_id_plus_documented_alignment_suffix	M4_B001277_S292_L002.mus-6-0-1-1	one_assay_suffix	24m	1	nan	DN4 thymocyte	nan	DN4 thymocyte	facs	24_61_M	751580.0	1559.0	male	Flowthrough	Thymus	nan	6	5
M4_B001385_S64_L003			24	M4_B001385_S64_L003	24_58_M	Thymus	False	1	False	M4_B001385_S64_L003.mus-4-0-1	exact_library_id_plus_documented_alignment_suffix	M4_B001385_S64_L003.mus-4-0-1-1	one_assay_suffix	24m	1	nan	DN4 thymocyte	nan	DN4 thymocyte	facs	24_58_M	1401792.0	2428.0	male	Flowthrough	Thymus	nan	6	5
M4_B001397_S160_L001			24	M4_B001397_S160_L001	24_59_M	Thymus	False	1	False	M4_B001397_S160_L001.mus-5-0-1	exact_library_id_plus_documented_alignment_suffix	M4_B001397_S160_L001.mus-5-0-1-1	one_assay_suffix	24m	1	nan	DN4 thymocyte	nan	DN4 thymocyte	facs	24_59_M	1004070.0	2102.0	male	Flowthrough	Thymus	nan	4	9
M5_B000326_S293_L002			24	M5_B000326_S293_L002	24_61_M	Marrow	False	1	False	M5_B000326_S293_L002.mus-6-0-1	exact_library_id_plus_documented_alignment_suffix	M5_B000326_S293_L002.mus-6-0-1-1	one_assay_suffix	24m	1	nan	mature alpha-beta T cell	nan	BM CD8 + CD4 T cell	facs	24_61_M	319166.0	1207.0	male	Granulocytes	Marrow	nan	4	9
M5_B000830_S293_L004			24	M5_B000830_S293_L004	24_60_M	Thymus	False	1	False	M5_B000830_S293_L004.mus-8-0-1	exact_library_id_plus_documented_alignment_suffix	M5_B000830_S293_L004.mus-8-0-1-1	one_assay_suffix	24m	1	nan	DN4 thymocyte	nan	DN4 thymocyte	facs	24_60_M	352697.0	1532.0	male	Flowthrough	Thymus	nan	4	9
M5_B000851_S293_L004			24	M5_B000851_S293_L004	24_61_M	Spleen	False	1	False	M5_B000851_S293_L004.mus-6-0-1	exact_library_id_plus_documented_alignment_suffix	M5_B000851_S293_L004.mus-6-0-1-1	one_assay_suffix	24m	1	nan	CD8-positive, alpha-beta T cell	nan	nan	facs	24_61_M	164706.0	988.0	male	nan	Spleen	nan	4	9
M5_B001277_S293_L002	15.0	15.0	24	M5_B001277_S293_L002	24_61_M	Thymus	True	15	True	M5_B001277_S293_L002.mus-6-0-1	exact_library_id_plus_documented_alignment_suffix	M5_B001277_S293_L002.mus-6-0-1-1	one_assay_suffix	24m	1	nan	DN4 thymocyte	nan	DN4 thymocyte	facs	24_61_M	741220.0	2192.0	male	Flowthrough	Thymus	nan	4	9
M5_B001385_S65_L003			24	M5_B001385_S65_L003	24_58_M	Thymus	False	1	False	M5_B001385_S65_L003.mus-4-0-1	exact_library_id_plus_documented_alignment_suffix	M5_B001385_S65_L003.mus-4-0-1-1	one_assay_suffix	24m	1	nan	DN4 thymocyte	nan	DN4 thymocyte	facs	24_58_M	1099153.0	1529.0	male	Flowthrough	Thymus	nan	6	5
M6_B000830_S294_L004			24	M6_B000830_S294_L004	24_60_M	Thymus	False	1	False	M6_B000830_S294_L004.mus-8-0-1	exact_library_id_plus_documented_alignment_suffix	M6_B000830_S294_L004.mus-8-0-1-1	one_assay_suffix	24m	1	nan	DN4 thymocyte	nan	DN4 thymocyte	facs	24_60_M	2072035.0	1775.0	male	Flowthrough	Thymus	nan	6	5
M6_B001385_S66_L003			24	M6_B001385_S66_L003	24_58_M	Thymus	False	1	False	M6_B001385_S66_L003.mus-4-0-1	exact_library_id_plus_documented_alignment_suffix	M6_B001385_S66_L003.mus-4-0-1-1	one_assay_suffix	24m	1	nan	DN4 thymocyte	nan	DN4 thymocyte	facs	24_58_M	771672.0	2054.0	male	Flowthrough	Thymus	nan	6	5
M6_B001397_S162_L001			24	M6_B001397_S162_L001	24_59_M	Thymus	False	1	False	M6_B001397_S162_L001.mus-5-0-1	exact_library_id_plus_documented_alignment_suffix	M6_B001397_S162_L001.mus-5-0-1-1	one_assay_suffix	24m	1	nan	DN4 thymocyte	nan	DN4 thymocyte	facs	24_59_M	673020.0	2102.0	male	Flowthrough	Thymus	nan	6	5
M7_B000830_S295_L004	49.0	2.0	24	M7_B000830_S295_L004	24_60_M	Thymus	True	2	True	M7_B000830_S295_L004.mus-8-0-1	exact_library_id_plus_documented_alignment_suffix	M7_B000830_S295_L004.mus-8-0-1-1	one_assay_suffix	24m	1	nan	DN4 thymocyte	nan	DN4 thymocyte	facs	24_60_M	3008020.0	2149.0	male	Flowthrough	Thymus	nan	4	9
M7_B000848_S271_L003			24	M7_B000848_S271_L003	24_60_M	Spleen	False	1	False	M7_B000848_S271_L003.mus-5-0-1	exact_library_id_plus_documented_alignment_suffix	M7_B000848_S271_L003.mus-5-0-1-1	one_assay_suffix	24m	1	nan	CD8-positive, alpha-beta T cell	nan	Cd3e T cell	facs	24_60_M	847367.0	2154.0	male	nan	Spleen	nan	6	5
M7_B001263_S163			24	M7_B001263_S163	24_58_M	Spleen	False	1	False	M7_B001263_S163.mus-7-0-1	exact_library_id_plus_documented_alignment_suffix	M7_B001263_S163.mus-7-0-1-1	one_assay_suffix	24m	1	nan	CD4-positive, alpha-beta T cell	nan	Cd3e T cell	facs	24_58_M	327522.0	1192.0	male	nan	Spleen	nan	4	21
M7_B001265_S283_L002			24	M7_B001265_S283_L002	24_59_M	Spleen	False	1	False	M7_B001265_S283_L002.mus-2-0-1	exact_library_id_plus_documented_alignment_suffix	M7_B001265_S283_L002.mus-2-0-1-1	one_assay_suffix	24m	1	nan	CD4-positive, alpha-beta T cell	nan	Cd3e T cell	facs	24_59_M	1433569.0	2125.0	male	nan	Spleen	nan	4	21
M7_B003031_S91_L004			24	M7_B003031_S91_L004	24_60_M	Marrow	False	1	False	M7_B003031_S91_L004.mus-5-0-1	exact_library_id_plus_documented_alignment_suffix	M7_B003031_S91_L004.mus-5-0-1-1	one_assay_suffix	24m	1	nan	promonocyte	nan	monocyte + promonocyte	facs	24_60_M	3118738.0	4381.0	male	T-cells	Marrow	nan	16	26
M8_B001243_S200_L002	24.0	34.0	24	M8_B001243_S200_L002	24_59_M	Liver	True	34	True	M8_B001243_S200_L002.mus-2-0-1	exact_library_id_plus_documented_alignment_suffix	M8_B001243_S200_L002.mus-2-0-1-1	one_assay_suffix	24m	1	nan	CD8-positive, alpha-beta T cell	nan	nan	facs	24_59_M	6656427.0	2460.0	male	Non-hepatocytes	Liver	nan	4	9
M8_B001397_S164_L001			24	M8_B001397_S164_L001	24_59_M	Thymus	False	1	False	M8_B001397_S164_L001.mus-5-0-1	exact_library_id_plus_documented_alignment_suffix	M8_B001397_S164_L001.mus-5-0-1-1	one_assay_suffix	24m	1	nan	thymocyte	nan	proliferating thymocyte; DN to DP transition, dividing (some are Cd8+/ Cd4+, some undergoing VDJ recombination)	facs	24_59_M	1059095.0	2522.0	male	Flowthrough	Thymus	nan	6	21
M8_B002892_S20			24	M8_B002892_S20	24_58_M	Marrow	False	1	False	M8_B002892_S20.mus-7-0-1	exact_library_id_plus_documented_alignment_suffix	M8_B002892_S20.mus-7-0-1-1	one_assay_suffix	24m	1	nan	mature alpha-beta T cell	nan	BM CD8 + CD4 T cell	facs	24_58_M	234824.0	831.0	male	T-cells	Marrow	nan	6	5
M8_B003902_S116_L002	24.0	34.0	24	M8_B003902_S116_L002	24_59_M	Liver	True	34	True	M8_B003902_S116_L002.mus-2-0-1	exact_library_id_plus_documented_alignment_suffix	M8_B003902_S116_L002.mus-2-0-1-1	one_assay_suffix	24m	1	nan	CD8-positive, alpha-beta T cell	nan	nan	facs	24_59_M	2575072.0	1243.0	male	Non-hepatocytes	Liver	nan	4	9
M9_B000332_S105_L003			24	M9_B000332_S105_L003	24_60_M	SCAT	False	1	False	M9_B000332_S105_L003.mus-0-0-1	exact_library_id_plus_documented_alignment_suffix	M9_B000332_S105_L003.mus-0-0-1-1	one_assay_suffix	24m	1	nan	T cell	nan	nan	facs	24_60_M	138046.0	1173.0	male	Fat	SCAT	nan	4	9
M9_B000830_S297_L004			24	M9_B000830_S297_L004	24_60_M	Thymus	False	1	False	M9_B000830_S297_L004.mus-8-0-1	exact_library_id_plus_documented_alignment_suffix	M9_B000830_S297_L004.mus-8-0-1-1	one_assay_suffix	24m	1	nan	DN4 thymocyte	nan	DN4 thymocyte	facs	24_60_M	7353775.0	2600.0	male	Flowthrough	Thymus	nan	4	9
M9_B001190_S33			24	M9_B001190_S33	24_58_M	MAT	False	1	False	M9_B001190_S33.mus-7-0-1	exact_library_id_plus_documented_alignment_suffix	M9_B001190_S33.mus-7-0-1-1	one_assay_suffix	24m	1	nan	CD4-positive, alpha-beta T cell	nan	nan	facs	24_58_M	416601.0	1128.0	male	Fat	MAT	nan	6	5
M9_B001263_S165			24	M9_B001263_S165	24_58_M	Spleen	False	1	False	M9_B001263_S165.mus-7-0-1	exact_library_id_plus_documented_alignment_suffix	M9_B001263_S165.mus-7-0-1-1	one_assay_suffix	24m	1	nan	CD8-positive, alpha-beta T cell	nan	Cd3e T cell	facs	24_58_M	944297.0	2154.0	male	nan	Spleen	nan	6	5
M9_B001385_S69_L003			24	M9_B001385_S69_L003	24_58_M	Thymus	False	1	False	M9_B001385_S69_L003.mus-4-0-1	exact_library_id_plus_documented_alignment_suffix	M9_B001385_S69_L003.mus-4-0-1-1	one_assay_suffix	24m	1	nan	DN4 thymocyte	nan	DN4 thymocyte	facs	24_58_M	594978.0	1880.0	male	Flowthrough	Thymus	nan	6	5
M9_B001397_S165_L001			24	M9_B001397_S165_L001	24_59_M	Thymus	False	1	False	M9_B001397_S165_L001.mus-5-0-1	exact_library_id_plus_documented_alignment_suffix	M9_B001397_S165_L001.mus-5-0-1-1	one_assay_suffix	24m	1	nan	DN4 thymocyte	nan	DN4 thymocyte	facs	24_59_M	204264.0	1950.0	male	Flowthrough	Thymus	nan	6	5
M9_B002875_S165_L001			24	M9_B002875_S165_L001	24_59_M	Lung	False	1	False	M9_B002875_S165_L001.mus-2-0-1	exact_library_id_plus_documented_alignment_suffix	M9_B002875_S165_L001.mus-2-0-1-1	one_assay_suffix	24m	1	nan	regulatory T cell	nan	Regulatory T	facs	24_59_M	706954.0	959.0	male	EPCAM	Lung	nan	4	21
M9_B002898_S81	57.0	4.0	24	M9_B002898_S81	24_58_M	GAT	True	4	True	M9_B002898_S81.mus-7-0-1	exact_library_id_plus_documented_alignment_suffix	M9_B002898_S81.mus-7-0-1-1	one_assay_suffix	24m	1	nan	CD4-positive, alpha-beta T cell	nan	nan	facs	24_58_M	1126141.0	1244.0	male	Fat	GAT	nan	4	21
M9_B002900_S105_L003	12.0	9.0	24	M9_B002900_S105_L003	24_59_M	GAT	True	9	True	M9_B002900_S105_L003.mus-4-0-1	exact_library_id_plus_documented_alignment_suffix	M9_B002900_S105_L003.mus-4-0-1-1	one_assay_suffix	24m	1	nan	CD4-positive, alpha-beta T cell	nan	nan	facs	24_59_M	374150.0	957.0	male	Fat	GAT	nan	4	21
M9_B003233_S297_L003	66.0	3.0	24	M9_B003233_S297_L003	24_61_M	Heart	True	3	True	M9_B003233_S297_L003.mus-8-0-1	exact_library_id_plus_documented_alignment_suffix	M9_B003233_S297_L003.mus-8-0-1-1	one_assay_suffix	24m	1	nan	T cell	nan	T cell	facs	24_61_M	1542422.0	1326.0	male	RV	Heart	nan	4	9
N10_B000830_S322_L004			24	N10_B000830_S322_L004	24_60_M	Thymus	False	1	False	N10_B000830_S322_L004.mus-8-0-1	exact_library_id_plus_documented_alignment_suffix	N10_B000830_S322_L004.mus-8-0-1-1	one_assay_suffix	24m	1	nan	DN4 thymocyte	nan	DN4 thymocyte	facs	24_60_M	259803.0	1287.0	male	Flowthrough	Thymus	nan	6	5
N10_B001188_S274	74.0	4.0	24	N10_B001188_S274	24_58_M	SCAT	True	4	True	N10_B001188_S274.mus-7-0-1	exact_library_id_plus_documented_alignment_suffix	N10_B001188_S274.mus-7-0-1-1	one_assay_suffix	24m	1	nan	T cell	nan	nan	facs	24_58_M	2725084.0	2174.0	male	Fat	SCAT	nan	4	21
N10_B001397_S190_L001			24	N10_B001397_S190_L001	24_59_M	Thymus	False	1	False	N10_B001397_S190_L001.mus-5-0-1	exact_library_id_plus_documented_alignment_suffix	N10_B001397_S190_L001.mus-5-0-1-1	one_assay_suffix	24m	1	nan	DN4 thymocyte	nan	DN4 thymocyte	facs	24_59_M	489685.0	1944.0	male	Flowthrough	Thymus	nan	6	5
N10_B002949_S94_L002			24	N10_B002949_S94_L002	24_59_M	Marrow	False	1	False	N10_B002949_S94_L002.mus-5-0-1	exact_library_id_plus_documented_alignment_suffix	N10_B002949_S94_L002.mus-5-0-1-1	one_assay_suffix	24m	1	nan	mature alpha-beta T cell	nan	BM CD8 + CD4 T cell	facs	24_59_M	478659.0	1217.0	male	T-cells	Marrow	nan	4	9
N11_B000331_S323_L004	15.0	15.0	24	N11_B000331_S323_L004	24_61_M	GAT	True	15	True	N11_B000331_S323_L004.mus-6-0-1	exact_library_id_plus_documented_alignment_suffix	N11_B000331_S323_L004.mus-6-0-1-1	one_assay_suffix	24m	1	nan	CD8-positive, alpha-beta T cell	nan	nan	facs	24_61_M	256412.0	2218.0	male	Fat	GAT	nan	4	9
N11_B000830_S323_L004			24	N11_B000830_S323_L004	24_60_M	Thymus	False	1	False	N11_B000830_S323_L004.mus-8-0-1	exact_library_id_plus_documented_alignment_suffix	N11_B000830_S323_L004.mus-8-0-1-1	one_assay_suffix	24m	1	nan	DN4 thymocyte	nan	DN4 thymocyte	facs	24_60_M	145099.0	1712.0	male	Flowthrough	Thymus	nan	4	21
N11_B000844_S275_L001	52.0	2.0	24	N11_B000844_S275_L001	24_60_M	Kidney	True	1	False	N11_B000844_S275_L001.mus-5-0-1	exact_library_id_plus_documented_alignment_suffix	N11_B000844_S275_L001.mus-5-0-1-1	one_assay_suffix	24m	1	nan	macrophage	nan	macrophage	facs	24_60_M	3017203.0	2936.0	male	nan	Kidney	nan	3	12
N11_B000848_S299_L003			24	N11_B000848_S299_L003	24_60_M	Spleen	False	1	False	N11_B000848_S299_L003.mus-5-0-1	exact_library_id_plus_documented_alignment_suffix	N11_B000848_S299_L003.mus-5-0-1-1	one_assay_suffix	24m	1	nan	CD8-positive, alpha-beta T cell	nan	nan	facs	24_60_M	1544836.0	3043.0	male	nan	Spleen	nan	4	9
N11_B000851_S323_L004			24	N11_B000851_S323_L004	24_61_M	Spleen	False	1	False	N11_B000851_S323_L004.mus-6-0-1	exact_library_id_plus_documented_alignment_suffix	N11_B000851_S323_L004.mus-6-0-1-1	one_assay_suffix	24m	1	nan	CD8-positive, alpha-beta T cell	nan	nan	facs	24_61_M	79668.0	1766.0	male	nan	Spleen	nan	4	9
N11_B001397_S191_L001			24	N11_B001397_S191_L001	24_59_M	Thymus	False	1	False	N11_B001397_S191_L001.mus-5-0-1	exact_library_id_plus_documented_alignment_suffix	N11_B001397_S191_L001.mus-5-0-1-1	one_assay_suffix	24m	1	nan	DN4 thymocyte	nan	DN4 thymocyte	facs	24_59_M	876420.0	2025.0	male	Flowthrough	Thymus	nan	6	5
N12_B001183_S264_L003			24	N12_B001183_S264_L003	24_59_M	MAT	False	1	False	N12_B001183_S264_L003.mus-1-0-1	exact_library_id_plus_documented_alignment_suffix	N12_B001183_S264_L003.mus-1-0-1-1	one_assay_suffix	24m	1	nan	CD8-positive, alpha-beta T cell	nan	nan	facs	24_59_M	1005049.0	1779.0	male	Fat	MAT	nan	4	9
N12_B001190_S60			24	N12_B001190_S60	24_58_M	MAT	False	1	False	N12_B001190_S60.mus-7-0-1	exact_library_id_plus_documented_alignment_suffix	N12_B001190_S60.mus-7-0-1-1	one_assay_suffix	24m	1	nan	CD4-positive, alpha-beta T cell	nan	nan	facs	24_58_M	309531.0	1238.0	male	Fat	MAT	nan	6	5
N12_B001263_S192			24	N12_B001263_S192	24_58_M	Spleen	False	1	False	N12_B001263_S192.mus-7-0-1	exact_library_id_plus_documented_alignment_suffix	N12_B001263_S192.mus-7-0-1-1	one_assay_suffix	24m	1	nan	CD4-positive, alpha-beta T cell	nan	Cd3e T cell	facs	24_58_M	314086.0	1172.0	male	nan	Spleen	nan	4	21
N12_B001385_S96_L003			24	N12_B001385_S96_L003	24_58_M	Thymus	False	1	False	N12_B001385_S96_L003.mus-4-0-1	exact_library_id_plus_documented_alignment_suffix	N12_B001385_S96_L003.mus-4-0-1-1	one_assay_suffix	24m	1	nan	thymocyte	nan	DN to DP transition (most are Cd8+/ Cd4+, some undergoing VDJ recombination)	facs	24_58_M	364829.0	1276.0	male	Flowthrough	Thymus	nan	21	23
N12_B001397_S192_L001			24	N12_B001397_S192_L001	24_59_M	Thymus	False	1	False	N12_B001397_S192_L001.mus-5-0-1	exact_library_id_plus_documented_alignment_suffix	N12_B001397_S192_L001.mus-5-0-1-1	one_assay_suffix	24m	1	nan	thymocyte	nan	DN to DP transition (most are Cd8+/ Cd4+, some undergoing VDJ recombination)	facs	24_59_M	411727.0	1713.0	male	Flowthrough	Thymus	nan	21	23
N12_B002900_S132_L003	12.0	9.0	24	N12_B002900_S132_L003	24_59_M	GAT	True	9	True	N12_B002900_S132_L003.mus-4-0-1	exact_library_id_plus_documented_alignment_suffix	N12_B002900_S132_L003.mus-4-0-1-1	one_assay_suffix	24m	1	nan	CD4-positive, alpha-beta T cell	nan	nan	facs	24_59_M	658848.0	1335.0	male	Fat	GAT	nan	4	21
N13_B000331_S325_L004			24	N13_B000331_S325_L004	24_61_M	GAT	False	1	False	N13_B000331_S325_L004.mus-6-0-1	exact_library_id_plus_documented_alignment_suffix	N13_B000331_S325_L004.mus-6-0-1-1	one_assay_suffix	24m	1	nan	CD8-positive, alpha-beta T cell	nan	nan	facs	24_61_M	142266.0	2022.0	male	Fat	GAT	nan	4	9
N13_B000333_S169_L004	7.0	12.0	24	N13_B000333_S169_L004	24_60_M	MAT	True	12	True	N13_B000333_S169_L004.mus-0-0-1	exact_library_id_plus_documented_alignment_suffix	N13_B000333_S169_L004.mus-0-0-1-1	one_assay_suffix	24m	1	nan	CD8-positive, alpha-beta T cell	nan	nan	facs	24_60_M	143710.0	1052.0	male	Fat	MAT	nan	4	9
N13_B000342_S325_L004	15.0	15.0	24	N13_B000342_S325_L004	24_61_M	Lung	True	15	True	N13_B000342_S325_L004.mus-6-0-1	exact_library_id_plus_documented_alignment_suffix	N13_B000342_S325_L004.mus-6-0-1-1	one_assay_suffix	24m	1	nan	CD8-positive, alpha-beta T cell	nan	CD8+ T	facs	24_61_M	720564.0	2009.0	male	EPCAM	Lung	nan	4	9
N13_B000848_S1_L003			24	N13_B000848_S1_L003	24_60_M	Spleen	False	1	False	N13_B000848_S1_L003.mus-5-0-1	exact_library_id_plus_documented_alignment_suffix	N13_B000848_S1_L003.mus-5-0-1-1	one_assay_suffix	24m	1	nan	CD4-positive, alpha-beta T cell	nan	Cd3e T cell	facs	24_60_M	533385.0	1655.0	male	nan	Spleen	nan	4	21
N13_B001183_S265_L003			24	N13_B001183_S265_L003	24_59_M	MAT	False	1	False	N13_B001183_S265_L003.mus-1-0-1	exact_library_id_plus_documented_alignment_suffix	N13_B001183_S265_L003.mus-1-0-1-1	one_assay_suffix	24m	1	nan	CD8-positive, alpha-beta T cell	nan	nan	facs	24_59_M	899978.0	1301.0	male	Fat	MAT	nan	4	5
N13_B001188_S277			24	N13_B001188_S277	24_58_M	SCAT	False	1	False	N13_B001188_S277.mus-7-0-1	exact_library_id_plus_documented_alignment_suffix	N13_B001188_S277.mus-7-0-1-1	one_assay_suffix	24m	1	nan	CD8-positive, alpha-beta T cell	nan	nan	facs	24_58_M	340088.0	1603.0	male	Fat	SCAT	nan	4	9
N13_B001385_S97_L003			24	N13_B001385_S97_L003	24_58_M	Thymus	False	1	False	N13_B001385_S97_L003.mus-4-0-1	exact_library_id_plus_documented_alignment_suffix	N13_B001385_S97_L003.mus-4-0-1-1	one_assay_suffix	24m	1	nan	thymocyte	nan	proliferating thymocyte; DN to DP transition, dividing (some are Cd8+/ Cd4+, some undergoing VDJ recombination)	facs	24_58_M	666021.0	2359.0	male	Flowthrough	Thymus	nan	21	23
N13_B001397_S193_L001			24	N13_B001397_S193_L001	24_59_M	Thymus	False	1	False	N13_B001397_S193_L001.mus-5-0-1	exact_library_id_plus_documented_alignment_suffix	N13_B001397_S193_L001.mus-5-0-1-1	one_assay_suffix	24m	1	nan	thymocyte	nan	DN to DP transition (most are Cd8+/ Cd4+, some undergoing VDJ recombination)	facs	24_59_M	328801.0	1596.0	male	Flowthrough	Thymus	nan	21	23
N13_B002892_S49	56.0	4.0	24	N13_B002892_S49	24_58_M	Marrow	True	4	True	N13_B002892_S49.mus-7-0-1	exact_library_id_plus_documented_alignment_suffix	N13_B002892_S49.mus-7-0-1-1	one_assay_suffix	24m	1	nan	granulocytopoietic cell	nan	granulocytopoietic cell	facs	24_58_M	1833266.0	3012.0	male	T-cells	Marrow	nan	9	18
N13_B002949_S97_L002	23.0	2.0	24	N13_B002949_S97_L002	24_59_M	Marrow	True	2	True	N13_B002949_S97_L002.mus-5-0-1	exact_library_id_plus_documented_alignment_suffix	N13_B002949_S97_L002.mus-5-0-1-1	one_assay_suffix	24m	1	nan	CD4-positive, alpha-beta T cell	nan	BM CD4 T cell	facs	24_59_M	372776.0	920.0	male	T-cells	Marrow	nan	4	21
N14_B000331_S326_L004			24	N14_B000331_S326_L004	24_61_M	GAT	False	1	False	N14_B000331_S326_L004.mus-6-0-1	exact_library_id_plus_documented_alignment_suffix	N14_B000331_S326_L004.mus-6-0-1-1	one_assay_suffix	24m	1	nan	CD8-positive, alpha-beta T cell	nan	nan	facs	24_61_M	159576.0	2286.0	male	Fat	GAT	nan	4	9
N14_B001183_S266_L003			24	N14_B001183_S266_L003	24_59_M	MAT	False	1	False	N14_B001183_S266_L003.mus-1-0-1	exact_library_id_plus_documented_alignment_suffix	N14_B001183_S266_L003.mus-1-0-1-1	one_assay_suffix	24m	1	nan	CD8-positive, alpha-beta T cell	nan	nan	facs	24_59_M	704738.0	1399.0	male	Fat	MAT	nan	4	9
N14_B001385_S98_L003			24	N14_B001385_S98_L003	24_58_M	Thymus	False	1	False	N14_B001385_S98_L003.mus-4-0-1	exact_library_id_plus_documented_alignment_suffix	N14_B001385_S98_L003.mus-4-0-1-1	one_assay_suffix	24m	1	nan	thymocyte	nan	proliferating thymocyte; DN to DP transition, dividing (some are Cd8+/ Cd4+, some undergoing VDJ recombination)	facs	24_58_M	1136620.0	2803.0	male	Flowthrough	Thymus	nan	21	23
N14_B002898_S110	57.0	4.0	24	N14_B002898_S110	24_58_M	GAT	True	4	True	N14_B002898_S110.mus-7-0-1	exact_library_id_plus_documented_alignment_suffix	N14_B002898_S110.mus-7-0-1-1	one_assay_suffix	24m	1	nan	CD4-positive, alpha-beta T cell	nan	nan	facs	24_58_M	467487.0	1313.0	male	Fat	GAT	nan	4	21
N14_B003791_S326_L004	51.0	6.0	24	N14_B003791_S326_L004	24_61_M	Heart	True	6	True	N14_B003791_S326_L004.mus-8-0-1	exact_library_id_plus_documented_alignment_suffix	N14_B003791_S326_L004.mus-8-0-1-1	one_assay_suffix	24m	1	nan	T cell	nan	T cell	facs	24_61_M	537992.0	2078.0	male	LV	Heart	nan	4	9
N15_B000331_S327_L004	34.0	2.0	24	N15_B000331_S327_L004	24_61_M	GAT	True	2	True	N15_B000331_S327_L004.mus-6-0-1	exact_library_id_plus_documented_alignment_suffix	N15_B000331_S327_L004.mus-6-0-1-1	one_assay_suffix	24m	1	nan	myeloid cell	nan	nan	facs	24_61_M	237489.0	3355.0	male	Fat	GAT	nan	4	48
N15_B000851_S327_L004			24	N15_B000851_S327_L004	24_61_M	Spleen	False	1	False	N15_B000851_S327_L004.mus-6-0-1	exact_library_id_plus_documented_alignment_suffix	N15_B000851_S327_L004.mus-6-0-1-1	one_assay_suffix	24m	1	nan	CD8-positive, alpha-beta T cell	nan	nan	facs	24_61_M	115810.0	1730.0	male	nan	Spleen	nan	4	9
N15_B001386_S267_L003			24	N15_B001386_S267_L003	24_58_M	Liver	False	1	False	N15_B001386_S267_L003.mus-2-0-1	exact_library_id_plus_documented_alignment_suffix	N15_B001386_S267_L003.mus-2-0-1-1	one_assay_suffix	24m	1	nan	CD4-positive, alpha-beta T cell	nan	nan	facs	24_58_M	408766.0	1107.0	male	Non-hepatocytes	Liver	nan	4	21
N15_B001397_S195_L001			24	N15_B001397_S195_L001	24_59_M	Thymus	False	1	False	N15_B001397_S195_L001.mus-5-0-1	exact_library_id_plus_documented_alignment_suffix	N15_B001397_S195_L001.mus-5-0-1-1	one_assay_suffix	24m	1	nan	thymocyte	nan	proliferating thymocyte; DN to DP transition, dividing (some are Cd8+/ Cd4+, some undergoing VDJ recombination)	facs	24_59_M	1481575.0	3260.0	male	Flowthrough	Thymus	nan	21	23
N15_B002949_S99_L002			24	N15_B002949_S99_L002	24_59_M	Marrow	False	1	False	N15_B002949_S99_L002.mus-5-0-1	exact_library_id_plus_documented_alignment_suffix	N15_B002949_S99_L002.mus-5-0-1-1	one_assay_suffix	24m	1	nan	CD4-positive, alpha-beta T cell	nan	BM CD4 T cell	facs	24_59_M	1202335.0	2090.0	male	T-cells	Marrow	nan	4	48
N15_B003902_S147_L002	24.0	34.0	24	N15_B003902_S147_L002	24_59_M	Liver	True	34	True	N15_B003902_S147_L002.mus-2-0-1	exact_library_id_plus_documented_alignment_suffix	N15_B003902_S147_L002.mus-2-0-1-1	one_assay_suffix	24m	1	nan	CD8-positive, alpha-beta T cell	nan	nan	facs	24_59_M	26329.0	1092.0	male	Non-hepatocytes	Liver	nan	4	9
N16_B000331_S328_L004	28.0	2.0	24	N16_B000331_S328_L004	24_61_M	GAT	True	2	True	N16_B000331_S328_L004.mus-6-0-1	exact_library_id_plus_documented_alignment_suffix	N16_B000331_S328_L004.mus-6-0-1-1	one_assay_suffix	24m	1	nan	CD8-positive, alpha-beta T cell	nan	nan	facs	24_61_M	260703.0	3049.0	male	Fat	GAT	nan	4	9
N16_B000333_S172_L004			24	N16_B000333_S172_L004	24_60_M	MAT	False	1	False	N16_B000333_S172_L004.mus-0-0-1	exact_library_id_plus_documented_alignment_suffix	N16_B000333_S172_L004.mus-0-0-1-1	one_assay_suffix	24m	1	nan	CD8-positive, alpha-beta T cell	nan	nan	facs	24_60_M	251787.0	1586.0	male	Fat	MAT	nan	4	9
N16_B001183_S268_L003	12.0	9.0	24	N16_B001183_S268_L003	24_59_M	MAT	True	9	True	N16_B001183_S268_L003.mus-1-0-1	exact_library_id_plus_documented_alignment_suffix	N16_B001183_S268_L003.mus-1-0-1-1	one_assay_suffix	24m	1	nan	T cell	nan	nan	facs	24_59_M	502019.0	1086.0	male	Fat	MAT	nan	4	21
N16_B001385_S100_L003			24	N16_B001385_S100_L003	24_58_M	Thymus	False	1	False	N16_B001385_S100_L003.mus-4-0-1	exact_library_id_plus_documented_alignment_suffix	N16_B001385_S100_L003.mus-4-0-1-1	one_assay_suffix	24m	1	nan	thymocyte	nan	proliferating thymocyte; DN to DP transition, dividing (some are Cd8+/ Cd4+, some undergoing VDJ recombination)	facs	24_58_M	1453242.0	3161.0	male	Flowthrough	Thymus	nan	21	23
N16_B001397_S196_L001			24	N16_B001397_S196_L001	24_59_M	Thymus	False	1	False	N16_B001397_S196_L001.mus-5-0-1	exact_library_id_plus_documented_alignment_suffix	N16_B001397_S196_L001.mus-5-0-1-1	one_assay_suffix	24m	1	nan	thymocyte	nan	proliferating thymocyte; DN to DP transition, dividing (some are Cd8+/ Cd4+, some undergoing VDJ recombination)	facs	24_59_M	2861156.0	4421.0	male	Flowthrough	Thymus	nan	21	23
N16_B002881_S112_L001	14.0	6.0	24	N16_B002881_S112_L001	24_59_M	Trachea	True	6	True	N16_B002881_S112_L001.mus-2-0-1	exact_library_id_plus_documented_alignment_suffix	N16_B002881_S112_L001.mus-2-0-1-1	one_assay_suffix	24m	1	nan	T cell	nan	nan	facs	24_59_M	404696.0	1263.0	male	nan	Trachea	nan	4	21
N17_B000848_S5_L003			24	N17_B000848_S5_L003	24_60_M	Spleen	False	1	False	N17_B000848_S5_L003.mus-5-0-1	exact_library_id_plus_documented_alignment_suffix	N17_B000848_S5_L003.mus-5-0-1-1	one_assay_suffix	24m	1	nan	CD8-positive, alpha-beta T cell	nan	nan	facs	24_60_M	939153.0	2662.0	male	nan	Spleen	nan	4	9
N17_B001263_S197			24	N17_B001263_S197	24_58_M	Spleen	False	1	False	N17_B001263_S197.mus-7-0-1	exact_library_id_plus_documented_alignment_suffix	N17_B001263_S197.mus-7-0-1-1	one_assay_suffix	24m	1	nan	CD4-positive, alpha-beta T cell	nan	Cd3e T cell	facs	24_58_M	721153.0	1508.0	male	nan	Spleen	nan	6	5
N17_B001385_S101_L003			24	N17_B001385_S101_L003	24_58_M	Thymus	False	1	False	N17_B001385_S101_L003.mus-4-0-1	exact_library_id_plus_documented_alignment_suffix	N17_B001385_S101_L003.mus-4-0-1-1	one_assay_suffix	24m	1	nan	thymocyte	nan	proliferating thymocyte; DN to DP transition, dividing (some are Cd8+/ Cd4+, some undergoing VDJ recombination)	facs	24_58_M	1700431.0	3648.0	male	Flowthrough	Thymus	nan	21	23
N17_B001397_S197_L001			24	N17_B001397_S197_L001	24_59_M	Thymus	False	1	False	N17_B001397_S197_L001.mus-5-0-1	exact_library_id_plus_documented_alignment_suffix	N17_B001397_S197_L001.mus-5-0-1-1	one_assay_suffix	24m	1	nan	thymocyte	nan	proliferating thymocyte; DN to DP transition, dividing (some are Cd8+/ Cd4+, some undergoing VDJ recombination)	facs	24_59_M	1587896.0	3820.0	male	Flowthrough	Thymus	nan	21	23
N17_B002892_S53			24	N17_B002892_S53	24_58_M	Marrow	False	1	False	N17_B002892_S53.mus-7-0-1	exact_library_id_plus_documented_alignment_suffix	N17_B002892_S53.mus-7-0-1-1	one_assay_suffix	24m	1	nan	NK cell	nan	NK cell	facs	24_58_M	1169881.0	1554.0	male	T-cells	Marrow	nan	4	48
N17_B002988_S41_L004			24	N17_B002988_S41_L004	24_60_M	Trachea	False	1	False	N17_B002988_S41_L004.mus-5-0-1	exact_library_id_plus_documented_alignment_suffix	N17_B002988_S41_L004.mus-5-0-1-1	one_assay_suffix	24m	1	nan	T cell	nan	nan	facs	24_60_M	1575111.0	3148.0	male	nan	Trachea	nan	4	9
N17_B003031_S125_L004			24	N17_B003031_S125_L004	24_60_M	Marrow	False	1	False	N17_B003031_S125_L004.mus-5-0-1	exact_library_id_plus_documented_alignment_suffix	N17_B003031_S125_L004.mus-5-0-1-1	one_assay_suffix	24m	1	nan	mature alpha-beta T cell	nan	BM CD8 + CD4 T cell	facs	24_60_M	50680.0	799.0	male	T-cells	Marrow	nan	4	9
N18_B001263_S198			24	N18_B001263_S198	24_58_M	Spleen	False	1	False	N18_B001263_S198.mus-7-0-1	exact_library_id_plus_documented_alignment_suffix	N18_B001263_S198.mus-7-0-1-1	one_assay_suffix	24m	1	nan	CD8-positive, alpha-beta T cell	nan	nan	facs	24_58_M	604737.0	1342.0	male	nan	Spleen	nan	4	9
N18_B001268_S30_L001			24	N18_B001268_S30_L001	24_60_M	Brain_Non-Myeloid	False	1	False	N18_B001268_S30_L001.mus-0-0-1	exact_library_id_plus_documented_alignment_suffix	N18_B001268_S30_L001.mus-0-0-1-1	one_assay_suffix	24m	1	nan	CD8-positive, alpha-beta T cell	nan	nan	facs	24_60_M	1433099.0	2915.0	male	Hippocampus	Brain_Non-Myeloid	nan	4	9
N18_B002875_S198_L001	38.0	8.0	24	N18_B002875_S198_L001	24_59_M	Lung	True	7	True	N18_B002875_S198_L001.mus-2-0-1	exact_library_id_plus_documented_alignment_suffix	N18_B002875_S198_L001.mus-2-0-1-1	one_assay_suffix	24m	1	nan	CD8-positive, alpha-beta T cell	nan	CD8+ T	facs	24_59_M	422290.0	1472.0	male	EPCAM	Lung	nan	4	9
N18_B002949_S102_L002			24	N18_B002949_S102_L002	24_59_M	Marrow	False	1	False	N18_B002949_S102_L002.mus-5-0-1	exact_library_id_plus_documented_alignment_suffix	N18_B002949_S102_L002.mus-5-0-1-1	one_assay_suffix	24m	1	nan	CD4-positive, alpha-beta T cell	nan	BM CD4 T cell	facs	24_59_M	587684.0	1445.0	male	T-cells	Marrow	nan	4	48
N19_B000848_S7_L003			24	N19_B000848_S7_L003	24_60_M	Spleen	False	1	False	N19_B000848_S7_L003.mus-5-0-1	exact_library_id_plus_documented_alignment_suffix	N19_B000848_S7_L003.mus-5-0-1-1	one_assay_suffix	24m	1	nan	CD4-positive, alpha-beta T cell	nan	Cd3e T cell	facs	24_60_M	80318.0	805.0	male	nan	Spleen	nan	4	21
N19_B001265_S19_L002			24	N19_B001265_S19_L002	24_59_M	Spleen	False	1	False	N19_B001265_S19_L002.mus-2-0-1	exact_library_id_plus_documented_alignment_suffix	N19_B001265_S19_L002.mus-2-0-1-1	one_assay_suffix	24m	1	nan	CD4-positive, alpha-beta T cell	nan	Cd3e T cell	facs	24_59_M	977898.0	1414.0	male	nan	Spleen	nan	4	21
N19_B001385_S103_L003			24	N19_B001385_S103_L003	24_58_M	Thymus	False	1	False	N19_B001385_S103_L003.mus-4-0-1	exact_library_id_plus_documented_alignment_suffix	N19_B001385_S103_L003.mus-4-0-1-1	one_assay_suffix	24m	1	nan	thymocyte	nan	proliferating thymocyte; DN to DP transition, dividing (some are Cd8+/ Cd4+, some undergoing VDJ recombination)	facs	24_58_M	1986452.0	3321.0	male	Flowthrough	Thymus	nan	21	23
N19_B001397_S199_L001			24	N19_B001397_S199_L001	24_59_M	Thymus	False	1	False	N19_B001397_S199_L001.mus-5-0-1	exact_library_id_plus_documented_alignment_suffix	N19_B001397_S199_L001.mus-5-0-1-1	one_assay_suffix	24m	1	nan	thymocyte	nan	DN to DP transition (most are Cd8+/ Cd4+, some undergoing VDJ recombination)	facs	24_59_M	928520.0	2450.0	male	Flowthrough	Thymus	nan	21	23
N19_B002881_S115_L001			24	N19_B002881_S115_L001	24_59_M	Trachea	False	1	False	N19_B002881_S115_L001.mus-2-0-1	exact_library_id_plus_documented_alignment_suffix	N19_B002881_S115_L001.mus-2-0-1-1	one_assay_suffix	24m	1	nan	T cell	nan	nan	facs	24_59_M	509175.0	1099.0	male	nan	Trachea	nan	4	21
N19_B002892_S55			24	N19_B002892_S55	24_58_M	Marrow	False	1	False	N19_B002892_S55.mus-7-0-1	exact_library_id_plus_documented_alignment_suffix	N19_B002892_S55.mus-7-0-1-1	one_assay_suffix	24m	1	nan	mature alpha-beta T cell	nan	BM CD8 + CD4 T cell	facs	24_58_M	1005987.0	1058.0	male	T-cells	Marrow	nan	4	9
N19_B002946_S67_L002			24	N19_B002946_S67_L002	24_58_M	Lung	False	1	False	N19_B002946_S67_L002.mus-4-0-1	exact_library_id_plus_documented_alignment_suffix	N19_B002946_S67_L002.mus-4-0-1-1	one_assay_suffix	24m	1	nan	CD8-positive, alpha-beta T cell	nan	CD8+ T	facs	24_58_M	398300.0	1504.0	male	EPCAM	Lung	nan	4	9
N19_B003234_S91_L004			24	N19_B003234_S91_L004	24_60_M	Lung	False	1	False	N19_B003234_S91_L004.mus-5-0-1	exact_library_id_plus_documented_alignment_suffix	N19_B003234_S91_L004.mus-5-0-1-1	one_assay_suffix	24m	1	nan	CD8-positive, alpha-beta T cell	nan	CD8+ T	facs	24_60_M	344608.0	1241.0	male	EPCAM	Lung	nan	4	21
N19_B003902_S151_L002	24.0	34.0	24	N19_B003902_S151_L002	24_59_M	Liver	True	34	True	N19_B003902_S151_L002.mus-2-0-1	exact_library_id_plus_documented_alignment_suffix	N19_B003902_S151_L002.mus-2-0-1-1	one_assay_suffix	24m	1	nan	CD8-positive, alpha-beta T cell	nan	nan	facs	24_59_M	52237.0	1171.0	male	Non-hepatocytes	Liver	nan	4	9
N1_B000848_S289_L003			24	N1_B000848_S289_L003	24_60_M	Spleen	False	1	False	N1_B000848_S289_L003.mus-5-0-1	exact_library_id_plus_documented_alignment_suffix	N1_B000848_S289_L003.mus-5-0-1-1	one_assay_suffix	24m	1	nan	CD4-positive, alpha-beta T cell	nan	Cd3e T cell	facs	24_60_M	2658026.0	3014.0	male	nan	Spleen	nan	4	21
N1_B001277_S313_L002			24	N1_B001277_S313_L002	24_61_M	Thymus	False	1	False	N1_B001277_S313_L002.mus-6-0-1	exact_library_id_plus_documented_alignment_suffix	N1_B001277_S313_L002.mus-6-0-1-1	one_assay_suffix	24m	1	nan	DN4 thymocyte	nan	DN4 thymocyte	facs	24_61_M	774949.0	2058.0	male	Flowthrough	Thymus	nan	4	21
N1_B001385_S85_L003			24	N1_B001385_S85_L003	24_58_M	Thymus	False	1	False	N1_B001385_S85_L003.mus-4-0-1	exact_library_id_plus_documented_alignment_suffix	N1_B001385_S85_L003.mus-4-0-1-1	one_assay_suffix	24m	1	nan	DN4 thymocyte	nan	DN4 thymocyte	facs	24_58_M	594699.0	1711.0	male	Flowthrough	Thymus	nan	6	5
N1_B001615_S49_L001			24	N1_B001615_S49_L001	24_60_M	Brain_Non-Myeloid	False	1	False	N1_B001615_S49_L001.mus-0-0-1	exact_library_id_plus_documented_alignment_suffix	N1_B001615_S49_L001.mus-0-0-1-1	one_assay_suffix	24m	1	nan	CD8-positive, alpha-beta T cell	nan	nan	facs	24_60_M	1804896.0	1239.0	male	Cortex	Brain_Non-Myeloid	nan	4	9
N20_B001397_S200_L001			24	N20_B001397_S200_L001	24_59_M	Thymus	False	1	False	N20_B001397_S200_L001.mus-5-0-1	exact_library_id_plus_documented_alignment_suffix	N20_B001397_S200_L001.mus-5-0-1-1	one_assay_suffix	24m	1	nan	thymocyte	nan	proliferating thymocyte; DN to DP transition, dividing (some are Cd8+/ Cd4+, some undergoing VDJ recombination)	facs	24_59_M	1300429.0	2599.0	male	Flowthrough	Thymus	nan	21	23
N20_B001615_S68_L001	7.0	12.0	24	N20_B001615_S68_L001	24_60_M	Brain_Non-Myeloid	True	12	True	N20_B001615_S68_L001.mus-0-0-1	exact_library_id_plus_documented_alignment_suffix	N20_B001615_S68_L001.mus-0-0-1-1	one_assay_suffix	24m	1	nan	CD8-positive, alpha-beta T cell	nan	nan	facs	24_60_M	774758.0	836.0	male	Cortex	Brain_Non-Myeloid	nan	4	9
N20_B002949_S104_L002			24	N20_B002949_S104_L002	24_59_M	Marrow	False	1	False	N20_B002949_S104_L002.mus-5-0-1	exact_library_id_plus_documented_alignment_suffix	N20_B002949_S104_L002.mus-5-0-1-1	one_assay_suffix	24m	1	nan	mature alpha-beta T cell	nan	BM CD8 + CD4 T cell	facs	24_59_M	616065.0	1736.0	male	T-cells	Marrow	nan	4	48
N20_B002982_S44_L004			24	N20_B002982_S44_L004	24_60_M	Lung	False	1	False	N20_B002982_S44_L004.mus-0-0-1	exact_library_id_plus_documented_alignment_suffix	N20_B002982_S44_L004.mus-0-0-1-1	one_assay_suffix	24m	1	nan	CD8-positive, alpha-beta T cell	nan	CD8+ T	facs	24_60_M	386031.0	1094.0	male	Endomucin	Lung	nan	4	9
N21_B001242_S225			24	N21_B001242_S225	24_58_M	Liver	False	1	False	N21_B001242_S225.mus-7-0-1	exact_library_id_plus_documented_alignment_suffix	N21_B001242_S225.mus-7-0-1-1	one_assay_suffix	24m	1	nan	mature NK T cell	nan	nan	facs	24_58_M	2012126.0	1458.0	male	Non-hepatocytes	Liver	nan	4	9
N21_B001243_S237_L002	24.0	34.0	24	N21_B001243_S237_L002	24_59_M	Liver	True	34	True	N21_B001243_S237_L002.mus-2-0-1	exact_library_id_plus_documented_alignment_suffix	N21_B001243_S237_L002.mus-2-0-1-1	one_assay_suffix	24m	1	nan	CD8-positive, alpha-beta T cell	nan	nan	facs	24_59_M	223848.0	1216.0	male	Non-hepatocytes	Liver	nan	4	9
N21_B001263_S201			24	N21_B001263_S201	24_58_M	Spleen	False	1	False	N21_B001263_S201.mus-7-0-1	exact_library_id_plus_documented_alignment_suffix	N21_B001263_S201.mus-7-0-1-1	one_assay_suffix	24m	1	nan	CD4-positive, alpha-beta T cell	nan	Cd3e T cell	facs	24_58_M	558804.0	2393.0	male	nan	Spleen	nan	4	21
N21_B001277_S333_L002			24	N21_B001277_S333_L002	24_61_M	Thymus	False	1	False	N21_B001277_S333_L002.mus-6-0-1	exact_library_id_plus_documented_alignment_suffix	N21_B001277_S333_L002.mus-6-0-1-1	one_assay_suffix	24m	1	nan	DN4 thymocyte	nan	DN4 thymocyte	facs	24_61_M	1070687.0	2791.0	male	Flowthrough	Thymus	nan	21	23
N21_B001385_S105_L003			24	N21_B001385_S105_L003	24_58_M	Thymus	False	1	False	N21_B001385_S105_L003.mus-4-0-1	exact_library_id_plus_documented_alignment_suffix	N21_B001385_S105_L003.mus-4-0-1-1	one_assay_suffix	24m	1	nan	thymocyte	nan	proliferating thymocyte; DN to DP transition, dividing (some are Cd8+/ Cd4+, some undergoing VDJ recombination)	facs	24_58_M	972770.0	2005.0	male	Flowthrough	Thymus	nan	21	23
N21_B001397_S201_L001			24	N21_B001397_S201_L001	24_59_M	Thymus	False	1	False	N21_B001397_S201_L001.mus-5-0-1	exact_library_id_plus_documented_alignment_suffix	N21_B001397_S201_L001.mus-5-0-1-1	one_assay_suffix	24m	1	nan	thymocyte	nan	proliferating thymocyte; DN to DP transition, dividing (some are Cd8+/ Cd4+, some undergoing VDJ recombination)	facs	24_59_M	1119061.0	2430.0	male	Flowthrough	Thymus	nan	21	23
N21_B002982_S45_L004			24	N21_B002982_S45_L004	24_60_M	Lung	False	1	False	N21_B002982_S45_L004.mus-0-0-1	exact_library_id_plus_documented_alignment_suffix	N21_B002982_S45_L004.mus-0-0-1-1	one_assay_suffix	24m	1	nan	CD8-positive, alpha-beta T cell	nan	CD8+ T	facs	24_60_M	272806.0	965.0	male	Endomucin	Lung	nan	6	5
N21_B003858_S57_L003	55.0	2.0	24	N21_B003858_S57_L003	24_59_M	Heart	True	2	True	N21_B003858_S57_L003.mus-2-0-1	exact_library_id_plus_documented_alignment_suffix	N21_B003858_S57_L003.mus-2-0-1-1	one_assay_suffix	24m	1	nan	T cell	nan	T cell	facs	24_59_M	28575.0	788.0	male	RA	Heart	nan	4	9
N22_B000848_S10_L003			24	N22_B000848_S10_L003	24_60_M	Spleen	False	1	False	N22_B000848_S10_L003.mus-5-0-1	exact_library_id_plus_documented_alignment_suffix	N22_B000848_S10_L003.mus-5-0-1-1	one_assay_suffix	24m	1	nan	CD8-positive, alpha-beta T cell	nan	nan	facs	24_60_M	872682.0	1906.0	male	nan	Spleen	nan	4	9
N22_B001243_S238_L002			24	N22_B001243_S238_L002	24_59_M	Liver	False	1	False	N22_B001243_S238_L002.mus-2-0-1	exact_library_id_plus_documented_alignment_suffix	N22_B001243_S238_L002.mus-2-0-1-1	one_assay_suffix	24m	1	nan	CD4-positive, alpha-beta T cell	nan	nan	facs	24_59_M	231371.0	1570.0	male	Non-hepatocytes	Liver	nan	4	21
N22_B001261_S10_L003			24	N22_B001261_S10_L003	24_59_M	Kidney	False	1	False	N22_B001261_S10_L003.mus-2-0-1	exact_library_id_plus_documented_alignment_suffix	N22_B001261_S10_L003.mus-2-0-1-1	one_assay_suffix	24m	1	nan	T cell	nan	T cell	facs	24_59_M	626579.0	1003.0	male	nan	Kidney	nan	4	9
N22_B002949_S106_L002			24	N22_B002949_S106_L002	24_59_M	Marrow	False	1	False	N22_B002949_S106_L002.mus-5-0-1	exact_library_id_plus_documented_alignment_suffix	N22_B002949_S106_L002.mus-5-0-1-1	one_assay_suffix	24m	1	nan	mature alpha-beta T cell	nan	BM CD8 + CD4 T cell	facs	24_59_M	161725.0	754.0	male	T-cells	Marrow	nan	4	9
N2_B000830_S314_L004			24	N2_B000830_S314_L004	24_60_M	Thymus	False	1	False	N2_B000830_S314_L004.mus-8-0-1	exact_library_id_plus_documented_alignment_suffix	N2_B000830_S314_L004.mus-8-0-1-1	one_assay_suffix	24m	1	nan	macrophage	nan	macrophage	facs	24_60_M	112303.0	2044.0	male	Flowthrough	Thymus	nan	4	48
N2_B000848_S290_L003			24	N2_B000848_S290_L003	24_60_M	Spleen	False	1	False	N2_B000848_S290_L003.mus-5-0-1	exact_library_id_plus_documented_alignment_suffix	N2_B000848_S290_L003.mus-5-0-1-1	one_assay_suffix	24m	1	nan	CD8-positive, alpha-beta T cell	nan	nan	facs	24_60_M	2073112.0	3067.0	male	nan	Spleen	nan	4	9
N2_B001277_S314_L002	42.0	10.0	24	N2_B001277_S314_L002	24_61_M	Thymus	True	10	True	N2_B001277_S314_L002.mus-6-0-1	exact_library_id_plus_documented_alignment_suffix	N2_B001277_S314_L002.mus-6-0-1-1	one_assay_suffix	24m	1	nan	DN4 thymocyte	nan	DN4 thymocyte	facs	24_61_M	927897.0	2284.0	male	Flowthrough	Thymus	nan	4	9
N2_B001385_S86_L003			24	N2_B001385_S86_L003	24_58_M	Thymus	False	1	False	N2_B001385_S86_L003.mus-4-0-1	exact_library_id_plus_documented_alignment_suffix	N2_B001385_S86_L003.mus-4-0-1-1	one_assay_suffix	24m	1	nan	DN4 thymocyte	nan	DN4 thymocyte	facs	24_58_M	783611.0	2244.0	male	Flowthrough	Thymus	nan	6	5
N2_B001386_S254_L003			24	N2_B001386_S254_L003	24_58_M	Liver	False	1	False	N2_B001386_S254_L003.mus-2-0-1	exact_library_id_plus_documented_alignment_suffix	N2_B001386_S254_L003.mus-2-0-1-1	one_assay_suffix	24m	1	nan	CD4-positive, alpha-beta T cell	nan	nan	facs	24_58_M	5620024.0	3762.0	male	Non-hepatocytes	Liver	nan	4	21
N2_B001615_S50_L001			24	N2_B001615_S50_L001	24_60_M	Brain_Non-Myeloid	False	1	False	N2_B001615_S50_L001.mus-0-0-1	exact_library_id_plus_documented_alignment_suffix	N2_B001615_S50_L001.mus-0-0-1-1	one_assay_suffix	24m	1	nan	CD8-positive, alpha-beta T cell	nan	nan	facs	24_60_M	1140822.0	1691.0	male	Cortex	Brain_Non-Myeloid	nan	4	9
N3_B000830_S315_L004			24	N3_B000830_S315_L004	24_60_M	Thymus	False	1	False	N3_B000830_S315_L004.mus-8-0-1	exact_library_id_plus_documented_alignment_suffix	N3_B000830_S315_L004.mus-8-0-1-1	one_assay_suffix	24m	1	nan	DN4 thymocyte	nan	DN4 thymocyte	facs	24_60_M	79117.0	1244.0	male	Flowthrough	Thymus	nan	4	9
N3_B000848_S291_L003			24	N3_B000848_S291_L003	24_60_M	Spleen	False	1	False	N3_B000848_S291_L003.mus-5-0-1	exact_library_id_plus_documented_alignment_suffix	N3_B000848_S291_L003.mus-5-0-1-1	one_assay_suffix	24m	1	nan	CD4-positive, alpha-beta T cell	nan	Cd3e T cell	facs	24_60_M	1967538.0	2574.0	male	nan	Spleen	nan	6	5
N3_B001243_S219_L002			24	N3_B001243_S219_L002	24_59_M	Liver	False	1	False	N3_B001243_S219_L002.mus-2-0-1	exact_library_id_plus_documented_alignment_suffix	N3_B001243_S219_L002.mus-2-0-1-1	one_assay_suffix	24m	1	nan	mature NK T cell	nan	nan	facs	24_59_M	29681.0	769.0	male	Non-hepatocytes	Liver	nan	4	9
N3_B001265_S3_L002			24	N3_B001265_S3_L002	24_59_M	Spleen	False	1	False	N3_B001265_S3_L002.mus-2-0-1	exact_library_id_plus_documented_alignment_suffix	N3_B001265_S3_L002.mus-2-0-1-1	one_assay_suffix	24m	1	nan	CD4-positive, alpha-beta T cell	nan	Cd3e T cell	facs	24_59_M	853440.0	1366.0	male	nan	Spleen	nan	4	21
N3_B001385_S87_L003			24	N3_B001385_S87_L003	24_58_M	Thymus	False	1	False	N3_B001385_S87_L003.mus-4-0-1	exact_library_id_plus_documented_alignment_suffix	N3_B001385_S87_L003.mus-4-0-1-1	one_assay_suffix	24m	1	nan	DN4 thymocyte	nan	DN4 thymocyte	facs	24_58_M	679227.0	1826.0	male	Flowthrough	Thymus	nan	6	5
N3_B001386_S255_L003	22.0	3.0	24	N3_B001386_S255_L003	24_58_M	Liver	True	3	True	N3_B001386_S255_L003.mus-2-0-1	exact_library_id_plus_documented_alignment_suffix	N3_B001386_S255_L003.mus-2-0-1-1	one_assay_suffix	24m	1	nan	CD8-positive, alpha-beta T cell	nan	nan	facs	24_58_M	2451162.0	1651.0	male	Non-hepatocytes	Liver	nan	4	9
N3_B003031_S111_L004			24	N3_B003031_S111_L004	24_60_M	Marrow	False	1	False	N3_B003031_S111_L004.mus-5-0-1	exact_library_id_plus_documented_alignment_suffix	N3_B003031_S111_L004.mus-5-0-1-1	one_assay_suffix	24m	1	nan	granulocyte	nan	granulocyte	facs	24_60_M	1501219.0	1589.0	male	T-cells	Marrow	nan	11	8
N4_B000830_S316_L004			24	N4_B000830_S316_L004	24_60_M	Thymus	False	1	False	N4_B000830_S316_L004.mus-8-0-1	exact_library_id_plus_documented_alignment_suffix	N4_B000830_S316_L004.mus-8-0-1-1	one_assay_suffix	24m	1	nan	DN4 thymocyte	nan	DN4 thymocyte	facs	24_60_M	323365.0	1789.0	male	Flowthrough	Thymus	nan	6	5
N4_B001277_S316_L002			24	N4_B001277_S316_L002	24_61_M	Thymus	False	1	False	N4_B001277_S316_L002.mus-6-0-1	exact_library_id_plus_documented_alignment_suffix	N4_B001277_S316_L002.mus-6-0-1-1	one_assay_suffix	24m	1	nan	DN4 thymocyte	nan	DN4 thymocyte	facs	24_61_M	550053.0	1691.0	male	Flowthrough	Thymus	nan	6	5
N4_B001397_S184_L001			24	N4_B001397_S184_L001	24_59_M	Thymus	False	1	False	N4_B001397_S184_L001.mus-5-0-1	exact_library_id_plus_documented_alignment_suffix	N4_B001397_S184_L001.mus-5-0-1-1	one_assay_suffix	24m	1	nan	DN4 thymocyte	nan	DN4 thymocyte	facs	24_59_M	1400764.0	2745.0	male	Flowthrough	Thymus	nan	6	5
N4_B002949_S88_L002			24	N4_B002949_S88_L002	24_59_M	Marrow	False	1	False	N4_B002949_S88_L002.mus-5-0-1	exact_library_id_plus_documented_alignment_suffix	N4_B002949_S88_L002.mus-5-0-1-1	one_assay_suffix	24m	1	nan	CD4-positive, alpha-beta T cell	nan	BM CD4 T cell	facs	24_59_M	356946.0	895.0	male	T-cells	Marrow	nan	4	21
N5_B000830_S317_L004			24	N5_B000830_S317_L004	24_60_M	Thymus	False	1	False	N5_B000830_S317_L004.mus-8-0-1	exact_library_id_plus_documented_alignment_suffix	N5_B000830_S317_L004.mus-8-0-1-1	one_assay_suffix	24m	1	nan	DN4 thymocyte	nan	DN4 thymocyte	facs	24_60_M	690367.0	1349.0	male	Flowthrough	Thymus	nan	4	9
N5_B000851_S317_L004			24	N5_B000851_S317_L004	24_61_M	Spleen	False	1	False	N5_B000851_S317_L004.mus-6-0-1	exact_library_id_plus_documented_alignment_suffix	N5_B000851_S317_L004.mus-6-0-1-1	one_assay_suffix	24m	1	nan	CD4-positive, alpha-beta T cell	nan	Cd3e T cell	facs	24_61_M	166891.0	824.0	male	nan	Spleen	nan	4	21
N5_B001265_S5_L002	85.0	2.0	24	N5_B001265_S5_L002	24_59_M	Spleen	True	2	True	N5_B001265_S5_L002.mus-2-0-1	exact_library_id_plus_documented_alignment_suffix	N5_B001265_S5_L002.mus-2-0-1-1	one_assay_suffix	24m	1	nan	CD4-positive, alpha-beta T cell	nan	Cd3e T cell	facs	24_59_M	668976.0	1301.0	male	nan	Spleen	nan	4	21
N5_B001277_S317_L002			24	N5_B001277_S317_L002	24_61_M	Thymus	False	1	False	N5_B001277_S317_L002.mus-6-0-1	exact_library_id_plus_documented_alignment_suffix	N5_B001277_S317_L002.mus-6-0-1-1	one_assay_suffix	24m	1	nan	DN4 thymocyte	nan	DN4 thymocyte	facs	24_61_M	843914.0	2225.0	male	Flowthrough	Thymus	nan	4	9
N5_B001385_S89_L003			24	N5_B001385_S89_L003	24_58_M	Thymus	False	1	False	N5_B001385_S89_L003.mus-4-0-1	exact_library_id_plus_documented_alignment_suffix	N5_B001385_S89_L003.mus-4-0-1-1	one_assay_suffix	24m	1	nan	DN4 thymocyte	nan	DN4 thymocyte	facs	24_58_M	713074.0	2535.0	male	Flowthrough	Thymus	nan	6	5
N5_B001397_S185_L001			24	N5_B001397_S185_L001	24_59_M	Thymus	False	1	False	N5_B001397_S185_L001.mus-5-0-1	exact_library_id_plus_documented_alignment_suffix	N5_B001397_S185_L001.mus-5-0-1-1	one_assay_suffix	24m	1	nan	DN4 thymocyte	nan	DN4 thymocyte	facs	24_59_M	1220394.0	2784.0	male	Flowthrough	Thymus	nan	6	5
N6_B000848_S294_L003			24	N6_B000848_S294_L003	24_60_M	Spleen	False	1	False	N6_B000848_S294_L003.mus-5-0-1	exact_library_id_plus_documented_alignment_suffix	N6_B000848_S294_L003.mus-5-0-1-1	one_assay_suffix	24m	1	nan	CD8-positive, alpha-beta T cell	nan	Cd3e T cell	facs	24_60_M	1831101.0	2902.0	male	nan	Spleen	nan	6	5
N6_B001277_S318_L002			24	N6_B001277_S318_L002	24_61_M	Thymus	False	1	False	N6_B001277_S318_L002.mus-6-0-1	exact_library_id_plus_documented_alignment_suffix	N6_B001277_S318_L002.mus-6-0-1-1	one_assay_suffix	24m	1	nan	DN4 thymocyte	nan	DN4 thymocyte	facs	24_61_M	601564.0	1554.0	male	Flowthrough	Thymus	nan	4	21
N6_B001385_S90_L003			24	N6_B001385_S90_L003	24_58_M	Thymus	False	1	False	N6_B001385_S90_L003.mus-4-0-1	exact_library_id_plus_documented_alignment_suffix	N6_B001385_S90_L003.mus-4-0-1-1	one_assay_suffix	24m	1	nan	DN4 thymocyte	nan	DN4 thymocyte	facs	24_58_M	1100912.0	2724.0	male	Flowthrough	Thymus	nan	6	5
N6_B001397_S186_L001			24	N6_B001397_S186_L001	24_59_M	Thymus	False	1	False	N6_B001397_S186_L001.mus-5-0-1	exact_library_id_plus_documented_alignment_suffix	N6_B001397_S186_L001.mus-5-0-1-1	one_assay_suffix	24m	1	nan	DN4 thymocyte	nan	DN4 thymocyte	facs	24_59_M	1411945.0	2902.0	male	Flowthrough	Thymus	nan	4	21
N6_B003902_S138_L002	24.0	34.0	24	N6_B003902_S138_L002	24_59_M	Liver	True	34	True	N6_B003902_S138_L002.mus-2-0-1	exact_library_id_plus_documented_alignment_suffix	N6_B003902_S138_L002.mus-2-0-1-1	one_assay_suffix	24m	1	nan	CD8-positive, alpha-beta T cell	nan	nan	facs	24_59_M	8039379.0	1539.0	male	Non-hepatocytes	Liver	nan	4	9
N7_B000830_S319_L004			24	N7_B000830_S319_L004	24_60_M	Thymus	False	1	False	N7_B000830_S319_L004.mus-8-0-1	exact_library_id_plus_documented_alignment_suffix	N7_B000830_S319_L004.mus-8-0-1-1	one_assay_suffix	24m	1	nan	DN4 thymocyte	nan	DN4 thymocyte	facs	24_60_M	4085747.0	1899.0	male	Flowthrough	Thymus	nan	6	5
N7_B000848_S295_L003			24	N7_B000848_S295_L003	24_60_M	Spleen	False	1	False	N7_B000848_S295_L003.mus-5-0-1	exact_library_id_plus_documented_alignment_suffix	N7_B000848_S295_L003.mus-5-0-1-1	one_assay_suffix	24m	1	nan	CD8-positive, alpha-beta T cell	nan	nan	facs	24_60_M	1578301.0	2626.0	male	nan	Spleen	nan	4	9
N7_B001277_S319_L002			24	N7_B001277_S319_L002	24_61_M	Thymus	False	1	False	N7_B001277_S319_L002.mus-6-0-1	exact_library_id_plus_documented_alignment_suffix	N7_B001277_S319_L002.mus-6-0-1-1	one_assay_suffix	24m	1	nan	DN4 thymocyte	nan	DN4 thymocyte	facs	24_61_M	620122.0	1775.0	male	Flowthrough	Thymus	nan	6	5
N7_B001385_S91_L003			24	N7_B001385_S91_L003	24_58_M	Thymus	False	1	False	N7_B001385_S91_L003.mus-4-0-1	exact_library_id_plus_documented_alignment_suffix	N7_B001385_S91_L003.mus-4-0-1-1	one_assay_suffix	24m	1	nan	DN4 thymocyte	nan	DN4 thymocyte	facs	24_58_M	1689925.0	3363.0	male	Flowthrough	Thymus	nan	6	5
N7_B002892_S43			24	N7_B002892_S43	24_58_M	Marrow	False	1	False	N7_B002892_S43.mus-7-0-1	exact_library_id_plus_documented_alignment_suffix	N7_B002892_S43.mus-7-0-1-1	one_assay_suffix	24m	1	nan	CD4-positive, alpha-beta T cell	nan	BM CD4 T cell	facs	24_58_M	395678.0	626.0	male	T-cells	Marrow	nan	4	21
N7_B002990_S319_L003	34.0	2.0	24	N7_B002990_S319_L003	24_61_M	Trachea	True	2	True	N7_B002990_S319_L003.mus-6-0-1	exact_library_id_plus_documented_alignment_suffix	N7_B002990_S319_L003.mus-6-0-1-1	one_assay_suffix	24m	1	nan	T cell	nan	nan	facs	24_61_M	390798.0	1945.0	male	nan	Trachea	nan	4	9
N7_B003902_S139_L002	24.0	34.0	24	N7_B003902_S139_L002	24_59_M	Liver	True	34	True	N7_B003902_S139_L002.mus-2-0-1	exact_library_id_plus_documented_alignment_suffix	N7_B003902_S139_L002.mus-2-0-1-1	one_assay_suffix	24m	1	nan	CD8-positive, alpha-beta T cell	nan	nan	facs	24_59_M	3116885.0	1575.0	male	Non-hepatocytes	Liver	nan	4	9
N8_B001277_S320_L002	42.0	10.0	24	N8_B001277_S320_L002	24_61_M	Thymus	True	10	True	N8_B001277_S320_L002.mus-6-0-1	exact_library_id_plus_documented_alignment_suffix	N8_B001277_S320_L002.mus-6-0-1-1	one_assay_suffix	24m	1	nan	DN4 thymocyte	nan	DN4 thymocyte	facs	24_61_M	1180228.0	2023.0	male	Flowthrough	Thymus	nan	4	9
N8_B001385_S92_L003			24	N8_B001385_S92_L003	24_58_M	Thymus	False	1	False	N8_B001385_S92_L003.mus-4-0-1	exact_library_id_plus_documented_alignment_suffix	N8_B001385_S92_L003.mus-4-0-1-1	one_assay_suffix	24m	1	nan	DN4 thymocyte	nan	DN4 thymocyte	facs	24_58_M	367858.0	1658.0	male	Flowthrough	Thymus	nan	6	5
N9_B000332_S129_L003			24	N9_B000332_S129_L003	24_60_M	SCAT	False	1	False	N9_B000332_S129_L003.mus-0-0-1	exact_library_id_plus_documented_alignment_suffix	N9_B000332_S129_L003.mus-0-0-1-1	one_assay_suffix	24m	1	nan	NK cell	nan	nan	facs	24_60_M	169935.0	1310.0	male	Fat	SCAT	nan	4	9
N9_B000337_S213_L003	3.0	6.0	24	N9_B000337_S213_L003	24_60_M	GAT	True	6	True	N9_B000337_S213_L003.mus-0-0-1	exact_library_id_plus_documented_alignment_suffix	N9_B000337_S213_L003.mus-0-0-1-1	one_assay_suffix	24m	1	nan	CD4-positive, alpha-beta T cell	nan	nan	facs	24_60_M	832140.0	2036.0	male	Fat	GAT	nan	4	9
N9_B000830_S321_L004			24	N9_B000830_S321_L004	24_60_M	Thymus	False	1	False	N9_B000830_S321_L004.mus-8-0-1	exact_library_id_plus_documented_alignment_suffix	N9_B000830_S321_L004.mus-8-0-1-1	one_assay_suffix	24m	1	nan	DN4 thymocyte	nan	DN4 thymocyte	facs	24_60_M	6539455.0	2208.0	male	Flowthrough	Thymus	nan	4	21
N9_B001183_S261_L003			24	N9_B001183_S261_L003	24_59_M	MAT	False	1	False	N9_B001183_S261_L003.mus-1-0-1	exact_library_id_plus_documented_alignment_suffix	N9_B001183_S261_L003.mus-1-0-1-1	one_assay_suffix	24m	1	nan	CD4-positive, alpha-beta T cell	nan	nan	facs	24_59_M	336938.0	1316.0	male	Fat	MAT	nan	4	21
N9_B001190_S57			24	N9_B001190_S57	24_58_M	MAT	False	1	False	N9_B001190_S57.mus-7-0-1	exact_library_id_plus_documented_alignment_suffix	N9_B001190_S57.mus-7-0-1-1	one_assay_suffix	24m	1	nan	CD4-positive, alpha-beta T cell	nan	nan	facs	24_58_M	397095.0	1300.0	male	Fat	MAT	nan	6	5
N9_B001277_S321_L002			24	N9_B001277_S321_L002	24_61_M	Thymus	False	1	False	N9_B001277_S321_L002.mus-6-0-1	exact_library_id_plus_documented_alignment_suffix	N9_B001277_S321_L002.mus-6-0-1-1	one_assay_suffix	24m	1	nan	DN4 thymocyte	nan	DN4 thymocyte	facs	24_61_M	661255.0	1985.0	male	Flowthrough	Thymus	nan	4	21
N9_B001385_S93_L003			24	N9_B001385_S93_L003	24_58_M	Thymus	False	1	False	N9_B001385_S93_L003.mus-4-0-1	exact_library_id_plus_documented_alignment_suffix	N9_B001385_S93_L003.mus-4-0-1-1	one_assay_suffix	24m	1	nan	DN4 thymocyte	nan	DN4 thymocyte	facs	24_58_M	413507.0	1368.0	male	Flowthrough	Thymus	nan	6	5
N9_B001397_S189_L001			24	N9_B001397_S189_L001	24_59_M	Thymus	False	1	False	N9_B001397_S189_L001.mus-5-0-1	exact_library_id_plus_documented_alignment_suffix	N9_B001397_S189_L001.mus-5-0-1-1	one_assay_suffix	24m	1	nan	DN4 thymocyte	nan	DN4 thymocyte	facs	24_59_M	471694.0	2060.0	male	Flowthrough	Thymus	nan	6	5
N9_B002493_S21_L001			24	N9_B002493_S21_L001	24_59_M	Diaphragm	False	1	False	N9_B002493_S21_L001.mus-2-0-1	exact_library_id_plus_documented_alignment_suffix	N9_B002493_S21_L001.mus-2-0-1-1	one_assay_suffix	24m	1	nan	endothelial cell	nan	nan	facs	24_59_M	2232591.0	1892.0	male	Limb_Muscle	Diaphragm	nan	4	21
N9_B002949_S93_L002	44.0	2.0	24	N9_B002949_S93_L002	24_59_M	Marrow	True	2	True	N9_B002949_S93_L002.mus-5-0-1	exact_library_id_plus_documented_alignment_suffix	N9_B002949_S93_L002.mus-5-0-1-1	one_assay_suffix	24m	1	nan	mature alpha-beta T cell	nan	BM CD8 + CD4 T cell	facs	24_59_M	616109.0	1315.0	male	T-cells	Marrow	nan	4	9
N9_B002990_S321_L003			24	N9_B002990_S321_L003	24_61_M	Trachea	False	1	False	N9_B002990_S321_L003.mus-6-0-1	exact_library_id_plus_documented_alignment_suffix	N9_B002990_S321_L003.mus-6-0-1-1	one_assay_suffix	24m	1	nan	T cell	nan	nan	facs	24_61_M	353125.0	1547.0	male	nan	Trachea	nan	4	21
N9_B003843_S297_L004			24	N9_B003843_S297_L004	24_58_M	Trachea	False	1	False	N9_B003843_S297_L004.mus-4-0-1	exact_library_id_plus_documented_alignment_suffix	N9_B003843_S297_L004.mus-4-0-1-1	one_assay_suffix	24m	1	nan	T cell	nan	nan	facs	24_58_M	765335.0	1554.0	male	nan	Trachea	nan	4	21
O10_B000331_S346_L004	62.0	3.0	24	O10_B000331_S346_L004	24_61_M	GAT	True	3	True	O10_B000331_S346_L004.mus-6-0-1	exact_library_id_plus_documented_alignment_suffix	O10_B000331_S346_L004.mus-6-0-1-1	one_assay_suffix	24m	1	nan	CD8-positive, alpha-beta T cell	nan	nan	facs	24_61_M	253190.0	1905.0	male	Fat	GAT	nan	4	21
O10_B000834_S274_L004			24	O10_B000834_S274_L004	24_60_M	BAT	False	1	False	O10_B000834_S274_L004.mus-0-0-1	exact_library_id_plus_documented_alignment_suffix	O10_B000834_S274_L004.mus-0-0-1-1	one_assay_suffix	24m	1	nan	T cell	nan	nan	facs	24_60_M	31641.0	892.0	male	Fat	BAT	nan	4	9
O10_B001183_S286_L003			24	O10_B001183_S286_L003	24_59_M	MAT	False	1	False	O10_B001183_S286_L003.mus-1-0-1	exact_library_id_plus_documented_alignment_suffix	O10_B001183_S286_L003.mus-1-0-1-1	one_assay_suffix	24m	1	nan	CD8-positive, alpha-beta T cell	nan	nan	facs	24_59_M	3059188.0	1487.0	male	Fat	MAT	nan	6	5
O10_B001190_S82			24	O10_B001190_S82	24_58_M	MAT	False	1	False	O10_B001190_S82.mus-7-0-1	exact_library_id_plus_documented_alignment_suffix	O10_B001190_S82.mus-7-0-1-1	one_assay_suffix	24m	1	nan	CD4-positive, alpha-beta T cell	nan	nan	facs	24_58_M	240439.0	998.0	male	Fat	MAT	nan	6	5
O10_B001265_S34_L002			24	O10_B001265_S34_L002	24_59_M	Spleen	False	1	False	O10_B001265_S34_L002.mus-2-0-1	exact_library_id_plus_documented_alignment_suffix	O10_B001265_S34_L002.mus-2-0-1-1	one_assay_suffix	24m	1	nan	CD8-positive, alpha-beta T cell	nan	Cd3e T cell	facs	24_59_M	1007909.0	1282.0	male	nan	Spleen	nan	6	5
O10_B001277_S346_L002			24	O10_B001277_S346_L002	24_61_M	Thymus	False	1	False	O10_B001277_S346_L002.mus-6-0-1	exact_library_id_plus_documented_alignment_suffix	O10_B001277_S346_L002.mus-6-0-1-1	one_assay_suffix	24m	1	nan	DN4 thymocyte	nan	DN4 thymocyte	facs	24_61_M	450123.0	1424.0	male	Flowthrough	Thymus	nan	6	5
O10_B001385_S118_L003			24	O10_B001385_S118_L003	24_58_M	Thymus	False	1	False	O10_B001385_S118_L003.mus-4-0-1	exact_library_id_plus_documented_alignment_suffix	O10_B001385_S118_L003.mus-4-0-1-1	one_assay_suffix	24m	1	nan	DN4 thymocyte	nan	DN4 thymocyte	facs	24_58_M	767802.0	1363.0	male	Flowthrough	Thymus	nan	4	21
O10_B001397_S214_L001			24	O10_B001397_S214_L001	24_59_M	Thymus	False	1	False	O10_B001397_S214_L001.mus-5-0-1	exact_library_id_plus_documented_alignment_suffix	O10_B001397_S214_L001.mus-5-0-1-1	one_assay_suffix	24m	1	nan	DN4 thymocyte	nan	DN4 thymocyte	facs	24_59_M	575167.0	1744.0	male	Flowthrough	Thymus	nan	4	21
O10_B001744_S34_L002	6.0	2.0	24	O10_B001744_S34_L002	24_60_M	Diaphragm	True	2	True	O10_B001744_S34_L002.mus-5-0-1	exact_library_id_plus_documented_alignment_suffix	O10_B001744_S34_L002.mus-5-0-1-1	one_assay_suffix	24m	1	nan	B cell	nan	nan	facs	24_60_M	2559686.0	2367.0	male	Limb_Muscle	Diaphragm	nan	0	30
O10_B002887_S130_L001	95.0	2.0	24	O10_B002887_S130_L001	24_58_M	BAT	True	2	True	O10_B002887_S130_L001.mus-4-0-1	exact_library_id_plus_documented_alignment_suffix	O10_B002887_S130_L001.mus-4-0-1-1	one_assay_suffix	24m	1	nan	T cell	nan	nan	facs	24_58_M	777870.0	1165.0	male	Fat	BAT	nan	4	9
O10_B003846_S286	8.0	2.0	24	O10_B003846_S286	24_58_M	Heart	True	2	True	O10_B003846_S286.mus-7-0-1	exact_library_id_plus_documented_alignment_suffix	O10_B003846_S286.mus-7-0-1-1	one_assay_suffix	24m	1	nan	T cell	nan	T cell	facs	24_58_M	1884830.0	1028.0	male	RV	Heart	nan	4	9
O10_B003863_S346_L003			24	O10_B003863_S346_L003	24_61_M	Limb_Muscle	False	1	False	O10_B003863_S346_L003.mus-6-0-1	exact_library_id_plus_documented_alignment_suffix	O10_B003863_S346_L003.mus-6-0-1-1	one_assay_suffix	24m	1	nan	T cell	nan	nan	facs	24_61_M	1341240.0	863.0	male	ForelimbandHindlimb	Limb_Muscle	nan	6	5
O10_B003902_S166_L002			24	O10_B003902_S166_L002	24_59_M	Liver	False	1	False	O10_B003902_S166_L002.mus-2-0-1	exact_library_id_plus_documented_alignment_suffix	O10_B003902_S166_L002.mus-2-0-1-1	one_assay_suffix	24m	1	nan	CD4-positive, alpha-beta T cell	nan	nan	facs	24_59_M	56653.0	920.0	male	Non-hepatocytes	Liver	nan	4	21
O11_B000331_S347_L004	17.0	2.0	24	O11_B000331_S347_L004	24_61_M	GAT	True	2	True	O11_B000331_S347_L004.mus-6-0-1	exact_library_id_plus_documented_alignment_suffix	O11_B000331_S347_L004.mus-6-0-1-1	one_assay_suffix	24m	1	nan	CD4-positive, alpha-beta T cell	nan	nan	facs	24_61_M	149852.0	1550.0	male	Fat	GAT	nan	4	9
O11_B001188_S299			24	O11_B001188_S299	24_58_M	SCAT	False	1	False	O11_B001188_S299.mus-7-0-1	exact_library_id_plus_documented_alignment_suffix	O11_B001188_S299.mus-7-0-1-1	one_assay_suffix	24m	1	nan	NK cell	nan	nan	facs	24_58_M	350779.0	1026.0	male	Fat	SCAT	nan	4	21
O11_B001277_S347_L002			24	O11_B001277_S347_L002	24_61_M	Thymus	False	1	False	O11_B001277_S347_L002.mus-6-0-1	exact_library_id_plus_documented_alignment_suffix	O11_B001277_S347_L002.mus-6-0-1-1	one_assay_suffix	24m	1	nan	DN4 thymocyte	nan	DN4 thymocyte	facs	24_61_M	873196.0	2130.0	male	Flowthrough	Thymus	nan	4	21
O11_B001385_S119_L003			24	O11_B001385_S119_L003	24_58_M	Thymus	False	1	False	O11_B001385_S119_L003.mus-4-0-1	exact_library_id_plus_documented_alignment_suffix	O11_B001385_S119_L003.mus-4-0-1-1	one_assay_suffix	24m	1	nan	DN4 thymocyte	nan	DN4 thymocyte	facs	24_58_M	672263.0	1937.0	male	Flowthrough	Thymus	nan	6	5
O11_B001397_S215_L001			24	O11_B001397_S215_L001	24_59_M	Thymus	False	1	False	O11_B001397_S215_L001.mus-5-0-1	exact_library_id_plus_documented_alignment_suffix	O11_B001397_S215_L001.mus-5-0-1-1	one_assay_suffix	24m	1	nan	DN4 thymocyte	nan	DN4 thymocyte	facs	24_59_M	1094339.0	2394.0	male	Flowthrough	Thymus	nan	6	23
O11_B001740_S167_L002			24	O11_B001740_S167_L002	24_58_M	Limb_Muscle	False	1	False	O11_B001740_S167_L002.mus-4-0-1	exact_library_id_plus_documented_alignment_suffix	O11_B001740_S167_L002.mus-4-0-1-1	one_assay_suffix	24m	1	nan	T cell	nan	nan	facs	24_58_M	356434.0	619.0	male	ForelimbandHindlimb	Limb_Muscle	nan	4	21
O11_B002892_S71			24	O11_B002892_S71	24_58_M	Marrow	False	1	False	O11_B002892_S71.mus-7-0-1	exact_library_id_plus_documented_alignment_suffix	O11_B002892_S71.mus-7-0-1-1	one_assay_suffix	24m	1	nan	NK cell	nan	NK cell	facs	24_58_M	283758.0	760.0	male	T-cells	Marrow	nan	4	9
O11_B002898_S131	72.0	2.0	24	O11_B002898_S131	24_58_M	GAT	True	2	True	O11_B002898_S131.mus-7-0-1	exact_library_id_plus_documented_alignment_suffix	O11_B002898_S131.mus-7-0-1-1	one_assay_suffix	24m	1	nan	CD4-positive, alpha-beta T cell	nan	nan	facs	24_58_M	402179.0	939.0	male	Fat	GAT	nan	40	47
O11_B002949_S119_L002			24	O11_B002949_S119_L002	24_59_M	Marrow	False	1	False	O11_B002949_S119_L002.mus-5-0-1	exact_library_id_plus_documented_alignment_suffix	O11_B002949_S119_L002.mus-5-0-1-1	one_assay_suffix	24m	1	nan	CD4-positive, alpha-beta T cell	nan	BM CD4 T cell	facs	24_59_M	354125.0	1542.0	male	T-cells	Marrow	nan	4	9
O11_B002988_S59_L004			24	O11_B002988_S59_L004	24_60_M	Trachea	False	1	False	O11_B002988_S59_L004.mus-5-0-1	exact_library_id_plus_documented_alignment_suffix	O11_B002988_S59_L004.mus-5-0-1-1	one_assay_suffix	24m	1	nan	T cell	nan	nan	facs	24_60_M	1257966.0	1953.0	male	nan	Trachea	nan	4	21
O11_B003847_S347_L003			24	O11_B003847_S347_L003	24_60_M	Limb_Muscle	False	1	False	O11_B003847_S347_L003.mus-6-0-1	exact_library_id_plus_documented_alignment_suffix	O11_B003847_S347_L003.mus-6-0-1-1	one_assay_suffix	24m	1	nan	T cell	nan	nan	facs	24_60_M	1023154.0	879.0	male	ForelimbandHindlimb	Limb_Muscle	nan	6	5
O11_B003863_S347_L003			24	O11_B003863_S347_L003	24_61_M	Limb_Muscle	False	1	False	O11_B003863_S347_L003.mus-6-0-1	exact_library_id_plus_documented_alignment_suffix	O11_B003863_S347_L003.mus-6-0-1-1	one_assay_suffix	24m	1	nan	T cell	nan	nan	facs	24_61_M	422033.0	946.0	male	ForelimbandHindlimb	Limb_Muscle	nan	4	21
O12_B000331_S348_L004			24	O12_B000331_S348_L004	24_61_M	GAT	False	1	False	O12_B000331_S348_L004.mus-6-0-1	exact_library_id_plus_documented_alignment_suffix	O12_B000331_S348_L004.mus-6-0-1-1	one_assay_suffix	24m	1	nan	CD4-positive, alpha-beta T cell	nan	nan	facs	24_61_M	177742.0	1637.0	male	Fat	GAT	nan	6	5
O12_B000333_S192_L004			24	O12_B000333_S192_L004	24_60_M	MAT	False	1	False	O12_B000333_S192_L004.mus-0-0-1	exact_library_id_plus_documented_alignment_suffix	O12_B000333_S192_L004.mus-0-0-1-1	one_assay_suffix	24m	1	nan	CD4-positive, alpha-beta T cell	nan	nan	facs	24_60_M	290365.0	1142.0	male	Fat	MAT	nan	6	5
O12_B000337_S240_L003			24	O12_B000337_S240_L003	24_60_M	GAT	False	1	False	O12_B000337_S240_L003.mus-0-0-1	exact_library_id_plus_documented_alignment_suffix	O12_B000337_S240_L003.mus-0-0-1-1	one_assay_suffix	24m	1	nan	CD4-positive, alpha-beta T cell	nan	nan	facs	24_60_M	316984.0	841.0	male	Fat	GAT	nan	4	21
O12_B001183_S288_L003			24	O12_B001183_S288_L003	24_59_M	MAT	False	1	False	O12_B001183_S288_L003.mus-1-0-1	exact_library_id_plus_documented_alignment_suffix	O12_B001183_S288_L003.mus-1-0-1-1	one_assay_suffix	24m	1	nan	CD8-positive, alpha-beta T cell	nan	nan	facs	24_59_M	1765722.0	1585.0	male	Fat	MAT	nan	4	9
O12_B001385_S120_L003			24	O12_B001385_S120_L003	24_58_M	Thymus	False	1	False	O12_B001385_S120_L003.mus-4-0-1	exact_library_id_plus_documented_alignment_suffix	O12_B001385_S120_L003.mus-4-0-1-1	one_assay_suffix	24m	1	nan	thymocyte	nan	proliferating thymocyte; DN to DP transition, dividing (some are Cd8+/ Cd4+, some undergoing VDJ recombination)	facs	24_58_M	401972.0	1911.0	male	Flowthrough	Thymus	nan	21	23
O12_B001397_S216_L001			24	O12_B001397_S216_L001	24_59_M	Thymus	False	1	False	O12_B001397_S216_L001.mus-5-0-1	exact_library_id_plus_documented_alignment_suffix	O12_B001397_S216_L001.mus-5-0-1-1	one_assay_suffix	24m	1	nan	thymocyte	nan	proliferating thymocyte; DN to DP transition, dividing (some are Cd8+/ Cd4+, some undergoing VDJ recombination)	facs	24_59_M	1338642.0	3117.0	male	Flowthrough	Thymus	nan	21	23
O12_B001615_S84_L001			24	O12_B001615_S84_L001	24_60_M	Brain_Non-Myeloid	False	1	False	O12_B001615_S84_L001.mus-0-0-1	exact_library_id_plus_documented_alignment_suffix	O12_B001615_S84_L001.mus-0-0-1-1	one_assay_suffix	24m	1	nan	CD8-positive, alpha-beta T cell	nan	nan	facs	24_60_M	711884.0	1107.0	male	Cortex	Brain_Non-Myeloid	nan	4	9
O12_B002900_S156_L003	21.0	4.0	24	O12_B002900_S156_L003	24_59_M	GAT	True	4	True	O12_B002900_S156_L003.mus-4-0-1	exact_library_id_plus_documented_alignment_suffix	O12_B002900_S156_L003.mus-4-0-1-1	one_assay_suffix	24m	1	nan	T cell	nan	nan	facs	24_59_M	345976.0	1351.0	male	Fat	GAT	nan	4	21
O12_B003847_S348_L003			24	O12_B003847_S348_L003	24_60_M	Limb_Muscle	False	1	False	O12_B003847_S348_L003.mus-6-0-1	exact_library_id_plus_documented_alignment_suffix	O12_B003847_S348_L003.mus-6-0-1-1	one_assay_suffix	24m	1	nan	T cell	nan	nan	facs	24_60_M	1285468.0	864.0	male	ForelimbandHindlimb	Limb_Muscle	nan	6	5
O13_B000333_S193_L004			24	O13_B000333_S193_L004	24_60_M	MAT	False	1	False	O13_B000333_S193_L004.mus-0-0-1	exact_library_id_plus_documented_alignment_suffix	O13_B000333_S193_L004.mus-0-0-1-1	one_assay_suffix	24m	1	nan	CD4-positive, alpha-beta T cell	nan	nan	facs	24_60_M	194083.0	949.0	male	Fat	MAT	nan	4	21
O13_B001183_S289_L003			24	O13_B001183_S289_L003	24_59_M	MAT	False	1	False	O13_B001183_S289_L003.mus-1-0-1	exact_library_id_plus_documented_alignment_suffix	O13_B001183_S289_L003.mus-1-0-1-1	one_assay_suffix	24m	1	nan	CD4-positive, alpha-beta T cell	nan	nan	facs	24_59_M	1659320.0	1059.0	male	Fat	MAT	nan	6	5
O13_B001385_S121_L003			24	O13_B001385_S121_L003	24_58_M	Thymus	False	1	False	O13_B001385_S121_L003.mus-4-0-1	exact_library_id_plus_documented_alignment_suffix	O13_B001385_S121_L003.mus-4-0-1-1	one_assay_suffix	24m	1	nan	thymocyte	nan	DN to DP transition (most are Cd8+/ Cd4+, some undergoing VDJ recombination)	facs	24_58_M	167956.0	1429.0	male	Flowthrough	Thymus	nan	21	23
O13_B001397_S217_L001			24	O13_B001397_S217_L001	24_59_M	Thymus	False	1	False	O13_B001397_S217_L001.mus-5-0-1	exact_library_id_plus_documented_alignment_suffix	O13_B001397_S217_L001.mus-5-0-1-1	one_assay_suffix	24m	1	nan	thymocyte	nan	proliferating thymocyte; DN to DP transition, dividing (some are Cd8+/ Cd4+, some undergoing VDJ recombination)	facs	24_59_M	920565.0	2244.0	male	Flowthrough	Thymus	nan	21	23
O13_B002887_S133_L001			24	O13_B002887_S133_L001	24_58_M	BAT	False	1	False	O13_B002887_S133_L001.mus-4-0-1	exact_library_id_plus_documented_alignment_suffix	O13_B002887_S133_L001.mus-4-0-1-1	one_assay_suffix	24m	1	nan	T cell	nan	nan	facs	24_58_M	520740.0	1154.0	male	Fat	BAT	nan	4	9
O13_B002892_S73			24	O13_B002892_S73	24_58_M	Marrow	False	1	False	O13_B002892_S73.mus-7-0-1	exact_library_id_plus_documented_alignment_suffix	O13_B002892_S73.mus-7-0-1-1	one_assay_suffix	24m	1	nan	mature alpha-beta T cell	nan	BM CD8 + CD4 T cell	facs	24_58_M	44855.0	1026.0	male	T-cells	Marrow	nan	4	48
O13_B002900_S157_L003	46.0	2.0	24	O13_B002900_S157_L003	24_59_M	GAT	True	2	True	O13_B002900_S157_L003.mus-4-0-1	exact_library_id_plus_documented_alignment_suffix	O13_B002900_S157_L003.mus-4-0-1-1	one_assay_suffix	24m	1	nan	CD4-positive, alpha-beta T cell	nan	nan	facs	24_59_M	276216.0	1236.0	male	Fat	GAT	nan	4	9
O13_B002949_S121_L002			24	O13_B002949_S121_L002	24_59_M	Marrow	False	1	False	O13_B002949_S121_L002.mus-5-0-1	exact_library_id_plus_documented_alignment_suffix	O13_B002949_S121_L002.mus-5-0-1-1	one_assay_suffix	24m	1	nan	naive B cell	nan	naïve B cell	facs	24_59_M	837135.0	2758.0	male	T-cells	Marrow	nan	4	48
O14_B000331_S350_L004			24	O14_B000331_S350_L004	24_61_M	GAT	False	1	False	O14_B000331_S350_L004.mus-6-0-1	exact_library_id_plus_documented_alignment_suffix	O14_B000331_S350_L004.mus-6-0-1-1	one_assay_suffix	24m	1	nan	T cell	nan	nan	facs	24_61_M	141400.0	2063.0	male	Fat	GAT	nan	4	21
O14_B000851_S350_L004			24	O14_B000851_S350_L004	24_61_M	Spleen	False	1	False	O14_B000851_S350_L004.mus-6-0-1	exact_library_id_plus_documented_alignment_suffix	O14_B000851_S350_L004.mus-6-0-1-1	one_assay_suffix	24m	1	nan	CD8-positive, alpha-beta T cell	nan	nan	facs	24_61_M	400717.0	3342.0	male	nan	Spleen	nan	4	21
O14_B001190_S86			24	O14_B001190_S86	24_58_M	MAT	False	1	False	O14_B001190_S86.mus-7-0-1	exact_library_id_plus_documented_alignment_suffix	O14_B001190_S86.mus-7-0-1-1	one_assay_suffix	24m	1	nan	CD4-positive, alpha-beta T cell	nan	nan	facs	24_58_M	424458.0	1292.0	male	Fat	MAT	nan	4	21
O14_B001397_S218_L001			24	O14_B001397_S218_L001	24_59_M	Thymus	False	1	False	O14_B001397_S218_L001.mus-5-0-1	exact_library_id_plus_documented_alignment_suffix	O14_B001397_S218_L001.mus-5-0-1-1	one_assay_suffix	24m	1	nan	thymocyte	nan	proliferating thymocyte; DN to DP transition, dividing (some are Cd8+/ Cd4+, some undergoing VDJ recombination)	facs	24_59_M	395818.0	2886.0	male	Flowthrough	Thymus	nan	21	23
O14_B003847_S350_L003			24	O14_B003847_S350_L003	24_60_M	Limb_Muscle	False	1	False	O14_B003847_S350_L003.mus-6-0-1	exact_library_id_plus_documented_alignment_suffix	O14_B003847_S350_L003.mus-6-0-1-1	one_assay_suffix	24m	1	nan	T cell	nan	nan	facs	24_60_M	1207328.0	921.0	male	ForelimbandHindlimb	Limb_Muscle	nan	6	5
O15_B000337_S243_L003			24	O15_B000337_S243_L003	24_60_M	GAT	False	1	False	O15_B000337_S243_L003.mus-0-0-1	exact_library_id_plus_documented_alignment_suffix	O15_B000337_S243_L003.mus-0-0-1-1	one_assay_suffix	24m	1	nan	T cell	nan	nan	facs	24_60_M	324319.0	1297.0	male	Fat	GAT	nan	4	21
O15_B000851_S351_L004			24	O15_B000851_S351_L004	24_61_M	Spleen	False	1	False	O15_B000851_S351_L004.mus-6-0-1	exact_library_id_plus_documented_alignment_suffix	O15_B000851_S351_L004.mus-6-0-1-1	one_assay_suffix	24m	1	nan	CD4-positive, alpha-beta T cell	nan	Cd3e T cell	facs	24_61_M	140011.0	2073.0	male	nan	Spleen	nan	4	21
O15_B001183_S291_L003			24	O15_B001183_S291_L003	24_59_M	MAT	False	1	False	O15_B001183_S291_L003.mus-1-0-1	exact_library_id_plus_documented_alignment_suffix	O15_B001183_S291_L003.mus-1-0-1-1	one_assay_suffix	24m	1	nan	CD8-positive, alpha-beta T cell	nan	nan	facs	24_59_M	896147.0	1240.0	male	Fat	MAT	nan	4	5
O15_B001190_S87			24	O15_B001190_S87	24_58_M	MAT	False	1	False	O15_B001190_S87.mus-7-0-1	exact_library_id_plus_documented_alignment_suffix	O15_B001190_S87.mus-7-0-1-1	one_assay_suffix	24m	1	nan	CD4-positive, alpha-beta T cell	nan	nan	facs	24_58_M	421338.0	1356.0	male	Fat	MAT	nan	4	5
O15_B001263_S219			24	O15_B001263_S219	24_58_M	Spleen	False	1	False	O15_B001263_S219.mus-7-0-1	exact_library_id_plus_documented_alignment_suffix	O15_B001263_S219.mus-7-0-1-1	one_assay_suffix	24m	1	nan	CD4-positive, alpha-beta T cell	nan	Cd3e T cell	facs	24_58_M	814858.0	1382.0	male	nan	Spleen	nan	4	21
O15_B001397_S219_L001			24	O15_B001397_S219_L001	24_59_M	Thymus	False	1	False	O15_B001397_S219_L001.mus-5-0-1	exact_library_id_plus_documented_alignment_suffix	O15_B001397_S219_L001.mus-5-0-1-1	one_assay_suffix	24m	1	nan	thymocyte	nan	proliferating thymocyte; DN to DP transition, dividing (some are Cd8+/ Cd4+, some undergoing VDJ recombination)	facs	24_59_M	2787525.0	3737.0	male	Flowthrough	Thymus	nan	21	23
O15_B001616_S351_L001			24	O15_B001616_S351_L001	24_60_M	Brain_Non-Myeloid	False	1	False	O15_B001616_S351_L001.mus-6-0-1	exact_library_id_plus_documented_alignment_suffix	O15_B001616_S351_L001.mus-6-0-1-1	one_assay_suffix	24m	1	nan	CD8-positive, alpha-beta T cell	nan	nan	facs	24_60_M	1836540.0	1155.0	male	Striatum	Brain_Non-Myeloid	nan	6	5
O15_B002887_S135_L001			24	O15_B002887_S135_L001	24_58_M	BAT	False	1	False	O15_B002887_S135_L001.mus-4-0-1	exact_library_id_plus_documented_alignment_suffix	O15_B002887_S135_L001.mus-4-0-1-1	one_assay_suffix	24m	1	nan	T cell	nan	nan	facs	24_58_M	676808.0	1314.0	male	Fat	BAT	nan	4	9
O15_B003863_S351_L003			24	O15_B003863_S351_L003	24_61_M	Limb_Muscle	False	1	False	O15_B003863_S351_L003.mus-6-0-1	exact_library_id_plus_documented_alignment_suffix	O15_B003863_S351_L003.mus-6-0-1-1	one_assay_suffix	24m	1	nan	T cell	nan	nan	facs	24_61_M	441763.0	1173.0	male	ForelimbandHindlimb	Limb_Muscle	nan	4	9
O16_B000848_S28_L003	3.0	6.0	24	O16_B000848_S28_L003	24_60_M	Spleen	True	6	True	O16_B000848_S28_L003.mus-5-0-1	exact_library_id_plus_documented_alignment_suffix	O16_B000848_S28_L003.mus-5-0-1-1	one_assay_suffix	24m	1	nan	CD8-positive, alpha-beta T cell	nan	nan	facs	24_60_M	695673.0	1974.0	male	nan	Spleen	nan	4	9
O16_B001397_S220_L001			24	O16_B001397_S220_L001	24_59_M	Thymus	False	1	False	O16_B001397_S220_L001.mus-5-0-1	exact_library_id_plus_documented_alignment_suffix	O16_B001397_S220_L001.mus-5-0-1-1	one_assay_suffix	24m	1	nan	thymocyte	nan	proliferating thymocyte; DN to DP transition, dividing (some are Cd8+/ Cd4+, some undergoing VDJ recombination)	facs	24_59_M	922402.0	2587.0	male	Flowthrough	Thymus	nan	21	23
O16_B001740_S172_L002			24	O16_B001740_S172_L002	24_58_M	Limb_Muscle	False	1	False	O16_B001740_S172_L002.mus-4-0-1	exact_library_id_plus_documented_alignment_suffix	O16_B001740_S172_L002.mus-4-0-1-1	one_assay_suffix	24m	1	nan	T cell	nan	nan	facs	24_58_M	1062216.0	1353.0	male	ForelimbandHindlimb	Limb_Muscle	nan	4	9
O16_B002892_S76	56.0	4.0	24	O16_B002892_S76	24_58_M	Marrow	True	4	True	O16_B002892_S76.mus-7-0-1	exact_library_id_plus_documented_alignment_suffix	O16_B002892_S76.mus-7-0-1-1	one_assay_suffix	24m	1	nan	CD4-positive, alpha-beta T cell	nan	BM CD4 T cell	facs	24_58_M	357566.0	854.0	male	T-cells	Marrow	nan	4	21
O16_B002900_S160_L003			24	O16_B002900_S160_L003	24_59_M	GAT	False	1	False	O16_B002900_S160_L003.mus-4-0-1	exact_library_id_plus_documented_alignment_suffix	O16_B002900_S160_L003.mus-4-0-1-1	one_assay_suffix	24m	1	nan	CD4-positive, alpha-beta T cell	nan	nan	facs	24_59_M	118091.0	960.0	male	Fat	GAT	nan	6	5
O16_B003847_S352_L003			24	O16_B003847_S352_L003	24_60_M	Limb_Muscle	False	1	False	O16_B003847_S352_L003.mus-6-0-1	exact_library_id_plus_documented_alignment_suffix	O16_B003847_S352_L003.mus-6-0-1-1	one_assay_suffix	24m	1	nan	T cell	nan	nan	facs	24_60_M	495901.0	1129.0	male	ForelimbandHindlimb	Limb_Muscle	nan	4	9
O16_B003902_S172_L002			24	O16_B003902_S172_L002	24_59_M	Liver	False	1	False	O16_B003902_S172_L002.mus-2-0-1	exact_library_id_plus_documented_alignment_suffix	O16_B003902_S172_L002.mus-2-0-1-1	one_assay_suffix	24m	1	nan	CD4-positive, alpha-beta T cell	nan	nan	facs	24_59_M	52286.0	1299.0	male	Non-hepatocytes	Liver	nan	4	9
O17_B000830_S353_L004			24	O17_B000830_S353_L004	24_60_M	Thymus	False	1	False	O17_B000830_S353_L004.mus-8-0-1	exact_library_id_plus_documented_alignment_suffix	O17_B000830_S353_L004.mus-8-0-1-1	one_assay_suffix	24m	1	nan	thymocyte	nan	DN to DP transition (most are Cd8+/ Cd4+, some undergoing VDJ recombination)	facs	24_60_M	142627.0	2057.0	male	Flowthrough	Thymus	nan	21	23
O17_B001397_S221_L001			24	O17_B001397_S221_L001	24_59_M	Thymus	False	1	False	O17_B001397_S221_L001.mus-5-0-1	exact_library_id_plus_documented_alignment_suffix	O17_B001397_S221_L001.mus-5-0-1-1	one_assay_suffix	24m	1	nan	thymocyte	nan	proliferating thymocyte; DN to DP transition, dividing (some are Cd8+/ Cd4+, some undergoing VDJ recombination)	facs	24_59_M	1454933.0	3089.0	male	Flowthrough	Thymus	nan	21	23
O17_B002881_S137_L001			24	O17_B002881_S137_L001	24_59_M	Trachea	False	1	False	O17_B002881_S137_L001.mus-2-0-1	exact_library_id_plus_documented_alignment_suffix	O17_B002881_S137_L001.mus-2-0-1-1	one_assay_suffix	24m	1	nan	T cell	nan	nan	facs	24_59_M	749460.0	1152.0	male	nan	Trachea	nan	4	21
O17_B002892_S77			24	O17_B002892_S77	24_58_M	Marrow	False	1	False	O17_B002892_S77.mus-7-0-1	exact_library_id_plus_documented_alignment_suffix	O17_B002892_S77.mus-7-0-1-1	one_assay_suffix	24m	1	nan	NK cell	nan	NK cell	facs	24_58_M	469012.0	831.0	male	T-cells	Marrow	nan	4	9
O17_B003842_S125	100.0	2.0	24	O17_B003842_S125	24_58_M	Heart	True	2	True	O17_B003842_S125.mus-7-0-1	exact_library_id_plus_documented_alignment_suffix	O17_B003842_S125.mus-7-0-1-1	one_assay_suffix	24m	1	nan	T cell	nan	T cell	facs	24_58_M	943359.0	1414.0	male	LA	Heart	nan	40	47
O18_B000342_S354_L004	19.0	7.0	24	O18_B000342_S354_L004	24_61_M	Lung	True	7	True	O18_B000342_S354_L004.mus-6-0-1	exact_library_id_plus_documented_alignment_suffix	O18_B000342_S354_L004.mus-6-0-1-1	one_assay_suffix	24m	1	nan	CD8-positive, alpha-beta T cell	nan	CD8+ T	facs	24_61_M	3748496.0	4688.0	male	EPCAM	Lung	nan	4	9
O18_B001268_S54_L001			24	O18_B001268_S54_L001	24_60_M	Brain_Non-Myeloid	False	1	False	O18_B001268_S54_L001.mus-0-0-1	exact_library_id_plus_documented_alignment_suffix	O18_B001268_S54_L001.mus-0-0-1-1	one_assay_suffix	24m	1	nan	CD8-positive, alpha-beta T cell	nan	nan	facs	24_60_M	763883.0	1287.0	male	Hippocampus	Brain_Non-Myeloid	nan	4	9
O18_B001385_S126_L003			24	O18_B001385_S126_L003	24_58_M	Thymus	False	1	False	O18_B001385_S126_L003.mus-4-0-1	exact_library_id_plus_documented_alignment_suffix	O18_B001385_S126_L003.mus-4-0-1-1	one_assay_suffix	24m	1	nan	thymocyte	nan	proliferating thymocyte; DN to DP transition, dividing (some are Cd8+/ Cd4+, some undergoing VDJ recombination)	facs	24_58_M	1548720.0	2527.0	male	Flowthrough	Thymus	nan	21	23
O18_B001397_S222_L001			24	O18_B001397_S222_L001	24_59_M	Thymus	False	1	False	O18_B001397_S222_L001.mus-5-0-1	exact_library_id_plus_documented_alignment_suffix	O18_B001397_S222_L001.mus-5-0-1-1	one_assay_suffix	24m	1	nan	thymocyte	nan	proliferating thymocyte; DN to DP transition, dividing (some are Cd8+/ Cd4+, some undergoing VDJ recombination)	facs	24_59_M	728697.0	2005.0	male	Flowthrough	Thymus	nan	21	23
O18_B002881_S138_L001			24	O18_B002881_S138_L001	24_59_M	Trachea	False	1	False	O18_B002881_S138_L001.mus-2-0-1	exact_library_id_plus_documented_alignment_suffix	O18_B002881_S138_L001.mus-2-0-1-1	one_assay_suffix	24m	1	nan	T cell	nan	nan	facs	24_59_M	614475.0	1231.0	male	nan	Trachea	nan	4	9
O18_B003234_S114_L004			24	O18_B003234_S114_L004	24_60_M	Lung	False	1	False	O18_B003234_S114_L004.mus-5-0-1	exact_library_id_plus_documented_alignment_suffix	O18_B003234_S114_L004.mus-5-0-1-1	one_assay_suffix	24m	1	nan	CD8-positive, alpha-beta T cell	nan	CD8+ T	facs	24_60_M	412524.0	1580.0	male	EPCAM	Lung	nan	4	9
O19_B000342_S355_L004			24	O19_B000342_S355_L004	24_61_M	Lung	False	1	False	O19_B000342_S355_L004.mus-6-0-1	exact_library_id_plus_documented_alignment_suffix	O19_B000342_S355_L004.mus-6-0-1-1	one_assay_suffix	24m	1	nan	CD4-positive, alpha-beta T cell	nan	CD4+ T	facs	24_61_M	111692.0	1355.0	male	EPCAM	Lung	nan	6	5
O19_B001265_S43_L002			24	O19_B001265_S43_L002	24_59_M	Spleen	False	1	False	O19_B001265_S43_L002.mus-2-0-1	exact_library_id_plus_documented_alignment_suffix	O19_B001265_S43_L002.mus-2-0-1-1	one_assay_suffix	24m	1	nan	CD8-positive, alpha-beta T cell	nan	nan	facs	24_59_M	1284928.0	1274.0	male	nan	Spleen	nan	4	9
O19_B001386_S295_L003			24	O19_B001386_S295_L003	24_58_M	Liver	False	1	False	O19_B001386_S295_L003.mus-2-0-1	exact_library_id_plus_documented_alignment_suffix	O19_B001386_S295_L003.mus-2-0-1-1	one_assay_suffix	24m	1	nan	T cell	nan	nan	facs	24_58_M	2774949.0	2699.0	male	Non-hepatocytes	Liver	nan	4	9
O19_B001615_S91_L001	104.0	2.0	24	O19_B001615_S91_L001	24_60_M	Brain_Non-Myeloid	True	2	True	O19_B001615_S91_L001.mus-0-0-1	exact_library_id_plus_documented_alignment_suffix	O19_B001615_S91_L001.mus-0-0-1-1	one_assay_suffix	24m	1	nan	CD8-positive, alpha-beta T cell	nan	nan	facs	24_60_M	773936.0	991.0	male	Cortex	Brain_Non-Myeloid	nan	4	9
O19_B002892_S79			24	O19_B002892_S79	24_58_M	Marrow	False	1	False	O19_B002892_S79.mus-7-0-1	exact_library_id_plus_documented_alignment_suffix	O19_B002892_S79.mus-7-0-1-1	one_assay_suffix	24m	1	nan	NK cell	nan	Klrb1a/b/c(-) NK cell	facs	24_58_M	663532.0	1536.0	male	T-cells	Marrow	nan	11	7
O19_B002946_S91_L002			24	O19_B002946_S91_L002	24_58_M	Lung	False	1	False	O19_B002946_S91_L002.mus-4-0-1	exact_library_id_plus_documented_alignment_suffix	O19_B002946_S91_L002.mus-4-0-1-1	one_assay_suffix	24m	1	nan	regulatory T cell	nan	Regulatory T	facs	24_58_M	158837.0	1161.0	male	EPCAM	Lung	nan	4	21
O1_B000342_S337_L004			24	O1_B000342_S337_L004	24_61_M	Lung	False	1	False	O1_B000342_S337_L004.mus-6-0-1	exact_library_id_plus_documented_alignment_suffix	O1_B000342_S337_L004.mus-6-0-1-1	one_assay_suffix	24m	1	nan	T cell	nan	Ly6g5b+ T	facs	24_61_M	1019804.0	1805.0	male	EPCAM	Lung	nan	4	21
O1_B000830_S337_L004			24	O1_B000830_S337_L004	24_60_M	Thymus	False	1	False	O1_B000830_S337_L004.mus-8-0-1	exact_library_id_plus_documented_alignment_suffix	O1_B000830_S337_L004.mus-8-0-1-1	one_assay_suffix	24m	1	nan	DN4 thymocyte	nan	DN4 thymocyte	facs	24_60_M	36854.0	1154.0	male	Flowthrough	Thymus	nan	4	21
O1_B001277_S337_L002			24	O1_B001277_S337_L002	24_61_M	Thymus	False	1	False	O1_B001277_S337_L002.mus-6-0-1	exact_library_id_plus_documented_alignment_suffix	O1_B001277_S337_L002.mus-6-0-1-1	one_assay_suffix	24m	1	nan	macrophage	nan	macrophage	facs	24_61_M	1108999.0	3295.0	male	Flowthrough	Thymus	nan	2	4
O1_B001397_S205_L001			24	O1_B001397_S205_L001	24_59_M	Thymus	False	1	False	O1_B001397_S205_L001.mus-5-0-1	exact_library_id_plus_documented_alignment_suffix	O1_B001397_S205_L001.mus-5-0-1-1	one_assay_suffix	24m	1	nan	DN4 thymocyte	nan	DN4 thymocyte	facs	24_59_M	611208.0	2134.0	male	Flowthrough	Thymus	nan	6	5
O1_B001732_S97_L004			24	O1_B001732_S97_L004	24_59_M	Limb_Muscle	False	1	False	O1_B001732_S97_L004.mus-2-0-1	exact_library_id_plus_documented_alignment_suffix	O1_B001732_S97_L004.mus-2-0-1-1	one_assay_suffix	24m	1	nan	T cell	nan	nan	facs	24_59_M	491426.0	775.0	male	ForelimbandHindlimb	Limb_Muscle	nan	4	21
O1_B002990_S337_L003	67.0	5.0	24	O1_B002990_S337_L003	24_61_M	Trachea	True	5	True	O1_B002990_S337_L003.mus-6-0-1	exact_library_id_plus_documented_alignment_suffix	O1_B002990_S337_L003.mus-6-0-1-1	one_assay_suffix	24m	1	nan	T cell	nan	nan	facs	24_61_M	761155.0	1511.0	male	nan	Trachea	nan	4	9
O20_B000848_S32_L003			24	O20_B000848_S32_L003	24_60_M	Spleen	False	1	False	O20_B000848_S32_L003.mus-5-0-1	exact_library_id_plus_documented_alignment_suffix	O20_B000848_S32_L003.mus-5-0-1-1	one_assay_suffix	24m	1	nan	CD8-positive, alpha-beta T cell	nan	nan	facs	24_60_M	848194.0	2127.0	male	nan	Spleen	nan	4	9
O20_B001263_S224			24	O20_B001263_S224	24_58_M	Spleen	False	1	False	O20_B001263_S224.mus-7-0-1	exact_library_id_plus_documented_alignment_suffix	O20_B001263_S224.mus-7-0-1-1	one_assay_suffix	24m	1	nan	CD8-positive, alpha-beta T cell	nan	nan	facs	24_58_M	1180302.0	1726.0	male	nan	Spleen	nan	4	9
O20_B001385_S128_L003			24	O20_B001385_S128_L003	24_58_M	Thymus	False	1	False	O20_B001385_S128_L003.mus-4-0-1	exact_library_id_plus_documented_alignment_suffix	O20_B001385_S128_L003.mus-4-0-1-1	one_assay_suffix	24m	1	nan	thymocyte	nan	proliferating thymocyte; DN to DP transition, dividing (some are Cd8+/ Cd4+, some undergoing VDJ recombination)	facs	24_58_M	505684.0	2073.0	male	Flowthrough	Thymus	nan	21	23
O20_B001397_S224_L001			24	O20_B001397_S224_L001	24_59_M	Thymus	False	1	False	O20_B001397_S224_L001.mus-5-0-1	exact_library_id_plus_documented_alignment_suffix	O20_B001397_S224_L001.mus-5-0-1-1	one_assay_suffix	24m	1	nan	thymocyte	nan	proliferating thymocyte; DN to DP transition, dividing (some are Cd8+/ Cd4+, some undergoing VDJ recombination)	facs	24_59_M	1313043.0	3104.0	male	Flowthrough	Thymus	nan	21	23
O20_B001732_S116_L004	79.0	3.0	24	O20_B001732_S116_L004	24_59_M	Limb_Muscle	True	3	True	O20_B001732_S116_L004.mus-2-0-1	exact_library_id_plus_documented_alignment_suffix	O20_B001732_S116_L004.mus-2-0-1-1	one_assay_suffix	24m	1	nan	T cell	nan	nan	facs	24_59_M	819000.0	1358.0	male	ForelimbandHindlimb	Limb_Muscle	nan	4	9
O20_B003863_S356_L003	42.0	10.0	24	O20_B003863_S356_L003	24_61_M	Limb_Muscle	True	10	True	O20_B003863_S356_L003.mus-6-0-1	exact_library_id_plus_documented_alignment_suffix	O20_B003863_S356_L003.mus-6-0-1-1	one_assay_suffix	24m	1	nan	T cell	nan	nan	facs	24_61_M	758732.0	1323.0	male	ForelimbandHindlimb	Limb_Muscle	nan	4	9
O21_B000851_S357_L004	30.0	4.0	24	O21_B000851_S357_L004	24_61_M	Spleen	True	4	True	O21_B000851_S357_L004.mus-6-0-1	exact_library_id_plus_documented_alignment_suffix	O21_B000851_S357_L004.mus-6-0-1-1	one_assay_suffix	24m	1	nan	CD8-positive, alpha-beta T cell	nan	nan	facs	24_61_M	106996.0	1559.0	male	nan	Spleen	nan	4	9
O21_B001397_S225_L001			24	O21_B001397_S225_L001	24_59_M	Thymus	False	1	False	O21_B001397_S225_L001.mus-5-0-1	exact_library_id_plus_documented_alignment_suffix	O21_B001397_S225_L001.mus-5-0-1-1	one_assay_suffix	24m	1	nan	thymocyte	nan	proliferating thymocyte; DN to DP transition, dividing (some are Cd8+/ Cd4+, some undergoing VDJ recombination)	facs	24_59_M	1952889.0	3235.0	male	Flowthrough	Thymus	nan	21	23
O21_B001615_S93_L001			24	O21_B001615_S93_L001	24_60_M	Brain_Non-Myeloid	False	1	False	O21_B001615_S93_L001.mus-0-0-1	exact_library_id_plus_documented_alignment_suffix	O21_B001615_S93_L001.mus-0-0-1-1	one_assay_suffix	24m	1	nan	CD8-positive, alpha-beta T cell	nan	nan	facs	24_60_M	1872130.0	568.0	male	Cortex	Brain_Non-Myeloid	nan	6	5
O21_B002493_S57_L001			24	O21_B002493_S57_L001	24_59_M	Diaphragm	False	1	False	O21_B002493_S57_L001.mus-2-0-1	exact_library_id_plus_documented_alignment_suffix	O21_B002493_S57_L001.mus-2-0-1-1	one_assay_suffix	24m	1	nan	T cell	nan	nan	facs	24_59_M	81337.0	706.0	male	Limb_Muscle	Diaphragm	nan	4	21
O21_B002892_S81			24	O21_B002892_S81	24_58_M	Marrow	False	1	False	O21_B002892_S81.mus-7-0-1	exact_library_id_plus_documented_alignment_suffix	O21_B002892_S81.mus-7-0-1-1	one_assay_suffix	24m	1	nan	NK cell	nan	Klrb1a/b/c(-) NK cell	facs	24_58_M	1247426.0	1704.0	male	T-cells	Marrow	nan	11	7
O21_B002982_S69_L004			24	O21_B002982_S69_L004	24_60_M	Lung	False	1	False	O21_B002982_S69_L004.mus-0-0-1	exact_library_id_plus_documented_alignment_suffix	O21_B002982_S69_L004.mus-0-0-1-1	one_assay_suffix	24m	1	nan	T cell	nan	Ly6g5b+ T	facs	24_60_M	398539.0	1018.0	male	Endomucin	Lung	nan	4	21
O21_B003847_S357_L003			24	O21_B003847_S357_L003	24_60_M	Limb_Muscle	False	1	False	O21_B003847_S357_L003.mus-6-0-1	exact_library_id_plus_documented_alignment_suffix	O21_B003847_S357_L003.mus-6-0-1-1	one_assay_suffix	24m	1	nan	T cell	nan	nan	facs	24_60_M	797974.0	1071.0	male	ForelimbandHindlimb	Limb_Muscle	nan	4	9
O21_B003863_S357_L003	15.0	15.0	24	O21_B003863_S357_L003	24_61_M	Limb_Muscle	True	15	True	O21_B003863_S357_L003.mus-6-0-1	exact_library_id_plus_documented_alignment_suffix	O21_B003863_S357_L003.mus-6-0-1-1	one_assay_suffix	24m	1	nan	T cell	nan	nan	facs	24_61_M	1258402.0	2230.0	male	ForelimbandHindlimb	Limb_Muscle	nan	4	9
O22_B001265_S46_L002	10.0	2.0	24	O22_B001265_S46_L002	24_59_M	Spleen	True	2	True	O22_B001265_S46_L002.mus-2-0-1	exact_library_id_plus_documented_alignment_suffix	O22_B001265_S46_L002.mus-2-0-1-1	one_assay_suffix	24m	1	nan	CD8-positive, alpha-beta T cell	nan	nan	facs	24_59_M	1326287.0	1301.0	male	nan	Spleen	nan	4	9
O22_B001268_S58_L001			24	O22_B001268_S58_L001	24_60_M	Brain_Non-Myeloid	False	1	False	O22_B001268_S58_L001.mus-0-0-1	exact_library_id_plus_documented_alignment_suffix	O22_B001268_S58_L001.mus-0-0-1-1	one_assay_suffix	24m	1	nan	CD8-positive, alpha-beta T cell	nan	nan	facs	24_60_M	899806.0	1409.0	male	Hippocampus	Brain_Non-Myeloid	nan	6	5
O22_B001385_S130_L003			24	O22_B001385_S130_L003	24_58_M	Thymus	False	1	False	O22_B001385_S130_L003.mus-4-0-1	exact_library_id_plus_documented_alignment_suffix	O22_B001385_S130_L003.mus-4-0-1-1	one_assay_suffix	24m	1	nan	thymocyte	nan	proliferating thymocyte; DN to DP transition, dividing (some are Cd8+/ Cd4+, some undergoing VDJ recombination)	facs	24_58_M	936018.0	2279.0	male	Flowthrough	Thymus	nan	21	23
O22_B001397_S226_L001			24	O22_B001397_S226_L001	24_59_M	Thymus	False	1	False	O22_B001397_S226_L001.mus-5-0-1	exact_library_id_plus_documented_alignment_suffix	O22_B001397_S226_L001.mus-5-0-1-1	one_assay_suffix	24m	1	nan	thymocyte	nan	proliferating thymocyte; DN to DP transition, dividing (some are Cd8+/ Cd4+, some undergoing VDJ recombination)	facs	24_59_M	149203.0	1612.0	male	Flowthrough	Thymus	nan	21	23
O22_B002949_S130_L002			24	O22_B002949_S130_L002	24_59_M	Marrow	False	1	False	O22_B002949_S130_L002.mus-5-0-1	exact_library_id_plus_documented_alignment_suffix	O22_B002949_S130_L002.mus-5-0-1-1	one_assay_suffix	24m	1	nan	CD4-positive, alpha-beta T cell	nan	BM CD4 T cell	facs	24_59_M	405497.0	1374.0	male	T-cells	Marrow	nan	4	9
O22_B003234_S118_L004			24	O22_B003234_S118_L004	24_60_M	Lung	False	1	False	O22_B003234_S118_L004.mus-5-0-1	exact_library_id_plus_documented_alignment_suffix	O22_B003234_S118_L004.mus-5-0-1-1	one_assay_suffix	24m	1	nan	CD8-positive, alpha-beta T cell	nan	CD8+ T	facs	24_60_M	282477.0	1668.0	male	EPCAM	Lung	nan	4	9
O2_B001277_S338_L002	61.0	2.0	24	O2_B001277_S338_L002	24_61_M	Thymus	True	2	True	O2_B001277_S338_L002.mus-6-0-1	exact_library_id_plus_documented_alignment_suffix	O2_B001277_S338_L002.mus-6-0-1-1	one_assay_suffix	24m	1	nan	DN4 thymocyte	nan	DN4 thymocyte	facs	24_61_M	1358179.0	1821.0	male	Flowthrough	Thymus	nan	4	9
O2_B001397_S206_L001			24	O2_B001397_S206_L001	24_59_M	Thymus	False	1	False	O2_B001397_S206_L001.mus-5-0-1	exact_library_id_plus_documented_alignment_suffix	O2_B001397_S206_L001.mus-5-0-1-1	one_assay_suffix	24m	1	nan	DN4 thymocyte	nan	DN4 thymocyte	facs	24_59_M	511388.0	1905.0	male	Flowthrough	Thymus	nan	6	5
O2_B003232_S110_L002	7.0	12.0	24	O2_B003232_S110_L002	24_60_M	Brain_Non-Myeloid	True	12	True	O2_B003232_S110_L002.mus-0-0-1	exact_library_id_plus_documented_alignment_suffix	O2_B003232_S110_L002.mus-0-0-1-1	one_assay_suffix	24m	1	nan	T cell	nan	nan	facs	24_60_M	4179882.0	799.0	male	Cerebellum	Brain_Non-Myeloid	nan	4	9
O2_B003863_S338_L003			24	O2_B003863_S338_L003	24_61_M	Limb_Muscle	False	1	False	O2_B003863_S338_L003.mus-6-0-1	exact_library_id_plus_documented_alignment_suffix	O2_B003863_S338_L003.mus-6-0-1-1	one_assay_suffix	24m	1	nan	T cell	nan	nan	facs	24_61_M	1292728.0	1531.0	male	ForelimbandHindlimb	Limb_Muscle	nan	4	9
O3_B001385_S111_L003			24	O3_B001385_S111_L003	24_58_M	Thymus	False	1	False	O3_B001385_S111_L003.mus-4-0-1	exact_library_id_plus_documented_alignment_suffix	O3_B001385_S111_L003.mus-4-0-1-1	one_assay_suffix	24m	1	nan	DN4 thymocyte	nan	DN4 thymocyte	facs	24_58_M	866601.0	2174.0	male	Flowthrough	Thymus	nan	6	5
O3_B001397_S207_L001			24	O3_B001397_S207_L001	24_59_M	Thymus	False	1	False	O3_B001397_S207_L001.mus-5-0-1	exact_library_id_plus_documented_alignment_suffix	O3_B001397_S207_L001.mus-5-0-1-1	one_assay_suffix	24m	1	nan	DN4 thymocyte	nan	DN4 thymocyte	facs	24_59_M	761505.0	1901.0	male	Flowthrough	Thymus	nan	6	5
O3_B002875_S207_L001			24	O3_B002875_S207_L001	24_59_M	Lung	False	1	False	O3_B002875_S207_L001.mus-2-0-1	exact_library_id_plus_documented_alignment_suffix	O3_B002875_S207_L001.mus-2-0-1-1	one_assay_suffix	24m	1	nan	regulatory T cell	nan	Regulatory T	facs	24_59_M	676438.0	1267.0	male	EPCAM	Lung	nan	4	21
O3_B003847_S339_L003			24	O3_B003847_S339_L003	24_60_M	Limb_Muscle	False	1	False	O3_B003847_S339_L003.mus-6-0-1	exact_library_id_plus_documented_alignment_suffix	O3_B003847_S339_L003.mus-6-0-1-1	one_assay_suffix	24m	1	nan	T cell	nan	nan	facs	24_60_M	1020115.0	1146.0	male	ForelimbandHindlimb	Limb_Muscle	nan	4	21
O3_B003863_S339_L003			24	O3_B003863_S339_L003	24_61_M	Limb_Muscle	False	1	False	O3_B003863_S339_L003.mus-6-0-1	exact_library_id_plus_documented_alignment_suffix	O3_B003863_S339_L003.mus-6-0-1-1	one_assay_suffix	24m	1	nan	T cell	nan	nan	facs	24_61_M	2273846.0	2277.0	male	ForelimbandHindlimb	Limb_Muscle	nan	4	21
O3_B003902_S159_L002	24.0	34.0	24	O3_B003902_S159_L002	24_59_M	Liver	True	34	True	O3_B003902_S159_L002.mus-2-0-1	exact_library_id_plus_documented_alignment_suffix	O3_B003902_S159_L002.mus-2-0-1-1	one_assay_suffix	24m	1	nan	CD8-positive, alpha-beta T cell	nan	nan	facs	24_59_M	1956188.0	833.0	male	Non-hepatocytes	Liver	nan	4	9
O4_B000830_S340_L004			24	O4_B000830_S340_L004	24_60_M	Thymus	False	1	False	O4_B000830_S340_L004.mus-8-0-1	exact_library_id_plus_documented_alignment_suffix	O4_B000830_S340_L004.mus-8-0-1-1	one_assay_suffix	24m	1	nan	DN4 thymocyte	nan	DN4 thymocyte	facs	24_60_M	312714.0	2073.0	male	Flowthrough	Thymus	nan	4	48
O4_B001277_S340_L002			24	O4_B001277_S340_L002	24_61_M	Thymus	False	1	False	O4_B001277_S340_L002.mus-6-0-1	exact_library_id_plus_documented_alignment_suffix	O4_B001277_S340_L002.mus-6-0-1-1	one_assay_suffix	24m	1	nan	DN4 thymocyte	nan	DN4 thymocyte	facs	24_61_M	716341.0	1061.0	male	Flowthrough	Thymus	nan	6	5
O4_B001732_S100_L004			24	O4_B001732_S100_L004	24_59_M	Limb_Muscle	False	1	False	O4_B001732_S100_L004.mus-2-0-1	exact_library_id_plus_documented_alignment_suffix	O4_B001732_S100_L004.mus-2-0-1-1	one_assay_suffix	24m	1	nan	T cell	nan	nan	facs	24_59_M	562384.0	891.0	male	ForelimbandHindlimb	Limb_Muscle	nan	4	21
O4_B003234_S100_L004			24	O4_B003234_S100_L004	24_60_M	Lung	False	1	False	O4_B003234_S100_L004.mus-5-0-1	exact_library_id_plus_documented_alignment_suffix	O4_B003234_S100_L004.mus-5-0-1-1	one_assay_suffix	24m	1	nan	CD8-positive, alpha-beta T cell	nan	CD8+ T	facs	24_60_M	1376150.0	3446.0	male	EPCAM	Lung	nan	4	21
O4_B003847_S340_L003			24	O4_B003847_S340_L003	24_60_M	Limb_Muscle	False	1	False	O4_B003847_S340_L003.mus-6-0-1	exact_library_id_plus_documented_alignment_suffix	O4_B003847_S340_L003.mus-6-0-1-1	one_assay_suffix	24m	1	nan	T cell	nan	nan	facs	24_60_M	967998.0	753.0	male	ForelimbandHindlimb	Limb_Muscle	nan	6	5
O5_B000830_S341_L004			24	O5_B000830_S341_L004	24_60_M	Thymus	False	1	False	O5_B000830_S341_L004.mus-8-0-1	exact_library_id_plus_documented_alignment_suffix	O5_B000830_S341_L004.mus-8-0-1-1	one_assay_suffix	24m	1	nan	DN4 thymocyte	nan	DN4 thymocyte	facs	24_60_M	1173211.0	1878.0	male	Flowthrough	Thymus	nan	4	9
O5_B001397_S209_L001			24	O5_B001397_S209_L001	24_59_M	Thymus	False	1	False	O5_B001397_S209_L001.mus-5-0-1	exact_library_id_plus_documented_alignment_suffix	O5_B001397_S209_L001.mus-5-0-1-1	one_assay_suffix	24m	1	nan	DN4 thymocyte	nan	DN4 thymocyte	facs	24_59_M	620879.0	1557.0	male	Flowthrough	Thymus	nan	4	21
O5_B002992_S341_L003			24	O5_B002992_S341_L003	24_61_M	Marrow	False	1	False	O5_B002992_S341_L003.mus-8-0-1	exact_library_id_plus_documented_alignment_suffix	O5_B002992_S341_L003.mus-8-0-1-1	one_assay_suffix	24m	1	nan	mature alpha-beta T cell	nan	BM CD8 + CD4 T cell	facs	24_61_M	314378.0	1278.0	male	T-cells	Marrow	nan	6	5
O5_B003847_S341_L003			24	O5_B003847_S341_L003	24_60_M	Limb_Muscle	False	1	False	O5_B003847_S341_L003.mus-6-0-1	exact_library_id_plus_documented_alignment_suffix	O5_B003847_S341_L003.mus-6-0-1-1	one_assay_suffix	24m	1	nan	T cell	nan	nan	facs	24_60_M	1628571.0	755.0	male	ForelimbandHindlimb	Limb_Muscle	nan	6	5
O6_B001277_S342_L002	15.0	15.0	24	O6_B001277_S342_L002	24_61_M	Thymus	True	15	True	O6_B001277_S342_L002.mus-6-0-1	exact_library_id_plus_documented_alignment_suffix	O6_B001277_S342_L002.mus-6-0-1-1	one_assay_suffix	24m	1	nan	DN4 thymocyte	nan	DN4 thymocyte	facs	24_61_M	696433.0	2154.0	male	Flowthrough	Thymus	nan	4	9
O6_B001385_S114_L003			24	O6_B001385_S114_L003	24_58_M	Thymus	False	1	False	O6_B001385_S114_L003.mus-4-0-1	exact_library_id_plus_documented_alignment_suffix	O6_B001385_S114_L003.mus-4-0-1-1	one_assay_suffix	24m	1	nan	DN4 thymocyte	nan	DN4 thymocyte	facs	24_58_M	857896.0	2303.0	male	Flowthrough	Thymus	nan	6	5
O6_B001615_S78_L001			24	O6_B001615_S78_L001	24_60_M	Brain_Non-Myeloid	False	1	False	O6_B001615_S78_L001.mus-0-0-1	exact_library_id_plus_documented_alignment_suffix	O6_B001615_S78_L001.mus-0-0-1-1	one_assay_suffix	24m	1	nan	CD8-positive, alpha-beta T cell	nan	nan	facs	24_60_M	544521.0	835.0	male	Cortex	Brain_Non-Myeloid	nan	6	5
O6_B002949_S114_L002			24	O6_B002949_S114_L002	24_59_M	Marrow	False	1	False	O6_B002949_S114_L002.mus-5-0-1	exact_library_id_plus_documented_alignment_suffix	O6_B002949_S114_L002.mus-5-0-1-1	one_assay_suffix	24m	1	nan	granulocyte monocyte progenitor cell	nan	granulocyte monocyte progenitor cell	facs	24_59_M	2779440.0	5155.0	male	T-cells	Marrow	nan	16	26
O6_B003031_S138_L004			24	O6_B003031_S138_L004	24_60_M	Marrow	False	1	False	O6_B003031_S138_L004.mus-5-0-1	exact_library_id_plus_documented_alignment_suffix	O6_B003031_S138_L004.mus-5-0-1-1	one_assay_suffix	24m	1	nan	CD4-positive, alpha-beta T cell	nan	BM CD4 T cell	facs	24_60_M	393098.0	800.0	male	T-cells	Marrow	nan	4	21
O6_B003863_S342_L003	61.0	2.0	24	O6_B003863_S342_L003	24_61_M	Limb_Muscle	True	2	True	O6_B003863_S342_L003.mus-6-0-1	exact_library_id_plus_documented_alignment_suffix	O6_B003863_S342_L003.mus-6-0-1-1	one_assay_suffix	24m	1	nan	T cell	nan	nan	facs	24_61_M	1472579.0	1281.0	male	ForelimbandHindlimb	Limb_Muscle	nan	4	9
O7_B000830_S343_L004			24	O7_B000830_S343_L004	24_60_M	Thymus	False	1	False	O7_B000830_S343_L004.mus-8-0-1	exact_library_id_plus_documented_alignment_suffix	O7_B000830_S343_L004.mus-8-0-1-1	one_assay_suffix	24m	1	nan	DN4 thymocyte	nan	DN4 thymocyte	facs	24_60_M	4843926.0	2263.0	male	Flowthrough	Thymus	nan	4	9
O7_B001277_S343_L002			24	O7_B001277_S343_L002	24_61_M	Thymus	False	1	False	O7_B001277_S343_L002.mus-6-0-1	exact_library_id_plus_documented_alignment_suffix	O7_B001277_S343_L002.mus-6-0-1-1	one_assay_suffix	24m	1	nan	DN4 thymocyte	nan	DN4 thymocyte	facs	24_61_M	936704.0	1841.0	male	Flowthrough	Thymus	nan	6	5
O7_B002875_S211_L001			24	O7_B002875_S211_L001	24_59_M	Lung	False	1	False	O7_B002875_S211_L001.mus-2-0-1	exact_library_id_plus_documented_alignment_suffix	O7_B002875_S211_L001.mus-2-0-1-1	one_assay_suffix	24m	1	nan	regulatory T cell	nan	Regulatory T	facs	24_59_M	244365.0	716.0	male	EPCAM	Lung	nan	4	21
O8_B000830_S344_L004			24	O8_B000830_S344_L004	24_60_M	Thymus	False	1	False	O8_B000830_S344_L004.mus-8-0-1	exact_library_id_plus_documented_alignment_suffix	O8_B000830_S344_L004.mus-8-0-1-1	one_assay_suffix	24m	1	nan	DN4 thymocyte	nan	DN4 thymocyte	facs	24_60_M	6520029.0	1851.0	male	Flowthrough	Thymus	nan	6	5
O8_B001385_S116_L003			24	O8_B001385_S116_L003	24_58_M	Thymus	False	1	False	O8_B001385_S116_L003.mus-4-0-1	exact_library_id_plus_documented_alignment_suffix	O8_B001385_S116_L003.mus-4-0-1-1	one_assay_suffix	24m	1	nan	DN4 thymocyte	nan	DN4 thymocyte	facs	24_58_M	532045.0	1704.0	male	Flowthrough	Thymus	nan	4	21
O8_B003863_S344_L003	15.0	15.0	24	O8_B003863_S344_L003	24_61_M	Limb_Muscle	True	15	True	O8_B003863_S344_L003.mus-6-0-1	exact_library_id_plus_documented_alignment_suffix	O8_B003863_S344_L003.mus-6-0-1-1	one_assay_suffix	24m	1	nan	T cell	nan	nan	facs	24_61_M	3801791.0	2460.0	male	ForelimbandHindlimb	Limb_Muscle	nan	4	9
O9_B000322_S345_L004	19.0	7.0	24	O9_B000322_S345_L004	24_61_M	SCAT	True	7	True	O9_B000322_S345_L004.mus-8-0-1	exact_library_id_plus_documented_alignment_suffix	O9_B000322_S345_L004.mus-8-0-1-1	one_assay_suffix	24m	1	nan	CD8-positive, alpha-beta T cell	nan	nan	facs	24_61_M	333842.0	1348.0	male	Fat	SCAT	nan	4	9
O9_B001183_S285_L003			24	O9_B001183_S285_L003	24_59_M	MAT	False	1	False	O9_B001183_S285_L003.mus-1-0-1	exact_library_id_plus_documented_alignment_suffix	O9_B001183_S285_L003.mus-1-0-1-1	one_assay_suffix	24m	1	nan	CD8-positive, alpha-beta T cell	nan	nan	facs	24_59_M	1320688.0	1346.0	male	Fat	MAT	nan	4	9
O9_B001277_S345_L002			24	O9_B001277_S345_L002	24_61_M	Thymus	False	1	False	O9_B001277_S345_L002.mus-6-0-1	exact_library_id_plus_documented_alignment_suffix	O9_B001277_S345_L002.mus-6-0-1-1	one_assay_suffix	24m	1	nan	DN4 thymocyte	nan	DN4 thymocyte	facs	24_61_M	829557.0	1630.0	male	Flowthrough	Thymus	nan	4	9
O9_B001385_S117_L003			24	O9_B001385_S117_L003	24_58_M	Thymus	False	1	False	O9_B001385_S117_L003.mus-4-0-1	exact_library_id_plus_documented_alignment_suffix	O9_B001385_S117_L003.mus-4-0-1-1	one_assay_suffix	24m	1	nan	DN4 thymocyte	nan	DN4 thymocyte	facs	24_58_M	1046365.0	2015.0	male	Flowthrough	Thymus	nan	6	5
O9_B001880_S249_L002	76.0	2.0	24	O9_B001880_S249_L002	24_61_M	BAT	True	2	True	O9_B001880_S249_L002.mus-1-0-1	exact_library_id_plus_documented_alignment_suffix	O9_B001880_S249_L002.mus-1-0-1-1	one_assay_suffix	24m	1	nan	myeloid cell	nan	nan	facs	24_61_M	112707.0	753.0	male	Fat	BAT	nan	4	9
O9_B002892_S69			24	O9_B002892_S69	24_58_M	Marrow	False	1	False	O9_B002892_S69.mus-7-0-1	exact_library_id_plus_documented_alignment_suffix	O9_B002892_S69.mus-7-0-1-1	one_assay_suffix	24m	1	nan	CD4-positive, alpha-beta T cell	nan	BM CD4 T cell	facs	24_58_M	794986.0	1800.0	male	T-cells	Marrow	nan	4	48
O9_B002898_S129			24	O9_B002898_S129	24_58_M	GAT	False	1	False	O9_B002898_S129.mus-7-0-1	exact_library_id_plus_documented_alignment_suffix	O9_B002898_S129.mus-7-0-1-1	one_assay_suffix	24m	1	nan	CD4-positive, alpha-beta T cell	nan	nan	facs	24_58_M	670304.0	717.0	male	Fat	GAT	nan	4	21
O9_B002907_S69_L003			24	O9_B002907_S69_L003	24_59_M	SCAT	False	1	False	O9_B002907_S69_L003.mus-1-0-1	exact_library_id_plus_documented_alignment_suffix	O9_B002907_S69_L003.mus-1-0-1-1	one_assay_suffix	24m	1	nan	NK cell	nan	nan	facs	24_59_M	194083.0	1350.0	male	Fat	SCAT	nan	4	21
O9_B002992_S345_L003			24	O9_B002992_S345_L003	24_61_M	Marrow	False	1	False	O9_B002992_S345_L003.mus-8-0-1	exact_library_id_plus_documented_alignment_suffix	O9_B002992_S345_L003.mus-8-0-1-1	one_assay_suffix	24m	1	nan	mature alpha-beta T cell	nan	BM CD8 + CD4 T cell	facs	24_61_M	4174480.0	1430.0	male	T-cells	Marrow	nan	4	9
O9_B003847_S345_L003			24	O9_B003847_S345_L003	24_60_M	Limb_Muscle	False	1	False	O9_B003847_S345_L003.mus-6-0-1	exact_library_id_plus_documented_alignment_suffix	O9_B003847_S345_L003.mus-6-0-1-1	one_assay_suffix	24m	1	nan	T cell	nan	nan	facs	24_60_M	987228.0	1047.0	male	ForelimbandHindlimb	Limb_Muscle	nan	4	21
P10_B000331_S370_L004			24	P10_B000331_S370_L004	24_61_M	GAT	False	1	False	P10_B000331_S370_L004.mus-6-0-1	exact_library_id_plus_documented_alignment_suffix	P10_B000331_S370_L004.mus-6-0-1-1	one_assay_suffix	24m	1	nan	CD4-positive, alpha-beta T cell	nan	nan	facs	24_61_M	139231.0	1149.0	male	Fat	GAT	nan	4	21
P10_B000332_S178_L003			24	P10_B000332_S178_L003	24_60_M	SCAT	False	1	False	P10_B000332_S178_L003.mus-0-0-1	exact_library_id_plus_documented_alignment_suffix	P10_B000332_S178_L003.mus-0-0-1-1	one_assay_suffix	24m	1	nan	NK cell	nan	nan	facs	24_60_M	172160.0	653.0	male	Fat	SCAT	nan	4	21
P10_B000830_S370_L004			24	P10_B000830_S370_L004	24_60_M	Thymus	False	1	False	P10_B000830_S370_L004.mus-8-0-1	exact_library_id_plus_documented_alignment_suffix	P10_B000830_S370_L004.mus-8-0-1-1	one_assay_suffix	24m	1	nan	DN4 thymocyte	nan	DN4 thymocyte	facs	24_60_M	541281.0	2069.0	male	Flowthrough	Thymus	nan	4	9
P10_B000851_S370_L004			24	P10_B000851_S370_L004	24_61_M	Spleen	False	1	False	P10_B000851_S370_L004.mus-6-0-1	exact_library_id_plus_documented_alignment_suffix	P10_B000851_S370_L004.mus-6-0-1-1	one_assay_suffix	24m	1	nan	CD8-positive, alpha-beta T cell	nan	nan	facs	24_61_M	1161172.0	2156.0	male	nan	Spleen	nan	4	9
P10_B001188_S22			24	P10_B001188_S22	24_58_M	SCAT	False	1	False	P10_B001188_S22.mus-7-0-1	exact_library_id_plus_documented_alignment_suffix	P10_B001188_S22.mus-7-0-1-1	one_assay_suffix	24m	1	nan	NK cell	nan	nan	facs	24_58_M	3018411.0	1391.0	male	Fat	SCAT	nan	4	21
P10_B001277_S370_L002			24	P10_B001277_S370_L002	24_61_M	Thymus	False	1	False	P10_B001277_S370_L002.mus-6-0-1	exact_library_id_plus_documented_alignment_suffix	P10_B001277_S370_L002.mus-6-0-1-1	one_assay_suffix	24m	1	nan	DN4 thymocyte	nan	DN4 thymocyte	facs	24_61_M	750230.0	1819.0	male	Flowthrough	Thymus	nan	6	5
P10_B001385_S142_L003			24	P10_B001385_S142_L003	24_58_M	Thymus	False	1	False	P10_B001385_S142_L003.mus-4-0-1	exact_library_id_plus_documented_alignment_suffix	P10_B001385_S142_L003.mus-4-0-1-1	one_assay_suffix	24m	1	nan	DN4 thymocyte	nan	DN4 thymocyte	facs	24_58_M	2436661.0	2722.0	male	Flowthrough	Thymus	nan	6	5
P10_B001732_S130_L004			24	P10_B001732_S130_L004	24_59_M	Limb_Muscle	False	1	False	P10_B001732_S130_L004.mus-2-0-1	exact_library_id_plus_documented_alignment_suffix	P10_B001732_S130_L004.mus-2-0-1-1	one_assay_suffix	24m	1	nan	T cell	nan	nan	facs	24_59_M	52657.0	702.0	male	ForelimbandHindlimb	Limb_Muscle	nan	4	5
P10_B001744_S58_L002	6.0	2.0	24	P10_B001744_S58_L002	24_60_M	Diaphragm	True	2	True	P10_B001744_S58_L002.mus-5-0-1	exact_library_id_plus_documented_alignment_suffix	P10_B001744_S58_L002.mus-5-0-1-1	one_assay_suffix	24m	1	nan	T cell	nan	nan	facs	24_60_M	951981.0	1391.0	male	Limb_Muscle	Diaphragm	nan	4	9
P10_B002892_S94			24	P10_B002892_S94	24_58_M	Marrow	False	1	False	P10_B002892_S94.mus-7-0-1	exact_library_id_plus_documented_alignment_suffix	P10_B002892_S94.mus-7-0-1-1	one_assay_suffix	24m	1	nan	NK cell	nan	NK cell	facs	24_58_M	1397825.0	1172.0	male	T-cells	Marrow	nan	4	9
P10_B003847_S370_L003			24	P10_B003847_S370_L003	24_60_M	Limb_Muscle	False	1	False	P10_B003847_S370_L003.mus-6-0-1	exact_library_id_plus_documented_alignment_suffix	P10_B003847_S370_L003.mus-6-0-1-1	one_assay_suffix	24m	1	nan	T cell	nan	nan	facs	24_60_M	751825.0	690.0	male	ForelimbandHindlimb	Limb_Muscle	nan	6	5
P10_B003902_S190_L002	38.0	8.0	24	P10_B003902_S190_L002	24_59_M	Liver	True	7	True	P10_B003902_S190_L002.mus-2-0-1	exact_library_id_plus_documented_alignment_suffix	P10_B003902_S190_L002.mus-2-0-1-1	one_assay_suffix	24m	1	nan	T cell	nan	nan	facs	24_59_M	61425.0	1683.0	male	Non-hepatocytes	Liver	nan	4	9
P11_B000333_S215_L004	75.0	3.0	24	P11_B000333_S215_L004	24_60_M	MAT	True	3	True	P11_B000333_S215_L004.mus-0-0-1	exact_library_id_plus_documented_alignment_suffix	P11_B000333_S215_L004.mus-0-0-1-1	one_assay_suffix	24m	1	nan	CD8-positive, alpha-beta T cell	nan	nan	facs	24_60_M	468855.0	1524.0	male	Fat	MAT	nan	4	9
P11_B000830_S371_L004	40.0	2.0	24	P11_B000830_S371_L004	24_60_M	Thymus	True	2	True	P11_B000830_S371_L004.mus-8-0-1	exact_library_id_plus_documented_alignment_suffix	P11_B000830_S371_L004.mus-8-0-1-1	one_assay_suffix	24m	1	nan	DN4 thymocyte	nan	DN4 thymocyte	facs	24_60_M	97505.0	1444.0	male	Flowthrough	Thymus	nan	4	21
P11_B000834_S299_L004			24	P11_B000834_S299_L004	24_60_M	BAT	False	1	False	P11_B000834_S299_L004.mus-0-0-1	exact_library_id_plus_documented_alignment_suffix	P11_B000834_S299_L004.mus-0-0-1-1	one_assay_suffix	24m	1	nan	T cell	nan	nan	facs	24_60_M	30126.0	977.0	male	Fat	BAT	nan	6	5
P11_B001183_S11_L003			24	P11_B001183_S11_L003	24_59_M	MAT	False	1	False	P11_B001183_S11_L003.mus-1-0-1	exact_library_id_plus_documented_alignment_suffix	P11_B001183_S11_L003.mus-1-0-1-1	one_assay_suffix	24m	1	nan	CD8-positive, alpha-beta T cell	nan	nan	facs	24_59_M	2170107.0	1585.0	male	Fat	MAT	nan	4	9
P11_B001190_S107			24	P11_B001190_S107	24_58_M	MAT	False	1	False	P11_B001190_S107.mus-7-0-1	exact_library_id_plus_documented_alignment_suffix	P11_B001190_S107.mus-7-0-1-1	one_assay_suffix	24m	1	nan	CD8-positive, alpha-beta T cell	nan	nan	facs	24_58_M	366939.0	1389.0	male	Fat	MAT	nan	4	5
P11_B001732_S131_L004			24	P11_B001732_S131_L004	24_59_M	Limb_Muscle	False	1	False	P11_B001732_S131_L004.mus-2-0-1	exact_library_id_plus_documented_alignment_suffix	P11_B001732_S131_L004.mus-2-0-1-1	one_assay_suffix	24m	1	nan	T cell	nan	nan	facs	24_59_M	25515.0	618.0	male	ForelimbandHindlimb	Limb_Muscle	nan	6	5
P11_B002900_S179_L003			24	P11_B002900_S179_L003	24_59_M	GAT	False	1	False	P11_B002900_S179_L003.mus-4-0-1	exact_library_id_plus_documented_alignment_suffix	P11_B002900_S179_L003.mus-4-0-1-1	one_assay_suffix	24m	1	nan	CD4-positive, alpha-beta T cell	nan	nan	facs	24_59_M	678098.0	1259.0	male	Fat	GAT	nan	4	9
P11_B003863_S371_L003	42.0	10.0	24	P11_B003863_S371_L003	24_61_M	Limb_Muscle	True	10	True	P11_B003863_S371_L003.mus-6-0-1	exact_library_id_plus_documented_alignment_suffix	P11_B003863_S371_L003.mus-6-0-1-1	one_assay_suffix	24m	1	nan	T cell	nan	nan	facs	24_61_M	1788927.0	1556.0	male	ForelimbandHindlimb	Limb_Muscle	nan	4	9
P12_B000322_S372_L004	42.0	10.0	24	P12_B000322_S372_L004	24_61_M	SCAT	True	10	True	P12_B000322_S372_L004.mus-8-0-1	exact_library_id_plus_documented_alignment_suffix	P12_B000322_S372_L004.mus-8-0-1-1	one_assay_suffix	24m	1	nan	CD8-positive, alpha-beta T cell	nan	nan	facs	24_61_M	249806.0	2633.0	male	Fat	SCAT	nan	4	9
P12_B000848_S48_L003			24	P12_B000848_S48_L003	24_60_M	Spleen	False	1	False	P12_B000848_S48_L003.mus-5-0-1	exact_library_id_plus_documented_alignment_suffix	P12_B000848_S48_L003.mus-5-0-1-1	one_assay_suffix	24m	1	nan	CD4-positive, alpha-beta T cell	nan	Cd3e T cell	facs	24_60_M	507924.0	1410.0	male	nan	Spleen	nan	4	21
P12_B001183_S12_L003			24	P12_B001183_S12_L003	24_59_M	MAT	False	1	False	P12_B001183_S12_L003.mus-1-0-1	exact_library_id_plus_documented_alignment_suffix	P12_B001183_S12_L003.mus-1-0-1-1	one_assay_suffix	24m	1	nan	CD8-positive, alpha-beta T cell	nan	nan	facs	24_59_M	2273257.0	1770.0	male	Fat	MAT	nan	4	9
P12_B001188_S24			24	P12_B001188_S24	24_58_M	SCAT	False	1	False	P12_B001188_S24.mus-7-0-1	exact_library_id_plus_documented_alignment_suffix	P12_B001188_S24.mus-7-0-1-1	one_assay_suffix	24m	1	nan	NK cell	nan	nan	facs	24_58_M	174185.0	829.0	male	Fat	SCAT	nan	4	9
P12_B001190_S108			24	P12_B001190_S108	24_58_M	MAT	False	1	False	P12_B001190_S108.mus-7-0-1	exact_library_id_plus_documented_alignment_suffix	P12_B001190_S108.mus-7-0-1-1	one_assay_suffix	24m	1	nan	CD8-positive, alpha-beta T cell	nan	nan	facs	24_58_M	359215.0	1301.0	male	Fat	MAT	nan	4	9
P12_B001277_S372_L002			24	P12_B001277_S372_L002	24_61_M	Thymus	False	1	False	P12_B001277_S372_L002.mus-6-0-1	exact_library_id_plus_documented_alignment_suffix	P12_B001277_S372_L002.mus-6-0-1-1	one_assay_suffix	24m	1	nan	thymocyte	nan	proliferating thymocyte; DN to DP transition, dividing (some are Cd8+/ Cd4+, some undergoing VDJ recombination)	facs	24_61_M	2041137.0	3669.0	male	Flowthrough	Thymus	nan	21	23
P12_B002892_S96			24	P12_B002892_S96	24_58_M	Marrow	False	1	False	P12_B002892_S96.mus-7-0-1	exact_library_id_plus_documented_alignment_suffix	P12_B002892_S96.mus-7-0-1-1	one_assay_suffix	24m	1	nan	NK cell	nan	Klrb1a/b/c(-) NK cell	facs	24_58_M	14659.0	1109.0	male	T-cells	Marrow	nan	11	7
P12_B003847_S372_L003			24	P12_B003847_S372_L003	24_60_M	Limb_Muscle	False	1	False	P12_B003847_S372_L003.mus-6-0-1	exact_library_id_plus_documented_alignment_suffix	P12_B003847_S372_L003.mus-6-0-1-1	one_assay_suffix	24m	1	nan	T cell	nan	nan	facs	24_60_M	1222958.0	1211.0	male	ForelimbandHindlimb	Limb_Muscle	nan	4	9
P12_B003863_S372_L003			24	P12_B003863_S372_L003	24_61_M	Limb_Muscle	False	1	False	P12_B003863_S372_L003.mus-6-0-1	exact_library_id_plus_documented_alignment_suffix	P12_B003863_S372_L003.mus-6-0-1-1	one_assay_suffix	24m	1	nan	T cell	nan	nan	facs	24_61_M	936922.0	891.0	male	ForelimbandHindlimb	Limb_Muscle	nan	4	21
P13_B001188_S25			24	P13_B001188_S25	24_58_M	SCAT	False	1	False	P13_B001188_S25.mus-7-0-1	exact_library_id_plus_documented_alignment_suffix	P13_B001188_S25.mus-7-0-1-1	one_assay_suffix	24m	1	nan	NK cell	nan	nan	facs	24_58_M	378800.0	1114.0	male	Fat	SCAT	nan	4	21
P13_B001385_S145_L003			24	P13_B001385_S145_L003	24_58_M	Thymus	False	1	False	P13_B001385_S145_L003.mus-4-0-1	exact_library_id_plus_documented_alignment_suffix	P13_B001385_S145_L003.mus-4-0-1-1	one_assay_suffix	24m	1	nan	thymocyte	nan	proliferating thymocyte; DN to DP transition, dividing (some are Cd8+/ Cd4+, some undergoing VDJ recombination)	facs	24_58_M	1738351.0	2620.0	male	Flowthrough	Thymus	nan	21	23
P13_B001397_S241_L001			24	P13_B001397_S241_L001	24_59_M	Thymus	False	1	False	P13_B001397_S241_L001.mus-5-0-1	exact_library_id_plus_documented_alignment_suffix	P13_B001397_S241_L001.mus-5-0-1-1	one_assay_suffix	24m	1	nan	thymocyte	nan	proliferating thymocyte; DN to DP transition, dividing (some are Cd8+/ Cd4+, some undergoing VDJ recombination)	facs	24_59_M	955326.0	2307.0	male	Flowthrough	Thymus	nan	21	23
P13_B001732_S133_L004			24	P13_B001732_S133_L004	24_59_M	Limb_Muscle	False	1	False	P13_B001732_S133_L004.mus-2-0-1	exact_library_id_plus_documented_alignment_suffix	P13_B001732_S133_L004.mus-2-0-1-1	one_assay_suffix	24m	1	nan	T cell	nan	nan	facs	24_59_M	16367.0	699.0	male	ForelimbandHindlimb	Limb_Muscle	nan	4	5
P13_B002900_S181_L003			24	P13_B002900_S181_L003	24_59_M	GAT	False	1	False	P13_B002900_S181_L003.mus-4-0-1	exact_library_id_plus_documented_alignment_suffix	P13_B002900_S181_L003.mus-4-0-1-1	one_assay_suffix	24m	1	nan	CD8-positive, alpha-beta T cell	nan	nan	facs	24_59_M	1597165.0	2020.0	male	Fat	GAT	nan	4	9
P13_B003233_S373_L003			24	P13_B003233_S373_L003	24_61_M	Heart	False	1	False	P13_B003233_S373_L003.mus-8-0-1	exact_library_id_plus_documented_alignment_suffix	P13_B003233_S373_L003.mus-8-0-1-1	one_assay_suffix	24m	1	nan	T cell	nan	T cell	facs	24_61_M	2671073.0	1273.0	male	RV	Heart	nan	6	21
P13_B003863_S373_L003			24	P13_B003863_S373_L003	24_61_M	Limb_Muscle	False	1	False	P13_B003863_S373_L003.mus-6-0-1	exact_library_id_plus_documented_alignment_suffix	P13_B003863_S373_L003.mus-6-0-1-1	one_assay_suffix	24m	1	nan	T cell	nan	nan	facs	24_61_M	1104987.0	1032.0	male	ForelimbandHindlimb	Limb_Muscle	nan	4	21
P14_B000834_S2_L004	75.0	3.0	24	P14_B000834_S2_L004	24_60_M	BAT	True	3	True	P14_B000834_S2_L004.mus-0-0-1	exact_library_id_plus_documented_alignment_suffix	P14_B000834_S2_L004.mus-0-0-1-1	one_assay_suffix	24m	1	nan	T cell	nan	nan	facs	24_60_M	43272.0	1250.0	male	Fat	BAT	nan	4	9
P14_B001256_S110_L002			24	P14_B001256_S110_L002	24_59_M	Thymus	False	1	False	P14_B001256_S110_L002.mus-1-0-1	exact_library_id_plus_documented_alignment_suffix		unmatched																
P14_B001385_S146_L003			24	P14_B001385_S146_L003	24_58_M	Thymus	False	1	False	P14_B001385_S146_L003.mus-4-0-1	exact_library_id_plus_documented_alignment_suffix	P14_B001385_S146_L003.mus-4-0-1-1	one_assay_suffix	24m	1	nan	thymocyte	nan	proliferating thymocyte; DN to DP transition, dividing (some are Cd8+/ Cd4+, some undergoing VDJ recombination)	facs	24_58_M	1370485.0	2827.0	male	Flowthrough	Thymus	nan	21	23
P14_B001397_S242_L001			24	P14_B001397_S242_L001	24_59_M	Thymus	False	1	False	P14_B001397_S242_L001.mus-5-0-1	exact_library_id_plus_documented_alignment_suffix	P14_B001397_S242_L001.mus-5-0-1-1	one_assay_suffix	24m	1	nan	thymocyte	nan	proliferating thymocyte; DN to DP transition, dividing (some are Cd8+/ Cd4+, some undergoing VDJ recombination)	facs	24_59_M	2937099.0	4521.0	male	Flowthrough	Thymus	nan	21	23
P14_B001732_S134_L004	38.0	8.0	24	P14_B001732_S134_L004	24_59_M	Limb_Muscle	True	7	True	P14_B001732_S134_L004.mus-2-0-1	exact_library_id_plus_documented_alignment_suffix	P14_B001732_S134_L004.mus-2-0-1-1	one_assay_suffix	24m	1	nan	T cell	nan	nan	facs	24_59_M	161943.0	970.0	male	ForelimbandHindlimb	Limb_Muscle	nan	4	9
P14_B002493_S74_L001			24	P14_B002493_S74_L001	24_59_M	Diaphragm	False	1	False	P14_B002493_S74_L001.mus-2-0-1	exact_library_id_plus_documented_alignment_suffix	P14_B002493_S74_L001.mus-2-0-1-1	one_assay_suffix	24m	1	nan	T cell	nan	nan	facs	24_59_M	222757.0	1431.0	male	Limb_Muscle	Diaphragm	nan	4	21
P14_B003031_S170_L004			24	P14_B003031_S170_L004	24_60_M	Marrow	False	1	False	P14_B003031_S170_L004.mus-5-0-1	exact_library_id_plus_documented_alignment_suffix	P14_B003031_S170_L004.mus-5-0-1-1	one_assay_suffix	24m	1	nan	early pro-B cell	nan	early pro B cell	facs	24_60_M	156146.0	3211.0	male	T-cells	Marrow	nan	16	35
P14_B003863_S374_L003			24	P14_B003863_S374_L003	24_61_M	Limb_Muscle	False	1	False	P14_B003863_S374_L003.mus-6-0-1	exact_library_id_plus_documented_alignment_suffix	P14_B003863_S374_L003.mus-6-0-1-1	one_assay_suffix	24m	1	nan	T cell	nan	nan	facs	24_61_M	1620989.0	872.0	male	ForelimbandHindlimb	Limb_Muscle	nan	6	5
P15_B000337_S267_L003	77.0	5.0	24	P15_B000337_S267_L003	24_60_M	GAT	True	5	True	P15_B000337_S267_L003.mus-0-0-1	exact_library_id_plus_documented_alignment_suffix	P15_B000337_S267_L003.mus-0-0-1-1	one_assay_suffix	24m	1	nan	B cell	nan	nan	facs	24_60_M	1164745.0	1967.0	male	Fat	GAT	nan	4	48
P15_B001183_S15_L003			24	P15_B001183_S15_L003	24_59_M	MAT	False	1	False	P15_B001183_S15_L003.mus-1-0-1	exact_library_id_plus_documented_alignment_suffix	P15_B001183_S15_L003.mus-1-0-1-1	one_assay_suffix	24m	1	nan	CD8-positive, alpha-beta T cell	nan	nan	facs	24_59_M	1493638.0	1673.0	male	Fat	MAT	nan	6	5
P15_B001190_S111	11.0	2.0	24	P15_B001190_S111	24_58_M	MAT	True	2	True	P15_B001190_S111.mus-7-0-1	exact_library_id_plus_documented_alignment_suffix	P15_B001190_S111.mus-7-0-1-1	one_assay_suffix	24m	1	nan	CD4-positive, alpha-beta T cell	nan	nan	facs	24_58_M	217770.0	974.0	male	Fat	MAT	nan	6	5
P15_B001261_S51_L003			24	P15_B001261_S51_L003	24_59_M	Kidney	False	1	False	P15_B001261_S51_L003.mus-2-0-1	exact_library_id_plus_documented_alignment_suffix	P15_B001261_S51_L003.mus-2-0-1-1	one_assay_suffix	24m	1	nan	T cell	nan	T cell	facs	24_59_M	641865.0	2184.0	male	nan	Kidney	nan	4	9
P15_B001277_S375_L002			24	P15_B001277_S375_L002	24_61_M	Thymus	False	1	False	P15_B001277_S375_L002.mus-6-0-1	exact_library_id_plus_documented_alignment_suffix	P15_B001277_S375_L002.mus-6-0-1-1	one_assay_suffix	24m	1	nan	thymocyte	nan	proliferating thymocyte; DN to DP transition, dividing (some are Cd8+/ Cd4+, some undergoing VDJ recombination)	facs	24_61_M	1391951.0	3047.0	male	Flowthrough	Thymus	nan	6	5
P15_B001397_S243_L001			24	P15_B001397_S243_L001	24_59_M	Thymus	False	1	False	P15_B001397_S243_L001.mus-5-0-1	exact_library_id_plus_documented_alignment_suffix	P15_B001397_S243_L001.mus-5-0-1-1	one_assay_suffix	24m	1	nan	thymocyte	nan	proliferating thymocyte; DN to DP transition, dividing (some are Cd8+/ Cd4+, some undergoing VDJ recombination)	facs	24_59_M	779576.0	2470.0	male	Flowthrough	Thymus	nan	21	23
P15_B002493_S75_L001			24	P15_B002493_S75_L001	24_59_M	Diaphragm	False	1	False	P15_B002493_S75_L001.mus-2-0-1	exact_library_id_plus_documented_alignment_suffix	P15_B002493_S75_L001.mus-2-0-1-1	one_assay_suffix	24m	1	nan	T cell	nan	nan	facs	24_59_M	143444.0	976.0	male	Limb_Muscle	Diaphragm	nan	4	21
P15_B002892_S99			24	P15_B002892_S99	24_58_M	Marrow	False	1	False	P15_B002892_S99.mus-7-0-1	exact_library_id_plus_documented_alignment_suffix	P15_B002892_S99.mus-7-0-1-1	one_assay_suffix	24m	1	nan	NK cell	nan	NK cell	facs	24_58_M	455389.0	970.0	male	T-cells	Marrow	nan	4	9
P15_B002900_S183_L003	93.0	3.0	24	P15_B002900_S183_L003	24_59_M	GAT	True	3	True	P15_B002900_S183_L003.mus-4-0-1	exact_library_id_plus_documented_alignment_suffix	P15_B002900_S183_L003.mus-4-0-1-1	one_assay_suffix	24m	1	nan	CD4-positive, alpha-beta T cell	nan	nan	facs	24_59_M	380294.0	1346.0	male	Fat	GAT	nan	4	9
P15_B003847_S375_L003			24	P15_B003847_S375_L003	24_60_M	Limb_Muscle	False	1	False	P15_B003847_S375_L003.mus-6-0-1	exact_library_id_plus_documented_alignment_suffix	P15_B003847_S375_L003.mus-6-0-1-1	one_assay_suffix	24m	1	nan	T cell	nan	nan	facs	24_60_M	1183006.0	931.0	male	ForelimbandHindlimb	Limb_Muscle	nan	4	21
P15_B003863_S375_L003			24	P15_B003863_S375_L003	24_61_M	Limb_Muscle	False	1	False	P15_B003863_S375_L003.mus-6-0-1	exact_library_id_plus_documented_alignment_suffix	P15_B003863_S375_L003.mus-6-0-1-1	one_assay_suffix	24m	1	nan	T cell	nan	nan	facs	24_61_M	996625.0	889.0	male	ForelimbandHindlimb	Limb_Muscle	nan	4	21
P16_B001183_S16_L003			24	P16_B001183_S16_L003	24_59_M	MAT	False	1	False	P16_B001183_S16_L003.mus-1-0-1	exact_library_id_plus_documented_alignment_suffix	P16_B001183_S16_L003.mus-1-0-1-1	one_assay_suffix	24m	1	nan	CD4-positive, alpha-beta T cell	nan	nan	facs	24_59_M	1554846.0	1523.0	male	Fat	MAT	nan	4	21
P16_B001190_S112			24	P16_B001190_S112	24_58_M	MAT	False	1	False	P16_B001190_S112.mus-7-0-1	exact_library_id_plus_documented_alignment_suffix	P16_B001190_S112.mus-7-0-1-1	one_assay_suffix	24m	1	nan	CD4-positive, alpha-beta T cell	nan	nan	facs	24_58_M	265442.0	826.0	male	Fat	MAT	nan	6	5
P16_B001265_S64_L002			24	P16_B001265_S64_L002	24_59_M	Spleen	False	1	False	P16_B001265_S64_L002.mus-2-0-1	exact_library_id_plus_documented_alignment_suffix	P16_B001265_S64_L002.mus-2-0-1-1	one_assay_suffix	24m	1	nan	CD4-positive, alpha-beta T cell	nan	Cd3e T cell	facs	24_59_M	1093398.0	1346.0	male	nan	Spleen	nan	4	21
P16_B001277_S376_L002			24	P16_B001277_S376_L002	24_61_M	Thymus	False	1	False	P16_B001277_S376_L002.mus-6-0-1	exact_library_id_plus_documented_alignment_suffix	P16_B001277_S376_L002.mus-6-0-1-1	one_assay_suffix	24m	1	nan	thymocyte	nan	proliferating thymocyte; DN to DP transition, dividing (some are Cd8+/ Cd4+, some undergoing VDJ recombination)	facs	24_61_M	3409546.0	5089.0	male	Flowthrough	Thymus	nan	21	23
P16_B001385_S148_L003			24	P16_B001385_S148_L003	24_58_M	Thymus	False	1	False	P16_B001385_S148_L003.mus-4-0-1	exact_library_id_plus_documented_alignment_suffix	P16_B001385_S148_L003.mus-4-0-1-1	one_assay_suffix	24m	1	nan	DN4 thymocyte	nan	DN4 thymocyte	facs	24_58_M	791517.0	2072.0	male	Flowthrough	Thymus	nan	21	23
P16_B001397_S244_L001			24	P16_B001397_S244_L001	24_59_M	Thymus	False	1	False	P16_B001397_S244_L001.mus-5-0-1	exact_library_id_plus_documented_alignment_suffix	P16_B001397_S244_L001.mus-5-0-1-1	one_assay_suffix	24m	1	nan	thymocyte	nan	proliferating thymocyte; DN to DP transition, dividing (some are Cd8+/ Cd4+, some undergoing VDJ recombination)	facs	24_59_M	2644291.0	4547.0	male	Flowthrough	Thymus	nan	21	23
P16_B001740_S196_L002			24	P16_B001740_S196_L002	24_58_M	Limb_Muscle	False	1	False	P16_B001740_S196_L002.mus-4-0-1	exact_library_id_plus_documented_alignment_suffix	P16_B001740_S196_L002.mus-4-0-1-1	one_assay_suffix	24m	1	nan	T cell	nan	nan	facs	24_58_M	734585.0	837.0	male	ForelimbandHindlimb	Limb_Muscle	nan	4	5
P16_B002949_S148_L002			24	P16_B002949_S148_L002	24_59_M	Marrow	False	1	False	P16_B002949_S148_L002.mus-5-0-1	exact_library_id_plus_documented_alignment_suffix	P16_B002949_S148_L002.mus-5-0-1-1	one_assay_suffix	24m	1	nan	CD4-positive, alpha-beta T cell	nan	BM CD4 T cell	facs	24_59_M	82737.0	742.0	male	T-cells	Marrow	nan	4	21
P16_B003847_S376_L003			24	P16_B003847_S376_L003	24_60_M	Limb_Muscle	False	1	False	P16_B003847_S376_L003.mus-6-0-1	exact_library_id_plus_documented_alignment_suffix	P16_B003847_S376_L003.mus-6-0-1-1	one_assay_suffix	24m	1	nan	T cell	nan	nan	facs	24_60_M	379206.0	1113.0	male	ForelimbandHindlimb	Limb_Muscle	nan	4	9
P17_B000848_S53_L003			24	P17_B000848_S53_L003	24_60_M	Spleen	False	1	False	P17_B000848_S53_L003.mus-5-0-1	exact_library_id_plus_documented_alignment_suffix	P17_B000848_S53_L003.mus-5-0-1-1	one_assay_suffix	24m	1	nan	CD8-positive, alpha-beta T cell	nan	Cd3e T cell	facs	24_60_M	695809.0	1851.0	male	nan	Spleen	nan	6	5
P17_B000851_S377_L004	30.0	4.0	24	P17_B000851_S377_L004	24_61_M	Spleen	True	4	True	P17_B000851_S377_L004.mus-6-0-1	exact_library_id_plus_documented_alignment_suffix	P17_B000851_S377_L004.mus-6-0-1-1	one_assay_suffix	24m	1	nan	CD8-positive, alpha-beta T cell	nan	nan	facs	24_61_M	128358.0	1136.0	male	nan	Spleen	nan	4	9
P17_B002892_S101			24	P17_B002892_S101	24_58_M	Marrow	False	1	False	P17_B002892_S101.mus-7-0-1	exact_library_id_plus_documented_alignment_suffix	P17_B002892_S101.mus-7-0-1-1	one_assay_suffix	24m	1	nan	CD4-positive, alpha-beta T cell	nan	BM CD4 T cell	facs	24_58_M	526479.0	582.0	male	T-cells	Marrow	nan	4	5
P17_B002949_S149_L002			24	P17_B002949_S149_L002	24_59_M	Marrow	False	1	False	P17_B002949_S149_L002.mus-5-0-1	exact_library_id_plus_documented_alignment_suffix	P17_B002949_S149_L002.mus-5-0-1-1	one_assay_suffix	24m	1	nan	CD4-positive, alpha-beta T cell	nan	BM CD4 T cell	facs	24_59_M	572111.0	897.0	male	T-cells	Marrow	nan	4	21
P18_B000848_S54_L003			24	P18_B000848_S54_L003	24_60_M	Spleen	False	1	False	P18_B000848_S54_L003.mus-5-0-1	exact_library_id_plus_documented_alignment_suffix	P18_B000848_S54_L003.mus-5-0-1-1	one_assay_suffix	24m	1	nan	CD4-positive, alpha-beta T cell	nan	Cd3e T cell	facs	24_60_M	764419.0	1583.0	male	nan	Spleen	nan	4	21
P18_B002988_S90_L004	7.0	12.0	24	P18_B002988_S90_L004	24_60_M	Trachea	True	12	True	P18_B002988_S90_L004.mus-5-0-1	exact_library_id_plus_documented_alignment_suffix	P18_B002988_S90_L004.mus-5-0-1-1	one_assay_suffix	24m	1	nan	T cell	nan	nan	facs	24_60_M	572863.0	1404.0	male	nan	Trachea	nan	4	9
P18_B003031_S174_L004			24	P18_B003031_S174_L004	24_60_M	Marrow	False	1	False	P18_B003031_S174_L004.mus-5-0-1	exact_library_id_plus_documented_alignment_suffix	P18_B003031_S174_L004.mus-5-0-1-1	one_assay_suffix	24m	1	nan	mature alpha-beta T cell	nan	BM CD8 + CD4 T cell	facs	24_60_M	75573.0	2039.0	male	T-cells	Marrow	nan	6	5
P18_B003847_S378_L003			24	P18_B003847_S378_L003	24_60_M	Limb_Muscle	False	1	False	P18_B003847_S378_L003.mus-6-0-1	exact_library_id_plus_documented_alignment_suffix	P18_B003847_S378_L003.mus-6-0-1-1	one_assay_suffix	24m	1	nan	T cell	nan	nan	facs	24_60_M	332929.0	689.0	male	ForelimbandHindlimb	Limb_Muscle	nan	4	9
P18_B003863_S378_L003			24	P18_B003863_S378_L003	24_61_M	Limb_Muscle	False	1	False	P18_B003863_S378_L003.mus-6-0-1	exact_library_id_plus_documented_alignment_suffix	P18_B003863_S378_L003.mus-6-0-1-1	one_assay_suffix	24m	1	nan	T cell	nan	nan	facs	24_61_M	1304596.0	1380.0	male	ForelimbandHindlimb	Limb_Muscle	nan	4	9
P18_B003902_S198_L002	24.0	34.0	24	P18_B003902_S198_L002	24_59_M	Liver	True	34	True	P18_B003902_S198_L002.mus-2-0-1	exact_library_id_plus_documented_alignment_suffix	P18_B003902_S198_L002.mus-2-0-1-1	one_assay_suffix	24m	1	nan	CD8-positive, alpha-beta T cell	nan	nan	facs	24_59_M	46159.0	1235.0	male	Non-hepatocytes	Liver	nan	4	9
P19_B000848_S55_L003	99.0	2.0	24	P19_B000848_S55_L003	24_60_M	Spleen	True	1	False	P19_B000848_S55_L003.mus-5-0-1	exact_library_id_plus_documented_alignment_suffix	P19_B000848_S55_L003.mus-5-0-1-1	one_assay_suffix	24m	1	nan	CD8-positive, alpha-beta T cell	nan	nan	facs	24_60_M	534404.0	1460.0	male	nan	Spleen	nan	4	9
P19_B000851_S379_L004			24	P19_B000851_S379_L004	24_61_M	Spleen	False	1	False	P19_B000851_S379_L004.mus-6-0-1	exact_library_id_plus_documented_alignment_suffix	P19_B000851_S379_L004.mus-6-0-1-1	one_assay_suffix	24m	1	nan	CD8-positive, alpha-beta T cell	nan	nan	facs	24_61_M	231081.0	2161.0	male	nan	Spleen	nan	4	9
P19_B001397_S247_L001			24	P19_B001397_S247_L001	24_59_M	Thymus	False	1	False	P19_B001397_S247_L001.mus-5-0-1	exact_library_id_plus_documented_alignment_suffix	P19_B001397_S247_L001.mus-5-0-1-1	one_assay_suffix	24m	1	nan	thymocyte	nan	proliferating thymocyte; DN to DP transition, dividing (some are Cd8+/ Cd4+, some undergoing VDJ recombination)	facs	24_59_M	679673.0	1936.0	male	Flowthrough	Thymus	nan	21	23
P19_B003031_S175_L004			24	P19_B003031_S175_L004	24_60_M	Marrow	False	1	False	P19_B003031_S175_L004.mus-5-0-1	exact_library_id_plus_documented_alignment_suffix	P19_B003031_S175_L004.mus-5-0-1-1	one_assay_suffix	24m	1	nan	CD4-positive, alpha-beta T cell	nan	BM CD4 T cell	facs	24_60_M	72686.0	1987.0	male	T-cells	Marrow	nan	0	48
P19_B003863_S379_L003	45.0	2.0	24	P19_B003863_S379_L003	24_61_M	Limb_Muscle	True	2	True	P19_B003863_S379_L003.mus-6-0-1	exact_library_id_plus_documented_alignment_suffix	P19_B003863_S379_L003.mus-6-0-1-1	one_assay_suffix	24m	1	nan	T cell	nan	nan	facs	24_61_M	914915.0	928.0	male	ForelimbandHindlimb	Limb_Muscle	nan	4	21
P1_B001277_S361_L002			24	P1_B001277_S361_L002	24_61_M	Thymus	False	1	False	P1_B001277_S361_L002.mus-6-0-1	exact_library_id_plus_documented_alignment_suffix	P1_B001277_S361_L002.mus-6-0-1-1	one_assay_suffix	24m	1	nan	DN4 thymocyte	nan	DN4 thymocyte	facs	24_61_M	591778.0	1413.0	male	Flowthrough	Thymus	nan	6	5
P1_B001732_S121_L004			24	P1_B001732_S121_L004	24_59_M	Limb_Muscle	False	1	False	P1_B001732_S121_L004.mus-2-0-1	exact_library_id_plus_documented_alignment_suffix	P1_B001732_S121_L004.mus-2-0-1-1	one_assay_suffix	24m	1	nan	T cell	nan	nan	facs	24_59_M	229909.0	721.0	male	ForelimbandHindlimb	Limb_Muscle	nan	6	5
P1_B001744_S49_L002			24	P1_B001744_S49_L002	24_60_M	Diaphragm	False	1	False	P1_B001744_S49_L002.mus-5-0-1	exact_library_id_plus_documented_alignment_suffix	P1_B001744_S49_L002.mus-5-0-1-1	one_assay_suffix	24m	1	nan	T cell	nan	nan	facs	24_60_M	1904891.0	1565.0	male	Limb_Muscle	Diaphragm	nan	6	5
P20_B001277_S380_L002			24	P20_B001277_S380_L002	24_61_M	Thymus	False	1	False	P20_B001277_S380_L002.mus-6-0-1	exact_library_id_plus_documented_alignment_suffix	P20_B001277_S380_L002.mus-6-0-1-1	one_assay_suffix	24m	1	nan	DN4 thymocyte	nan	DN4 thymocyte	facs	24_61_M	650201.0	1769.0	male	Flowthrough	Thymus	nan	4	9
P20_B001385_S152_L003			24	P20_B001385_S152_L003	24_58_M	Thymus	False	1	False	P20_B001385_S152_L003.mus-4-0-1	exact_library_id_plus_documented_alignment_suffix	P20_B001385_S152_L003.mus-4-0-1-1	one_assay_suffix	24m	1	nan	thymocyte	nan	proliferating thymocyte; DN to DP transition, dividing (some are Cd8+/ Cd4+, some undergoing VDJ recombination)	facs	24_58_M	2165555.0	2288.0	male	Flowthrough	Thymus	nan	21	23
P20_B001397_S248_L001			24	P20_B001397_S248_L001	24_59_M	Thymus	False	1	False	P20_B001397_S248_L001.mus-5-0-1	exact_library_id_plus_documented_alignment_suffix	P20_B001397_S248_L001.mus-5-0-1-1	one_assay_suffix	24m	1	nan	thymocyte	nan	proliferating thymocyte; DN to DP transition, dividing (some are Cd8+/ Cd4+, some undergoing VDJ recombination)	facs	24_59_M	661190.0	2185.0	male	Flowthrough	Thymus	nan	21	23
P20_B002949_S152_L002			24	P20_B002949_S152_L002	24_59_M	Marrow	False	1	False	P20_B002949_S152_L002.mus-5-0-1	exact_library_id_plus_documented_alignment_suffix	P20_B002949_S152_L002.mus-5-0-1-1	one_assay_suffix	24m	1	nan	mature alpha-beta T cell	nan	BM CD8 + CD4 T cell	facs	24_59_M	783015.0	1321.0	male	T-cells	Marrow	nan	4	9
P21_B000848_S57_L003			24	P21_B000848_S57_L003	24_60_M	Spleen	False	1	False	P21_B000848_S57_L003.mus-5-0-1	exact_library_id_plus_documented_alignment_suffix	P21_B000848_S57_L003.mus-5-0-1-1	one_assay_suffix	24m	1	nan	CD4-positive, alpha-beta T cell	nan	Cd3e T cell	facs	24_60_M	47643.0	1256.0	male	nan	Spleen	nan	4	5
P21_B001397_S249_L001			24	P21_B001397_S249_L001	24_59_M	Thymus	False	1	False	P21_B001397_S249_L001.mus-5-0-1	exact_library_id_plus_documented_alignment_suffix	P21_B001397_S249_L001.mus-5-0-1-1	one_assay_suffix	24m	1	nan	thymocyte	nan	DN to DP transition (most are Cd8+/ Cd4+, some undergoing VDJ recombination)	facs	24_59_M	304376.0	1156.0	male	Flowthrough	Thymus	nan	21	23
P21_B002875_S249_L001			24	P21_B002875_S249_L001	24_59_M	Lung	False	1	False	P21_B002875_S249_L001.mus-2-0-1	exact_library_id_plus_documented_alignment_suffix	P21_B002875_S249_L001.mus-2-0-1-1	one_assay_suffix	24m	1	nan	CD8-positive, alpha-beta T cell	nan	CD8+ T	facs	24_59_M	783603.0	1229.0	male	EPCAM	Lung	nan	4	9
P21_B002881_S165_L001			24	P21_B002881_S165_L001	24_59_M	Trachea	False	1	False	P21_B002881_S165_L001.mus-2-0-1	exact_library_id_plus_documented_alignment_suffix	P21_B002881_S165_L001.mus-2-0-1-1	one_assay_suffix	24m	1	nan	T cell	nan	nan	facs	24_59_M	711578.0	1187.0	male	nan	Trachea	nan	4	21
P22_B001261_S58_L003	0.0	10.0	24	P22_B001261_S58_L003	24_59_M	Kidney	True	10	True	P22_B001261_S58_L003.mus-2-0-1	exact_library_id_plus_documented_alignment_suffix	P22_B001261_S58_L003.mus-2-0-1-1	one_assay_suffix	24m	1	nan	T cell	nan	T cell	facs	24_59_M	475317.0	1138.0	male	nan	Kidney	nan	4	9
P22_B001277_S382_L002			24	P22_B001277_S382_L002	24_61_M	Thymus	False	1	False	P22_B001277_S382_L002.mus-6-0-1	exact_library_id_plus_documented_alignment_suffix	P22_B001277_S382_L002.mus-6-0-1-1	one_assay_suffix	24m	1	nan	thymocyte	nan	proliferating thymocyte; DN to DP transition, dividing (some are Cd8+/ Cd4+, some undergoing VDJ recombination)	facs	24_61_M	1838170.0	3464.0	male	Flowthrough	Thymus	nan	21	23
P22_B001385_S154_L003			24	P22_B001385_S154_L003	24_58_M	Thymus	False	1	False	P22_B001385_S154_L003.mus-4-0-1	exact_library_id_plus_documented_alignment_suffix	P22_B001385_S154_L003.mus-4-0-1-1	one_assay_suffix	24m	1	nan	DN4 thymocyte	nan	DN4 thymocyte	facs	24_58_M	3707226.0	766.0	male	Flowthrough	Thymus	nan	21	23
P22_B001386_S22_L003			24	P22_B001386_S22_L003	24_58_M	Liver	False	1	False	P22_B001386_S22_L003.mus-2-0-1	exact_library_id_plus_documented_alignment_suffix	P22_B001386_S22_L003.mus-2-0-1-1	one_assay_suffix	24m	1	nan	T cell	nan	nan	facs	24_58_M	6067449.0	1761.0	male	Non-hepatocytes	Liver	nan	4	9
P22_B001397_S250_L001			24	P22_B001397_S250_L001	24_59_M	Thymus	False	1	False	P22_B001397_S250_L001.mus-5-0-1	exact_library_id_plus_documented_alignment_suffix	P22_B001397_S250_L001.mus-5-0-1-1	one_assay_suffix	24m	1	nan	thymocyte	nan	proliferating thymocyte; DN to DP transition, dividing (some are Cd8+/ Cd4+, some undergoing VDJ recombination)	facs	24_59_M	1398510.0	3191.0	male	Flowthrough	Thymus	nan	16	23
P22_B002982_S94_L004			24	P22_B002982_S94_L004	24_60_M	Lung	False	1	False	P22_B002982_S94_L004.mus-0-0-1	exact_library_id_plus_documented_alignment_suffix	P22_B002982_S94_L004.mus-0-0-1-1	one_assay_suffix	24m	1	nan	T cell	nan	Ly6g5b+ T	facs	24_60_M	273393.0	1081.0	male	Endomucin	Lung	nan	6	5
P22_B003234_S142_L004			24	P22_B003234_S142_L004	24_60_M	Lung	False	1	False	P22_B003234_S142_L004.mus-5-0-1	exact_library_id_plus_documented_alignment_suffix	P22_B003234_S142_L004.mus-5-0-1-1	one_assay_suffix	24m	1	nan	CD8-positive, alpha-beta T cell	nan	CD8+ T	facs	24_60_M	465723.0	1271.0	male	EPCAM	Lung	nan	4	9
P2_B000830_S362_L004			24	P2_B000830_S362_L004	24_60_M	Thymus	False	1	False	P2_B000830_S362_L004.mus-8-0-1	exact_library_id_plus_documented_alignment_suffix	P2_B000830_S362_L004.mus-8-0-1-1	one_assay_suffix	24m	1	nan	DN4 thymocyte	nan	DN4 thymocyte	facs	24_60_M	32948.0	893.0	male	Flowthrough	Thymus	nan	6	5
P2_B001263_S230			24	P2_B001263_S230	24_58_M	Spleen	False	1	False	P2_B001263_S230.mus-7-0-1	exact_library_id_plus_documented_alignment_suffix	P2_B001263_S230.mus-7-0-1-1	one_assay_suffix	24m	1	nan	CD4-positive, alpha-beta T cell	nan	Cd3e T cell	facs	24_58_M	264507.0	939.0	male	nan	Spleen	nan	6	5
P2_B001277_S362_L002	68.0	2.0	24	P2_B001277_S362_L002	24_61_M	Thymus	True	2	True	P2_B001277_S362_L002.mus-6-0-1	exact_library_id_plus_documented_alignment_suffix	P2_B001277_S362_L002.mus-6-0-1-1	one_assay_suffix	24m	1	nan	DN4 thymocyte	nan	DN4 thymocyte	facs	24_61_M	572648.0	1132.0	male	Flowthrough	Thymus	nan	4	21
P2_B001397_S230_L001			24	P2_B001397_S230_L001	24_59_M	Thymus	False	1	False	P2_B001397_S230_L001.mus-5-0-1	exact_library_id_plus_documented_alignment_suffix	P2_B001397_S230_L001.mus-5-0-1-1	one_assay_suffix	24m	1	nan	DN4 thymocyte	nan	DN4 thymocyte	facs	24_59_M	374825.0	1334.0	male	Flowthrough	Thymus	nan	4	5
P2_B002327_S38_L003			24	P2_B002327_S38_L003	24_59_M	Marrow	False	1	False	P2_B002327_S38_L003.mus-0-0-1	exact_library_id_plus_documented_alignment_suffix	P2_B002327_S38_L003.mus-0-0-1-1	one_assay_suffix	24m	1	nan	macrophage	nan	CD4+ macrophage	facs	24_59_M	1628347.0	2396.0	male	B-cells	Marrow	nan	4	17
P3_B001380_S63_L001	65.0	2.0	24	P3_B001380_S63_L001	24_58_M	Bladder	True	2	True	P3_B001380_S63_L001.mus-4-0-1	exact_library_id_plus_documented_alignment_suffix		unmatched																
P3_B001385_S135_L003			24	P3_B001385_S135_L003	24_58_M	Thymus	False	1	False	P3_B001385_S135_L003.mus-4-0-1	exact_library_id_plus_documented_alignment_suffix	P3_B001385_S135_L003.mus-4-0-1-1	one_assay_suffix	24m	1	nan	DN4 thymocyte	nan	DN4 thymocyte	facs	24_58_M	861219.0	2275.0	male	Flowthrough	Thymus	nan	6	5
P3_B001397_S231_L001			24	P3_B001397_S231_L001	24_59_M	Thymus	False	1	False	P3_B001397_S231_L001.mus-5-0-1	exact_library_id_plus_documented_alignment_suffix	P3_B001397_S231_L001.mus-5-0-1-1	one_assay_suffix	24m	1	nan	DN4 thymocyte	nan	DN4 thymocyte	facs	24_59_M	480876.0	1189.0	male	Flowthrough	Thymus	nan	6	5
P3_B003031_S159_L004			24	P3_B003031_S159_L004	24_60_M	Marrow	False	1	False	P3_B003031_S159_L004.mus-5-0-1	exact_library_id_plus_documented_alignment_suffix	P3_B003031_S159_L004.mus-5-0-1-1	one_assay_suffix	24m	1	nan	mature alpha-beta T cell	nan	BM CD8 + CD4 T cell	facs	24_60_M	2232440.0	1969.0	male	T-cells	Marrow	nan	4	9
P4_B000830_S364_L004			24	P4_B000830_S364_L004	24_60_M	Thymus	False	1	False	P4_B000830_S364_L004.mus-8-0-1	exact_library_id_plus_documented_alignment_suffix	P4_B000830_S364_L004.mus-8-0-1-1	one_assay_suffix	24m	1	nan	DN4 thymocyte	nan	DN4 thymocyte	facs	24_60_M	415032.0	2455.0	male	Flowthrough	Thymus	nan	4	48
P4_B001185_S100_L001			24	P4_B001185_S100_L001	24_59_M	Skin	False	1	False	P4_B001185_S100_L001.mus-2-0-1	exact_library_id_plus_documented_alignment_suffix	P4_B001185_S100_L001.mus-2-0-1-1	one_assay_suffix	24m	1	nan	T cell	nan	nan	facs	24_59_M	1454391.0	2202.0	male	nan	Skin	nan	18	19
P4_B001243_S268_L002	24.0	34.0	24	P4_B001243_S268_L002	24_59_M	Liver	True	34	True	P4_B001243_S268_L002.mus-2-0-1	exact_library_id_plus_documented_alignment_suffix	P4_B001243_S268_L002.mus-2-0-1-1	one_assay_suffix	24m	1	nan	CD8-positive, alpha-beta T cell	nan	nan	facs	24_59_M	169858.0	1090.0	male	Non-hepatocytes	Liver	nan	4	9
P4_B001397_S232_L001			24	P4_B001397_S232_L001	24_59_M	Thymus	False	1	False	P4_B001397_S232_L001.mus-5-0-1	exact_library_id_plus_documented_alignment_suffix	P4_B001397_S232_L001.mus-5-0-1-1	one_assay_suffix	24m	1	nan	DN4 thymocyte	nan	DN4 thymocyte	facs	24_59_M	211151.0	1220.0	male	Flowthrough	Thymus	nan	6	5
P4_B002493_S64_L001			24	P4_B002493_S64_L001	24_59_M	Diaphragm	False	1	False	P4_B002493_S64_L001.mus-2-0-1	exact_library_id_plus_documented_alignment_suffix	P4_B002493_S64_L001.mus-2-0-1-1	one_assay_suffix	24m	1	nan	T cell	nan	nan	facs	24_59_M	115317.0	1189.0	male	Limb_Muscle	Diaphragm	nan	4	21
P4_B003031_S160_L004			24	P4_B003031_S160_L004	24_60_M	Marrow	False	1	False	P4_B003031_S160_L004.mus-5-0-1	exact_library_id_plus_documented_alignment_suffix	P4_B003031_S160_L004.mus-5-0-1-1	one_assay_suffix	24m	1	nan	promonocyte	nan	monocyte + promonocyte	facs	24_60_M	105491.0	1310.0	male	T-cells	Marrow	nan	2	4
P4_B003863_S364_L003			24	P4_B003863_S364_L003	24_61_M	Limb_Muscle	False	1	False	P4_B003863_S364_L003.mus-6-0-1	exact_library_id_plus_documented_alignment_suffix	P4_B003863_S364_L003.mus-6-0-1-1	one_assay_suffix	24m	1	nan	T cell	nan	nan	facs	24_61_M	924425.0	1116.0	male	ForelimbandHindlimb	Limb_Muscle	nan	6	5
P5_B000830_S365_L004			24	P5_B000830_S365_L004	24_60_M	Thymus	False	1	False	P5_B000830_S365_L004.mus-8-0-1	exact_library_id_plus_documented_alignment_suffix	P5_B000830_S365_L004.mus-8-0-1-1	one_assay_suffix	24m	1	nan	DN4 thymocyte	nan	DN4 thymocyte	facs	24_60_M	751030.0	1703.0	male	Flowthrough	Thymus	nan	4	9
P5_B001242_S257			24	P5_B001242_S257	24_58_M	Liver	False	1	False	P5_B001242_S257.mus-7-0-1	exact_library_id_plus_documented_alignment_suffix	P5_B001242_S257.mus-7-0-1-1	one_assay_suffix	24m	1	nan	mature NK T cell	nan	nan	facs	24_58_M	1117036.0	1238.0	male	Non-hepatocytes	Liver	nan	4	9
P5_B001277_S365_L002			24	P5_B001277_S365_L002	24_61_M	Thymus	False	1	False	P5_B001277_S365_L002.mus-6-0-1	exact_library_id_plus_documented_alignment_suffix	P5_B001277_S365_L002.mus-6-0-1-1	one_assay_suffix	24m	1	nan	DN4 thymocyte	nan	DN4 thymocyte	facs	24_61_M	1212004.0	1769.0	male	Flowthrough	Thymus	nan	6	5
P5_B001385_S137_L003			24	P5_B001385_S137_L003	24_58_M	Thymus	False	1	False	P5_B001385_S137_L003.mus-4-0-1	exact_library_id_plus_documented_alignment_suffix	P5_B001385_S137_L003.mus-4-0-1-1	one_assay_suffix	24m	1	nan	DN4 thymocyte	nan	DN4 thymocyte	facs	24_58_M	1272774.0	2087.0	male	Flowthrough	Thymus	nan	6	5
P5_B002949_S137_L002	5.0	2.0	24	P5_B002949_S137_L002	24_59_M	Marrow	True	2	True	P5_B002949_S137_L002.mus-5-0-1	exact_library_id_plus_documented_alignment_suffix	P5_B002949_S137_L002.mus-5-0-1-1	one_assay_suffix	24m	1	nan	CD4-positive, alpha-beta T cell	nan	BM CD4 T cell	facs	24_59_M	1249962.0	1906.0	male	T-cells	Marrow	nan	4	48
P5_B002992_S365_L003			24	P5_B002992_S365_L003	24_61_M	Marrow	False	1	False	P5_B002992_S365_L003.mus-8-0-1	exact_library_id_plus_documented_alignment_suffix	P5_B002992_S365_L003.mus-8-0-1-1	one_assay_suffix	24m	1	nan	NK cell	nan	Klrb1a/b/c(-) NK cell	facs	24_61_M	227447.0	1451.0	male	T-cells	Marrow	nan	11	7
P5_B003863_S365_L003			24	P5_B003863_S365_L003	24_61_M	Limb_Muscle	False	1	False	P5_B003863_S365_L003.mus-6-0-1	exact_library_id_plus_documented_alignment_suffix	P5_B003863_S365_L003.mus-6-0-1-1	one_assay_suffix	24m	1	nan	T cell	nan	nan	facs	24_61_M	1616022.0	916.0	male	ForelimbandHindlimb	Limb_Muscle	nan	4	9
P5_B003902_S185_L002	82.0	3.0	24	P5_B003902_S185_L002	24_59_M	Liver	True	3	True	P5_B003902_S185_L002.mus-2-0-1	exact_library_id_plus_documented_alignment_suffix	P5_B003902_S185_L002.mus-2-0-1-1	one_assay_suffix	24m	1	nan	CD8-positive, alpha-beta T cell	nan	nan	facs	24_59_M	909099.0	895.0	male	Non-hepatocytes	Liver	nan	4	9
P6_B000848_S42_L003	59.0	3.0	24	P6_B000848_S42_L003	24_60_M	Spleen	True	3	True	P6_B000848_S42_L003.mus-5-0-1	exact_library_id_plus_documented_alignment_suffix	P6_B000848_S42_L003.mus-5-0-1-1	one_assay_suffix	24m	1	nan	CD4-positive, alpha-beta T cell	nan	Cd3e T cell	facs	24_60_M	116894.0	1296.0	male	nan	Spleen	nan	4	21
P6_B002992_S366_L003			24	P6_B002992_S366_L003	24_61_M	Marrow	False	1	False	P6_B002992_S366_L003.mus-8-0-1	exact_library_id_plus_documented_alignment_suffix	P6_B002992_S366_L003.mus-8-0-1-1	one_assay_suffix	24m	1	nan	mature alpha-beta T cell	nan	BM CD8 + CD4 T cell	facs	24_61_M	198198.0	873.0	male	T-cells	Marrow	nan	4	9
P6_B003863_S366_L003			24	P6_B003863_S366_L003	24_61_M	Limb_Muscle	False	1	False	P6_B003863_S366_L003.mus-6-0-1	exact_library_id_plus_documented_alignment_suffix	P6_B003863_S366_L003.mus-6-0-1-1	one_assay_suffix	24m	1	nan	T cell	nan	nan	facs	24_61_M	2695864.0	3867.0	male	ForelimbandHindlimb	Limb_Muscle	nan	4	21
P6_B003902_S186_L002	25.0	6.0	24	P6_B003902_S186_L002	24_59_M	Liver	True	6	True	P6_B003902_S186_L002.mus-2-0-1	exact_library_id_plus_documented_alignment_suffix	P6_B003902_S186_L002.mus-2-0-1-1	one_assay_suffix	24m	1	nan	T cell	nan	nan	facs	24_59_M	327944.0	1044.0	male	Non-hepatocytes	Liver	nan	4	9
P7_B000830_S367_L004			24	P7_B000830_S367_L004	24_60_M	Thymus	False	1	False	P7_B000830_S367_L004.mus-8-0-1	exact_library_id_plus_documented_alignment_suffix	P7_B000830_S367_L004.mus-8-0-1-1	one_assay_suffix	24m	1	nan	DN4 thymocyte	nan	DN4 thymocyte	facs	24_60_M	3245377.0	1877.0	male	Flowthrough	Thymus	nan	4	9
P7_B000851_S367_L004			24	P7_B000851_S367_L004	24_61_M	Spleen	False	1	False	P7_B000851_S367_L004.mus-6-0-1	exact_library_id_plus_documented_alignment_suffix	P7_B000851_S367_L004.mus-6-0-1-1	one_assay_suffix	24m	1	nan	CD8-positive, alpha-beta T cell	nan	nan	facs	24_61_M	3067571.0	2073.0	male	nan	Spleen	nan	4	9
P7_B001243_S271_L002	24.0	34.0	24	P7_B001243_S271_L002	24_59_M	Liver	True	34	True	P7_B001243_S271_L002.mus-2-0-1	exact_library_id_plus_documented_alignment_suffix	P7_B001243_S271_L002.mus-2-0-1-1	one_assay_suffix	24m	1	nan	CD8-positive, alpha-beta T cell	nan	nan	facs	24_59_M	3637371.0	1834.0	male	Non-hepatocytes	Liver	nan	4	9
P7_B001261_S43_L003	35.0	5.0	24	P7_B001261_S43_L003	24_59_M	Kidney	True	5	True	P7_B001261_S43_L003.mus-2-0-1	exact_library_id_plus_documented_alignment_suffix	P7_B001261_S43_L003.mus-2-0-1-1	one_assay_suffix	24m	1	nan	T cell	nan	T cell	facs	24_59_M	400664.0	1165.0	male	nan	Kidney	nan	4	9
P7_B001263_S235			24	P7_B001263_S235	24_58_M	Spleen	False	1	False	P7_B001263_S235.mus-7-0-1	exact_library_id_plus_documented_alignment_suffix	P7_B001263_S235.mus-7-0-1-1	one_assay_suffix	24m	1	nan	CD8-positive, alpha-beta T cell	nan	nan	facs	24_58_M	270801.0	821.0	male	nan	Spleen	nan	4	9
P7_B001277_S367_L002			24	P7_B001277_S367_L002	24_61_M	Thymus	False	1	False	P7_B001277_S367_L002.mus-6-0-1	exact_library_id_plus_documented_alignment_suffix	P7_B001277_S367_L002.mus-6-0-1-1	one_assay_suffix	24m	1	nan	DN4 thymocyte	nan	DN4 thymocyte	facs	24_61_M	575273.0	1115.0	male	Flowthrough	Thymus	nan	4	21
P7_B001385_S139_L003			24	P7_B001385_S139_L003	24_58_M	Thymus	False	1	False	P7_B001385_S139_L003.mus-4-0-1	exact_library_id_plus_documented_alignment_suffix	P7_B001385_S139_L003.mus-4-0-1-1	one_assay_suffix	24m	1	nan	DN4 thymocyte	nan	DN4 thymocyte	facs	24_58_M	1122524.0	2647.0	male	Flowthrough	Thymus	nan	4	9
P7_B001397_S235_L001			24	P7_B001397_S235_L001	24_59_M	Thymus	False	1	False	P7_B001397_S235_L001.mus-5-0-1	exact_library_id_plus_documented_alignment_suffix	P7_B001397_S235_L001.mus-5-0-1-1	one_assay_suffix	24m	1	nan	DN4 thymocyte	nan	DN4 thymocyte	facs	24_59_M	380203.0	1494.0	male	Flowthrough	Thymus	nan	6	5
P7_B001615_S103_L001			24	P7_B001615_S103_L001	24_60_M	Brain_Non-Myeloid	False	1	False	P7_B001615_S103_L001.mus-0-0-1	exact_library_id_plus_documented_alignment_suffix	P7_B001615_S103_L001.mus-0-0-1-1	one_assay_suffix	24m	1	nan	T cell	nan	nan	facs	24_60_M	388203.0	686.0	male	Cortex	Brain_Non-Myeloid	nan	6	5
P7_B002875_S235_L001			24	P7_B002875_S235_L001	24_59_M	Lung	False	1	False	P7_B002875_S235_L001.mus-2-0-1	exact_library_id_plus_documented_alignment_suffix	P7_B002875_S235_L001.mus-2-0-1-1	one_assay_suffix	24m	1	nan	regulatory T cell	nan	Regulatory T	facs	24_59_M	374333.0	916.0	male	EPCAM	Lung	nan	4	21
P7_B003847_S367_L003			24	P7_B003847_S367_L003	24_60_M	Limb_Muscle	False	1	False	P7_B003847_S367_L003.mus-6-0-1	exact_library_id_plus_documented_alignment_suffix	P7_B003847_S367_L003.mus-6-0-1-1	one_assay_suffix	24m	1	nan	T cell	nan	nan	facs	24_60_M	6564765.0	2731.0	male	ForelimbandHindlimb	Limb_Muscle	nan	4	21
P7_B003863_S367_L003	89.0	2.0	24	P7_B003863_S367_L003	24_61_M	Limb_Muscle	True	2	True	P7_B003863_S367_L003.mus-6-0-1	exact_library_id_plus_documented_alignment_suffix	P7_B003863_S367_L003.mus-6-0-1-1	one_assay_suffix	24m	1	nan	T cell	nan	nan	facs	24_61_M	2154370.0	1412.0	male	ForelimbandHindlimb	Limb_Muscle	nan	4	9
P8_B000322_S368_L004			24	P8_B000322_S368_L004	24_61_M	SCAT	False	1	False	P8_B000322_S368_L004.mus-8-0-1	exact_library_id_plus_documented_alignment_suffix	P8_B000322_S368_L004.mus-8-0-1-1	one_assay_suffix	24m	1	nan	CD8-positive, alpha-beta T cell	nan	nan	facs	24_61_M	872893.0	1991.0	male	Fat	SCAT	nan	4	9
P8_B000830_S368_L004			24	P8_B000830_S368_L004	24_60_M	Thymus	False	1	False	P8_B000830_S368_L004.mus-8-0-1	exact_library_id_plus_documented_alignment_suffix	P8_B000830_S368_L004.mus-8-0-1-1	one_assay_suffix	24m	1	nan	DN4 thymocyte	nan	DN4 thymocyte	facs	24_60_M	5117279.0	1983.0	male	Flowthrough	Thymus	nan	6	5
P8_B001265_S56_L002			24	P8_B001265_S56_L002	24_59_M	Spleen	False	1	False	P8_B001265_S56_L002.mus-2-0-1	exact_library_id_plus_documented_alignment_suffix	P8_B001265_S56_L002.mus-2-0-1-1	one_assay_suffix	24m	1	nan	CD4-positive, alpha-beta T cell	nan	Cd3e T cell	facs	24_59_M	934504.0	1277.0	male	nan	Spleen	nan	4	21
P8_B001277_S368_L002			24	P8_B001277_S368_L002	24_61_M	Thymus	False	1	False	P8_B001277_S368_L002.mus-6-0-1	exact_library_id_plus_documented_alignment_suffix	P8_B001277_S368_L002.mus-6-0-1-1	one_assay_suffix	24m	1	nan	DN4 thymocyte	nan	DN4 thymocyte	facs	24_61_M	882564.0	1799.0	male	Flowthrough	Thymus	nan	6	5
P8_B001397_S236_L001			24	P8_B001397_S236_L001	24_59_M	Thymus	False	1	False	P8_B001397_S236_L001.mus-5-0-1	exact_library_id_plus_documented_alignment_suffix	P8_B001397_S236_L001.mus-5-0-1-1	one_assay_suffix	24m	1	nan	DN4 thymocyte	nan	DN4 thymocyte	facs	24_59_M	467387.0	1581.0	male	Flowthrough	Thymus	nan	6	5
P8_B002327_S44_L003	50.0	3.0	24	P8_B002327_S44_L003	24_59_M	Marrow	True	3	True	P8_B002327_S44_L003.mus-0-0-1	exact_library_id_plus_documented_alignment_suffix	P8_B002327_S44_L003.mus-0-0-1-1	one_assay_suffix	24m	1	nan	CD4-positive, alpha-beta T cell	nan	BM CD4 T cell	facs	24_59_M	487184.0	1354.0	male	B-cells	Marrow	nan	4	21
P8_B003031_S164_L004	13.0	2.0	24	P8_B003031_S164_L004	24_60_M	Marrow	True	2	True	P8_B003031_S164_L004.mus-5-0-1	exact_library_id_plus_documented_alignment_suffix	P8_B003031_S164_L004.mus-5-0-1-1	one_assay_suffix	24m	1	nan	CD4-positive, alpha-beta T cell	nan	BM CD4 T cell	facs	24_60_M	428375.0	1477.0	male	T-cells	Marrow	nan	4	21
P8_B003863_S368_L003			24	P8_B003863_S368_L003	24_61_M	Limb_Muscle	False	1	False	P8_B003863_S368_L003.mus-6-0-1	exact_library_id_plus_documented_alignment_suffix	P8_B003863_S368_L003.mus-6-0-1-1	one_assay_suffix	24m	1	nan	T cell	nan	nan	facs	24_61_M	992290.0	758.0	male	ForelimbandHindlimb	Limb_Muscle	nan	4	21
P8_B003902_S188_L002	24.0	34.0	24	P8_B003902_S188_L002	24_59_M	Liver	True	34	True	P8_B003902_S188_L002.mus-2-0-1	exact_library_id_plus_documented_alignment_suffix	P8_B003902_S188_L002.mus-2-0-1-1	one_assay_suffix	24m	1	nan	CD8-positive, alpha-beta T cell	nan	nan	facs	24_59_M	165348.0	1370.0	male	Non-hepatocytes	Liver	nan	4	9
P9_B000830_S369_L004			24	P9_B000830_S369_L004	24_60_M	Thymus	False	1	False	P9_B000830_S369_L004.mus-8-0-1	exact_library_id_plus_documented_alignment_suffix	P9_B000830_S369_L004.mus-8-0-1-1	one_assay_suffix	24m	1	nan	DN4 thymocyte	nan	DN4 thymocyte	facs	24_60_M	7485701.0	2280.0	male	Flowthrough	Thymus	nan	4	21
P9_B001385_S141_L003			24	P9_B001385_S141_L003	24_58_M	Thymus	False	1	False	P9_B001385_S141_L003.mus-4-0-1	exact_library_id_plus_documented_alignment_suffix	P9_B001385_S141_L003.mus-4-0-1-1	one_assay_suffix	24m	1	nan	DN4 thymocyte	nan	DN4 thymocyte	facs	24_58_M	865602.0	1453.0	male	Flowthrough	Thymus	nan	6	5
P9_B002881_S153_L001	88.0	2.0	24	P9_B002881_S153_L001	24_59_M	Trachea	True	2	True	P9_B002881_S153_L001.mus-2-0-1	exact_library_id_plus_documented_alignment_suffix		unmatched																
P9_B002892_S93	69.0	2.0	24	P9_B002892_S93	24_58_M	Marrow	True	2	True	P9_B002892_S93.mus-7-0-1	exact_library_id_plus_documented_alignment_suffix	P9_B002892_S93.mus-7-0-1-1	one_assay_suffix	24m	1	nan	NK cell	nan	NK cell	facs	24_58_M	336240.0	837.0	male	T-cells	Marrow	nan	4	9
P9_B002898_S153			24	P9_B002898_S153	24_58_M	GAT	False	1	False	P9_B002898_S153.mus-7-0-1	exact_library_id_plus_documented_alignment_suffix	P9_B002898_S153.mus-7-0-1-1	one_assay_suffix	24m	1	nan	CD4-positive, alpha-beta T cell	nan	nan	facs	24_58_M	436711.0	866.0	male	Fat	GAT	nan	4	21
P9_B003031_S165_L004			24	P9_B003031_S165_L004	24_60_M	Marrow	False	1	False	P9_B003031_S165_L004.mus-5-0-1	exact_library_id_plus_documented_alignment_suffix	P9_B003031_S165_L004.mus-5-0-1-1	one_assay_suffix	24m	1	nan	mature alpha-beta T cell	nan	BM CD8 + CD4 T cell	facs	24_60_M	333455.0	1207.0	male	T-cells	Marrow	nan	6	5
